5522229
5880729
5587777
3388611
0333611
4466611
4449999

4455889
4450389
2455388
2222336
0777736
1117666
1119999

1116669
1110269
8222267
8883557
0483577
4433557
4439999

7777639
4470639
4466633
4822223
0888525
1118555
1119999

7444639
7440639
7766633
7822223
0888525
1118555
1119999

7556669
7750369
7558362
7888332
0844432
1114422
1119999

7222239
7250539
7755533
7866643
0888644
1118644
1119999

7777449
3870449
3888422
3358562
0355562
1116662
1119999

8855569
3850569
3886667
3311177
0311127
4422227
4449999

2444889
2440839
2558837
2256337
0556377
1116667
1119999

2444889
2440389
2557388
2257336
0557736
1117666
1119999

7556669
7750369
7558362
7888332
0811132
4411122
4449999

2666889
2650589
2655588
2277774
0333744
1113344
1119999

2222889
2440879
4448877
5511176
0511176
5533666
3339999

6665539
6880539
6875533
8871113
0771112
4472222
4449999

4777739
4470839
4488833
5581113
0561112
5562222
6669999

7445539
7440539
7745533
7881113
0861112
8862222
6669999

7777889
5750689
5552688
2222666
0333444
1113344
1119999

8855569
3850569
3886667
3322227
0324477
1114447
1119999

5522229
5880729
5587777
3388666
0333446
1114446
1119999

1122889
1120839
1128833
5524443
0564473
5567777
6669999

1122889
1120879
1128877
5524476
0544476
5533666
3339999

7777889
1170869
1138862
1136662
0334442
5354422
5559999

1122889
1120389
1123388
5523444
0563744
5567777
6669999

4488239
4480239
4887233
5577223
0567111
5567111
6669999

7777889
1170689
1132688
1132666
0332444
5352244
5559999

2233379
2330879
2688877
2685574
0666544
1115544
1119999

2245579
2440579
2445577
2833376
0888336
1118666
1119999

2255889
2650789
2655788
2666774
0333744
1113344
1119999

1177779
1180749
1188844
5533844
0563332
5562222
6669999

2234449
2330449
2388666
2385556
0885756
1117777
1119999

2234449
2330449
2388557
2386577
0886557
1116667
1119999

1177779
1130749
1138844
5533844
0563882
5562222
6669999

6665539
6880539
6825533
8822223
0777744
1117444
1119999

1177779
1120789
1128884
5528644
0522644
5533666
3339999

2222889
2440689
3447688
3347666
0377111
5357111
5559999

1155569
1150569
1186667
3388877
0333827
4422227
4449999

4422229
4470829
3477888
3376668
0376111
5356111
5559999

1122229
1120839
1188833
5584443
0564473
5567777
6669999

1122229
1120879
1188877
5584476
0544476
5533666
3339999

4422889
4420689
3427688
3327666
0377111
5357111
5559999

1122229
1130729
1137777
5533884
0563844
5568844
6669999

7222239
7250539
7755533
7881143
0861144
8861144
6669999

