7777889
5750389
5553388
1113666
1113026
4422226
4449999

1114449
1110449
2222666
3332886
5533086
5777788
5579999

4466639
4440639
1118633
1118883
7777082
5752222
5559999

7777889
5750389
5552388
1112336
1112036
4422666
4449999

1112239
1110239
8666233
8886243
5586044
5777744
5579999

3884449
3380449
6388755
6377775
6662055
1112222
1119999

8855569
7850569
7886664
7733344
7332044
1112222
1119999

7777449
8870449
6833455
6883335
6662055
1112222
1119999

8222269
8880269
4486667
4433377
4335057
1115557
1119999

1114449
1110449
8666322
8886332
5586032
5777732
5579999

6665529
6880529
6485527
4488227
4433077
1113337
1119999

5533329
5330829
5588827
4486227
4446077
1116667
1119999

5556669
5750369
7777362
4488332
4448032
1118822
1119999

7777889
4470389
4422388
5452336
5552036
1112666
1119999

7777449
8870449
6833422
6883332
6665052
1115552
1119999

3884449
3380449
6388722
6377772
6665052
1115552
1119999

2222889
2450589
4455588
4433311
6337011
6777711
6669999

4466639
4440639
5558633
5758883
7777082
1112222
1119999

2666449
2680449
2688847
2233877
3335057
1115557
1119999

7777889
5750489
5554488
3334411
6233011
6222211
6669999

5554449
5750449
7777666
2222886
2333086
1113388
1119999

7777889
5570389
5444388
5544336
2222036
1112666
1119999

4455889
4450389
4755388
7777336
2222036
1112666
1119999

1122449
1120449
1125457
8825557
6833077
6883337
6669999

1122889
1120869
1128867
4426667
4433077
5453337
5559999

1122889
1120389
1127388
4427336
4477036
5457666
5559999

1155529
1150529
1133327
8336227
8886077
4486667
4449999

1155529
1150529
1144427
8844227
6833077
6883337
6669999

7777639
1170639
1166633
1185553
8885052
8442222
4449999

1155539
1150539
1186337
8886377
8666027
4422227
4449999

1155569
1150569
1186667
8883377
8333027
4422227
4449999

1155449
1150449
1155427
8822227
6833077
6883337
6669999

4777739
4470839
4488833
1185553
1165052
1162222
6669999

1155569
1150569
1186667
8883337
8433077
4422227
4429999

5554449
5750449
7777322
1188332
1168032
1168832
6669999

1122229
1120559
1133357
8336557
8886077
4486667
4449999

5552239
5750239
7777233
1188243
1168044
1168844
6669999

1122229
1120559
1144457
8844557
6833077
6883337
6669999

1122229
1120869
1188867
4486667
4433077
5453337
5559999

1166649
1160449
1168442
3338882
5533082
5777722
5579999

7777119
3370119
8333112
8882222
6585044
6555444
6669999

2222889
2110689
3117688
3117666
3377044
5357444
5559999

7777889
5750389
5552388
2222336
1144036
1144666
1149999

7777119
5750119
5558112
6668882
6333082
6443322
4449999

6444119
6440119
6668112
3338882
5533082
5777722
5579999

5556669
5450869
4488867
4483337
1133077
1122227
1129999

6662239
6880239
6811233
8811243
5511044
5777744
5579999

6664449
6880449
6811322
8811332
5511032
5777732
5579999

2234449
2330449
2311666
2311886
5511086
5777788
5579999

4455229
4450279
8455277
8883276
1183076
1133666
1139999

