4422229
4440729
1117777
1118055
6888335
6833355
6669999

1114449
1110449
2777788
2575086
2555886
2233666
3339999

7777889
5750389
5553388
4443011
6443211
6222211
6669999

1114449
1110449
6662222
6882055
6877775
8833755
3339999

1114449
1110449
6665552
6885052
6877772
8833722
3339999

1114449
1110449
8777732
8887032
6585332
6555322
6669999

1115579
1110579
3335577
2233074
2666844
2688844
2689999

4422889
4420389
4723388
7723011
6753511
6755511
6669999

8855569
3850569
3886667
3322077
4321117
4421117
4429999

7554449
7750449
7553388
7333086
2222886
1112666
1119999

7777639
1170639
1166633
1185053
8885552
8442222
4449999

4777739
4470839
4488833
1185053
1165552
1162222
6669999

7777889
5750849
5558844
1133044
1163332
1162222
6669999

1155579
1150579
1186772
8886072
8336662
4433322
4449999

1155579
1150579
1186772
8886072
8666332
4433322
4449999

2222449
2110449
3117488
3117086
3377886
5357666
5559999

