4477779
4440739
1115533
1115883
6205583
6222288
6669999

5554449
5750449
7777666
2388611
2308611
2338811
2239999

1114449
1110449
2222666
2333886
5503386
5777788
5579999

1116669
1110369
4488362
4448332
5508832
5777722
5579999

1115529
1110529
3335527
8833227
6804477
6884447
6669999

5533379
5330779
5511172
8811172
6804442
6884422
6669999

1114449
1110449
3337777
8833575
6802555
6882222
6669999

4455539
4450539
4777733
8871113
6801112
6882222
6669999

4475539
4470539
4775533
8871113
6801112
6882222
6669999

6665539
8860539
7865533
7881113
7701112
7442222
4449999

5554449
5750449
7777111
8833111
6803332
6882222
6669999

2222449
2380449
3388847
3666877
3601117
5651117
5559999

7777449
8870449
3822411
3882611
3302611
5352666
5559999

2222449
2680449
3688847
3666877
3301117
5351117
5559999

1155579
1150579
1138877
2233876
2403886
2443666
2449999

1122889
1120389
1127388
4427336
4407736
5457666
5559999

1122889
1120839
1128837
4426337
4406377
5456667
5559999

4455889
4450689
4755688
2773666
2703111
2733111
2239999

7777889
1170839
1128833
1122223
6505443
6555444
6669999

1155579
1150579
1166677
2388674
2308644
2338844
2239999

2222889
2440689
3447688
3477666
3307111
5357111
5559999

5522229
5880729
5587777
1188666
1104446
1133446
3339999

5522229
5880729
5587777
1188446
1104446
1133666
3339999

1155579
1150579
1132277
8833274
6803244
6883244
6669999

1155539
1150539
1186337
8886377
8406667
4422227
4429999

8855579
6850579
6882277
6663274
1103244
1133244
1139999

1122229
1120449
1133444
3338666
5508886
5777786
5579999

1122229
1120449
1133447
3338847
6505877
6555887
6669999

1122229
1120449
1134447
8833557
6803577
6883557
6669999

1122229
1120839
1188837
4486337
4406377
5456667
5559999

7777449
2270449
2666545
2886555
2806111
8833111
3339999

2255889
2750689
2755688
2773666
4703111
4433111
4439999

2446669
2440869
2488867
2283557
1103577
1133557
1139999

2222889
2110869
3118867
3116667
3304477
5354447
5559999

2222889
2110879
3118877
3114476
3304476
5354666
5559999

2222449
2110449
3117488
3117786
3307886
5357666
5559999

2222449
2110449
3118847
3116877
3306887
5356667
5559999

2222889
2110789
3117788
3116744
3306744
5356664
5559999

2222889
2110689
3117688
3117666
3307744
5357444
5559999

1122229
1150529
1155588
4777786
4407886
4433666
3339999

7777119
8870119
3822114
3882644
3302644
5352666
5559999

7777889
4750589
4455588
4433666
1103336
1122226
1129999

6664449
6880449
6822227
8823557
1103577
1133557
1139999

8822229
6820449
6884447
6663557
1103577
1133557
1139999

7777119
3370119
2333118
2222888
6505844
6555444
6669999

8222269
8880269
4486667
4443557
1103577
1133557
1139999

7222269
7550269
7756668
7553888
1103844
1133444
1139999

2255579
2450579
2448877
2443876
1103886
1133666
1139999

