5552279
5850279
0888277
1118276
1113336
4433666
4449999

7777889
5570839
0568833
5564443
6662443
1112222
1119999

3886669
3380769
0388764
5357744
5552744
1112222
1119999

5556669
5350769
0388764
3387744
3882744
1112222
1119999

7777889
5570849
0568844
5563344
6662333
1112222
1119999

1114449
1110449
0755588
2753586
2773886
2733666
2239999

1115539
1110539
0685533
2688843
2666844
2777744
2279999

1116669
1110369
0555362
7585332
7788832
7444822
7449999

1114449
1110449
0333862
3388862
5586662
5777722
5579999

7777889
5570839
0528833
5522223
6111443
6111444
6669999

5556669
5350869
0388862
3382222
3777744
1117444
1119999

7777889
5570489
0564488
5564433
6663332
1112222
1119999

1115579
1110579
0335577
2233374
2666844
2688844
2689999

7777889
5570389
0563388
5563444
6663442
1112222
1119999

2222639
2880639
0866633
8811143
5511144
5777744
5579999

7777889
3370689
0333688
2266611
2554411
2544411
2559999

5556669
5850269
0888267
4448277
4433227
1113337
1119999

4455889
4450789
0455788
3337711
6233711
6222211
6669999

2222889
2350589
0355588
7331116
7731116
7444666
7449999

2222889
2350589
0355588
3371116
3471116
4477666
4479999

4455889
4450689
0455688
7266611
7222211
7733311
7339999

7777639
5570639
0566633
5581113
8881112
8442222
4449999

4445539
4470539
0775533
8871113
6871112
6882222
6669999

6665539
8860539
0865533
7881113
7741112
7442222
7449999

5554449
5750449
0733322
7788332
6781112
6881112
6669999

4455889
4450389
0455388
2222336
2777736
1117666
1119999

2222449
2880449
0866647
8833677
3335657
1115557
1119999

2222889
2440389
0447388
5457336
5557736
1117666
1119999

2222639
2880639
0866633
8875543
7777544
1115544
1119999

2222889
2440839
0448837
5456337
5556377
1116667
1119999

8222239
8880239
0585337
4555377
4461117
4461117
6669999

7777449
3370449
0333411
8855511
6852511
6882222
6669999

7777639
8870639
0866633
2885543
2222544
1115544
1119999

4422889
4420839
0428833
1125553
1165753
1167777
6669999

4422889
4420389
0423388
1123555
1163575
1167777
6669999

4422229
4440829
0333888
3376668
5576111
5776111
5579999

2222639
2880639
0866633
8875543
1177544
1175544
1179999

2222449
2880449
0866647
8863557
1163577
1133557
1139999

7777119
5570119
0532118
5532888
6332844
6322444
6669999

2222119
2440119
0444117
6663557
6883577
6833557
8839999

2222119
2440119
0444117
6668557
6888577
6833557
3339999

4422229
4420839
0488833
1185553
1165753
1167777
6669999

2222889
2440389
0443388
1143555
1163575
1167777
6669999

2222889
2440839
0448833
1145553
1165753
1167777
6669999

2222889
2440689
0444688
1166655
1177775
1133755
3339999

7777119
5570119
0588112
5582222
6883344
6333444
6669999

2222889
2110839
0118833
7116663
7556443
7756444
7559999

2222889
2110839
0118833
4115553
4465753
4467777
6669999

2222889
2110389
0113388
7113666
7553446
7754446
7559999

2222889
2110389
0113388
4113555
4463575
4467777
6669999

7777119
5570119
0538112
5538882
6334482
6344422
6669999

7777119
5570119
0568112
5568882
4466682
4433322
4339999

4455579
4450579
0438877
2233876
2113886
2113666
2119999

7777889
3370689
0333688
2266655
2114445
2114455
2119999

5556669
5750369
0711362
7711332
4711832
4488822
4489999

7777119
5570119
0533116
5583336
8882666
8442222
4449999

7777119
3370119
0333114
8855544
6852544
6882222
6669999

2222639
2880639
0866633
8871143
5571144
5771144
5579999

