1115579
1110579
2685577
2688870
2666844
2233444
3339999

7777889
2270389
2666388
2644330
2644535
1114555
1119999

8222279
8880279
6585377
6555370
6663344
1113444
1119999

2235579
2330579
2385577
2388870
6111844
6111444
6669999

7777889
4470389
4442388
2222330
6111535
6111555
6669999

2444889
2440879
2338877
2233370
6111575
6111555
6669999

2222889
2440389
6447388
6477330
6667535
1117555
1119999

1155889
1150689
1155688
7266640
7222244
7733344
7339999

2655579
2650579
2666377
2283370
8883111
8443111
4449999

2666889
2650589
2655588
2277770
3337111
4433111
4449999

2445579
2440579
2435577
2238870
6338111
6388111
6669999

2666889
2650589
2655588
2277770
4447111
4433111
3339999

1122889
1120789
1126788
5526770
5666744
5533444
3339999

7777889
2750589
2355588
2336660
2236111
4436111
4449999

6665579
1160579
1165577
1133370
4488332
4482222
4889999

6665579
2360579
2365577
2338870
2238111
4488111
4449999

7777889
1170389
1122388
1142330
6442535
6442555
6669999

1166639
1160339
1162355
2222350
4488755
4487777
4889999

3882279
3380279
6388277
6355270
6665111
4455111
4449999

5552279
5850279
3888277
3348270
6344111
6344111
6669999

4442279
8440279
8886277
5586270
5666111
5533111
3339999

4432279
4430279
8433277
8883270
6585111
6555111
6669999

7777889
1170389
1162388
1162330
6662535
4422555
4449999

1155889
1150389
1155388
6667330
6777732
6442222
4449999

1155889
1150389
1155388
7777330
4766632
4462222
4469999

3225579
3320579
6325577
6328870
6668111
4488111
4449999

6665579
1160579
1165577
1183370
8882333
8442222
4449999

1155579
1150579
1133377
2336870
2446888
2446668
2249999

2222889
2350589
7355588
7336660
7736111
7446111
4449999

6665579
6320579
6325577
3328870
3228111
4488111
4449999

4455579
4450579
4222277
6663270
6883111
6833111
8839999

4455579
4450579
4222277
6668270
6888111
6833111
3339999

3222279
3380279
6388877
6355870
6665111
4455111
4449999

5533379
5330879
5588877
1184470
1164442
1162222
6669999

1166679
1130679
1133677
5553870
5453888
4422228
4429999

1166679
1160379
1163377
5553870
5453888
4422228
4429999

1122229
1120889
1133855
3338850
6444755
6447777
6669999

1122229
1120479
1134477
8834470
6833575
6883555
6669999

1122229
1120339
1133355
8844450
6844755
6887777
6669999

7777889
5570389
5444388
5544330
1166632
1162222
1169999

4455889
4450389
4755388
7777330
1166632
1162222
1169999

1122229
1120449
1155444
8853330
6855733
6887777
6669999

2222889
2440389
4447388
1177330
1167535
1167555
6669999

2235579
2330579
2365577
2368870
6668111
4488111
4449999

2444889
2440389
2666388
2276330
1176535
1177555
1179999

6665579
6110579
6115577
8113370
8882333
4482222
4449999

4445579
8440579
8885577
1183370
1162333
1162222
6669999

6444889
6440389
6667388
2277330
2117535
2117555
2119999

7777889
4470389
4422388
4112330
6112535
6112555
6669999

7444889
7440389
7722388
7112330
6112535
6112555
6669999

1155889
1150789
1155788
3337740
6233744
6222244
6669999

2255579
2850579
2888377
2118370
6113344
6113444
6669999

4445579
4480579
8885577
8113370
6112333
6112222
6669999

7777889
2270389
2666388
2611330
2611535
4411555
4449999

