1114449
1110449
2222557
8802577
6833557
6883337
6669999

4422229
4440729
6667777
6305511
6388511
3385511
3889999

7777889
2270389
2553388
2503666
2553446
1114446
1119999

7777889
2270689
2555688
2505666
2333444
1113344
1119999

7777889
2270839
2558833
2506663
2556443
1116444
1119999

7777889
4750589
4455588
4403311
6333211
6222211
6669999

7777889
5750489
5554488
3304411
6333211
6222211
6669999

8855569
7850569
7886662
7704442
7333442
1113322
1119999

1114449
1110449
6662222
6302555
6388575
3387777
3889999

2777739
2870339
2888344
2208344
6111545
6111555
6669999

8855569
7850569
7886662
7702222
7333444
1113344
1119999

8855539
7850539
7886433
7706443
7666442
1112222
1119999

5554449
5750449
7777666
2208611
2888611
2833311
2339999

5554449
5750449
7777333
2203311
2666811
2688811
2689999

7777889
4470389
4443388
2203611
2553611
2566611
2559999

5556669
5850269
4888267
4408277
4433227
1113337
1119999

7777889
2270389
2666388
2603311
2653511
4455511
4449999

7777889
2270389
2553388
2503611
2553611
4466611
4449999

5552279
5850279
3888277
3308274
6311144
6311144
6669999

7777889
5570289
5222288
5501116
3331116
4433666
4449999

7777889
5570289
5222288
5501116
4441116
4433666
3339999

6664449
6880449
6833355
8802335
2222755
1117777
1119999

8855569
7850569
7886662
7701112
7331112
4433322
4449999

4446669
4450569
8855562
7801112
7881112
7733322
7339999

5554449
5750449
2778811
2708611
2788611
2233666
3339999

2222889
2440389
6443388
6403555
6663575
1117777
1119999

2222889
2440839
6448833
6405553
6665753
1117777
1119999

8855539
7850539
7886233
7706243
7666244
1112244
1119999

4422229
4450529
7455511
7703611
7883611
7833666
8839999

4422229
4450529
7455511
7708611
7888611
7833666
3339999

3444889
3440689
3322688
7302666
7552111
7752111
7559999

2255539
2850539
2888337
2408377
4461117
4461117
6669999

2255539
2850539
2888337
2408377
6441117
6441117
6669999

1155579
1150579
1166677
2208674
2888644
2833344
2339999

1155889
1150389
1155388
2207336
2777736
2444666
2449999

7777449
5570449
5333488
5503386
2222886
1112666
1119999

5554449
5250449
7222211
7703611
7883611
7833666
8839999

5554449
5250449
7222211
7708611
7888611
7833666
3339999

4455889
4450689
4755688
2703666
2773111
2733111
2239999

2222889
2440689
3447688
3407666
3377111
5357111
5559999

7777889
5750489
5554488
1104426
1122226
1133666
3339999

7777889
5750489
5554488
1104433
1163332
1162222
6669999

4488739
4480739
4887733
1105753
1165552
1162222
6669999

7777889
5750389
5553388
1103444
1163442
1162222
6669999

7777889
5570289
5222288
5503666
1133446
1134446
1139999

2222889
2440389
4443388
1103555
1163575
1167777
6669999

2222889
2440839
4448833
1105553
1165753
1167777
6669999

2114449
2110449
2117777
2208755
6888335
6833355
6669999

2666889
2650589
2655588
2203444
1133744
1137777
1139999

7777889
5750849
5558844
1103344
1162333
1162222
6669999

7777889
5750839
5558833
1104443
1162443
1162222
6669999

4488379
4480379
4883377
1103575
1162555
1162222
6669999

5554449
5750449
7777388
2203386
2113886
2113666
2119999

7777889
5750839
5558833
2206663
2116443
2116444
2119999

6444889
6440839
6668833
2205553
2115753
2117777
2119999

5554449
5750449
7777333
2203386
2118886
2118666
2119999

6444889
6440389
6663388
2203555
2113575
2117777
2119999

7777889
5750389
5553388
2203666
2113446
2114446
2119999

5577779
5330749
5533344
2206844
2116888
2116668
2119999

