1112239
1110239
8666233
8886203
5586444
5777744
5579999

8222239
8880239
6585337
6555307
6664477
1114447
1119999

1114449
1110449
8666322
8886302
5586332
5777732
5579999

8855569
7850569
7886662
7733302
7334442
1114422
1119999

7222239
7250539
7755533
7446803
4446888
1116668
1119999

6665539
6880539
6485533
4488703
4477772
1112222
1119999

8855569
3850569
3886667
3311107
4311177
4422227
4429999

1155889
1150689
1155688
7266604
7222244
7733344
7339999

1155569
1150569
1136667
2238807
2433877
2443887
2449999

1166639
1140639
1144633
2244803
2557888
2577778
2559999

7777889
4750589
4455588
4433306
2222336
1112666
1119999

1155569
1150569
1186667
2288807
2433877
2443337
2449999

7777449
1170449
1155542
1158502
6888332
6833322
6669999

1125539
1120539
1125533
7226803
7746888
7446668
7449999

1166639
1160339
1162355
2222305
4488755
4487777
4889999

5552239
5750239
7777233
8666203
8886111
4486111
4449999

7552239
7750239
7558233
7888203
6844111
6444111
6669999

4882239
4480239
4488233
7777203
6575111
6555111
6669999

4882239
4480239
4488233
7666203
7556111
7756111
7559999

5552239
5750239
7777233
8844203
6844111
6884111
6669999

4442239
4480239
8887233
8557203
6577111
6557111
6669999

1155539
1150539
1178833
7777803
6444882
6442222
6669999

1155539
1150539
1144433
8844703
6877772
6882222
6669999

1155449
1150449
1155247
6663207
6883277
6833227
8839999

1155449
1150449
1155247
6668207
6888277
6833227
3339999

7222239
7250539
7755533
7448803
6448111
6488111
6669999

1155569
1150569
1136667
2338807
2344877
2344887
2249999

7777889
5750289
5554288
1144206
1144226
1133666
3339999

4222239
4480239
4488833
7777803
6575111
6555111
6669999

4222239
4480239
4488833
7666803
7556111
7756111
7559999

1155569
1150569
1186667
3388807
4333877
4422227
4429999

5554449
5750449
7777322
1188302
1168332
1168832
6669999

7777889
5570289
5222288
5533306
1144336
1144666
1149999

5552239
5750239
7777233
1188203
1168444
1168844
6669999

1122229
1120889
1133855
3338805
6444755
6447777
6669999

1122229
1120339
1133355
8844405
6844755
6887777
6669999

4466639
4440639
7777633
2278803
2558111
2588111
2559999

1155449
1150449
1155742
6668702
6888772
6833722
3339999

2115539
2110539
2115533
2276803
4776888
4476668
4479999

1155449
1150449
1155742
6663702
6883772
6833722
8839999

2355569
2350569
2336667
2238807
1144877
1144887
1149999

2222889
2110489
3114488
3114406
3377776
5357666
5559999

7777889
5750489
5554488
1124406
1122226
1133666
3339999

1155229
1150239
1155233
8844203
6844473
6887777
6669999

7445539
7440539
7745533
7226803
1126888
1126668
1129999

4455539
4450539
4777733
2276803
2116888
2116668
2119999

4475539
4470539
4775533
2276803
2116888
2116668
2119999

1155889
1150789
1155788
3337704
6233744
6222244
6669999

2255539
2850539
2888337
2118307
6114477
6114447
6669999

6662239
6880239
6811233
8811203
5511444
5777744
5579999

6664449
6880449
6811322
8811302
5511332
5777732
5579999

7777119
5570119
5333116
5583306
8882666
8442222
4449999

