1114449
1110449
2833355
2888335
2068755
2267777
6669999

7777889
5750489
5554488
3334411
6033211
6222211
6669999

1116669
1110269
8222267
8883557
4083577
4433557
4439999

1114449
1110449
8777722
8887552
6083352
6333552
6669999

1114449
1110449
8333552
8883352
6087552
6777722
6669999

4777739
4470339
4422388
5552386
5052886
1112666
1119999

4777739
4470339
4488322
5558362
5058862
1116662
1119999

2222889
2440879
4448877
5511176
5011176
5533666
3339999

4777739
4470839
4488833
5581113
5061112
5562222
6669999

7777449
8870449
2855411
2885611
2055611
2233666
3339999

2222889
2440389
4447388
5557336
5057736
1117666
1119999

2222889
2440839
4448837
5556337
5056377
1116667
1119999

1155539
1150539
1186337
8886377
8026667
4422227
4449999

1155579
1150579
1138877
2233876
2043886
2443666
2449999

1122889
1120839
1128833
5524443
5064473
5567777
6669999

1122889
1120879
1128877
5524476
5044476
5533666
3339999

1122889
1120389
1123388
5523444
5063744
5567777
6669999

4488239
4480239
4887233
5577223
5067111
5567111
6669999

1177779
1180749
1188844
5533844
5063332
5562222
6669999

1177779
1130749
1138844
5533844
5063882
5562222
6669999

1177779
1120789
1128884
5528644
5022644
5533666
3339999

1122229
1120839
1188833
5584443
5064473
5567777
6669999

1122229
1120879
1188877
5584476
5044476
5533666
3339999

7777119
8870119
2855114
2885644
2055644
2233666
3339999

1122229
1130729
1137777
5533884
5063844
5568844
6669999

6665539
6110539
6115533
7114443
7088442
7782222
7889999

