7777889
5750869
5558862
1116662
1110332
4433322
4449999

7777889
5570289
5222288
5566611
3330611
4433611
4449999

7777889
5570289
5222288
5533611
3330611
4466611
4449999

7777889
5570289
5222288
5566611
4440611
4433611
3339999

7777889
4750589
4455588
4433311
6330211
6222211
6669999

8222239
8880239
6585334
6555344
6660744
1117777
1119999

8222239
8880239
6585337
6555377
6660447
1114447
1119999

2666889
2650589
2655588
2233444
3330744
1117777
1119999

7777889
5570289
5222288
5533666
3330446
1114446
1119999

8855569
3850569
3886662
3372222
4370111
4477111
4479999

7777889
5750689
5552688
2222666
4440111
4433111
3339999

7777889
5750689
5552688
2222666
3330111
4433111
4449999

6664449
6880449
6833355
8822335
1120755
1127777
1129999

7777889
5750849
5558844
1133344
1160332
1162222
6669999

1134449
1130449
1133557
6663577
6880557
6822227
8829999

5577779
5220789
5528884
1128644
1120644
1133666
3339999

1122229
1120339
1133344
8855544
6850574
6887777
6669999

2222889
2440879
4448877
1155576
1150576
1133666
3339999

2466639
2440639
2448633
2278883
1170585
1177555
1179999

1177779
1120789
1128884
5528644
5220644
5533666
3339999

1122229
1150529
1155588
4777786
4470886
4433666
3339999

7777119
4470119
4438112
4338882
6350582
6355522
6669999

7444119
7440119
7738112
7338882
6350582
6355522
6669999

2255539
2850539
2888337
2118377
6110447
6114447
6669999

2255539
2850539
2888334
2118344
6110744
6117777
6669999

2266639
2440639
2448633
2478883
1170585
1177555
1179999

