1114449
1110449
7777666
5570886
5222286
5533288
3339999

1114449
1110449
2222666
2330886
5533386
5777788
5579999

1114449
1110449
8855562
7850562
7886662
7733322
7339999

6664449
6880449
6833322
8870332
5571112
5771112
5579999

2655539
2650539
2666337
2280377
8881117
8441117
4449999

7777889
2750589
2355588
2330666
2231116
4431116
4449999

2222889
2350589
7355588
7330666
7731116
7441116
4449999

1155579
1150579
1138877
2230876
2433886
2443666
2449999

1155889
1150389
1155388
2270336
2777736
2444666
2449999

7777449
1170449
1188422
1180552
6883352
6333552
6669999

7777449
3370449
8333422
8880112
6585112
6555112
6669999

1155579
1150579
1138877
2330876
2344886
2344666
2249999

5533329
5330829
5588827
1180227
1164477
1164447
6669999

1155579
1150579
1132277
8830274
6833244
6883244
6669999

1155569
1150569
1186667
8880337
8433377
4422227
4429999

7777229
3370249
8333244
8880244
6585111
6555111
6669999

1122229
1120449
1134447
8830557
6833577
6883557
6669999

1122229
1120339
1133344
8850544
6855574
6887777
6669999

2222889
2440879
4448877
1150576
1155576
1133666
3339999

2277779
2380749
2388844
2330844
6535111
6555111
6669999

2666889
2650589
2655588
2270444
1173344
1177333
1179999

2666889
2650589
2655588
2270333
1173344
1177444
1179999

2355579
2350579
2338877
2230876
1144886
1144666
1149999

1174449
1170449
1177666
5570886
5222286
5533288
3339999

1155889
1150789
1155788
3330774
6233744
6222244
6669999

5556669
5450869
4488867
4480337
1133377
1122227
1129999

7777119
3370119
8333112
8880442
6585442
6555422
6669999

2236669
2330869
2388867
2380557
1144577
1144557
1149999

