6664449
6880449
6087777
5588711
5222211
5533211
3339999

1116669
1110869
2088867
2585477
2555447
2233447
3339999

7777889
5570839
5068833
5564443
6662443
1112222
1119999

7777889
5570849
5068844
5563344
6662333
1112222
1119999

6665539
2260539
2065533
2877773
2888744
1118444
1119999

6664449
2260449
2063337
2833557
2888577
1118557
1119999

6664449
2260449
2068557
2888577
2833557
1113337
1119999

7777889
3750589
3055588
3344411
6344211
6222211
6669999

7777889
5570839
5028833
5522223
6111443
6111444
6669999

7777889
5570489
5064488
5564433
6663332
1112222
1119999

7777889
5570389
5063388
5563444
6663442
1112222
1119999

2444889
2440389
2063388
2263555
6663575
1117777
1119999

2444889
2440839
2068833
2265553
6665753
1117777
1119999

4455889
4450789
4055788
3337711
6233711
6222211
6669999

4455889
4450689
4055688
7266611
7222211
7733311
7339999

7777639
5570639
5066633
5581113
8881112
8442222
4449999

7777449
2270449
2055411
2885611
2855611
8833666
3339999

4455889
4450389
4055388
2222336
2777736
1117666
1119999

2222889
2550389
6053388
6553444
6663744
1117777
1119999

2222889
2550839
6058833
6554443
6664473
1117777
1119999

7777889
3750589
3055588
3322666
4321116
4421116
4429999

7777889
6750589
6055588
6662222
4442111
4433111
3339999

7777889
6750589
6055588
6662222
3332111
4433111
4449999

4422889
4420839
4028833
1125553
1165753
1167777
6669999

4422889
4420389
4023388
1123555
1163575
1167777
6669999

7777119
5570119
5032118
5532888
6332844
6322444
6669999

4422229
4420839
4088833
1185553
1165753
1167777
6669999

7777889
6750589
6055588
6663444
1133442
1132222
1139999

7777119
5570119
5088112
5582222
6883344
6333444
6669999

7777119
5570119
5038112
5538882
6334482
6344422
6669999

7777119
5570119
5068112
5568882
4466682
4433322
4339999

4455579
4450579
4038877
2233876
2113886
2113666
2119999

7777119
2270119
2055114
2885644
2855644
8833666
3339999

7777119
5570119
5033116
5583336
8882666
8442222
4449999

