1116669
1110369
4443368
7443888
7553802
7752222
7559999

1116669
1110369
5573368
5773888
5573802
4472222
4449999

1116669
1110369
7553368
7753888
7553802
7442222
4449999

1116669
1110369
4443368
4473888
5573802
5772222
5579999

8222239
8880239
6585337
6555377
6664407
1114447
1119999

4455889
4450789
2455788
2111776
2111706
2233666
3339999

2222889
2350589
3355588
3111666
3111706
4477776
4449999

5533379
5330779
5566672
4488672
4448602
1118822
1119999

7556669
7750369
7553362
7443882
4443802
1118822
1119999

4446669
4470369
5573362
5773882
5573802
1118822
1119999

5576669
5770369
5573362
4473882
4443802
1118822
1119999

4446669
7440369
7553362
7753882
7553802
1118822
1119999

1114449
1110449
3777782
3378882
6358502
6355522
6669999

3444889
3440789
3322788
5352776
5552706
1112666
1119999

1114449
1110449
8777732
8887332
6585302
6555322
6669999

1116669
1110369
7553362
7753882
7553802
7448822
4449999

1116669
1110369
4443362
4473882
5573802
5778822
5579999

1116669
1110369
5573362
5773882
5573802
4478822
4449999

1116669
1110369
4443362
7443882
7553802
7758822
7559999

1114449
1110449
3337777
2233755
2666805
2688855
2689999

5533379
5330779
5511172
8811172
6844402
6884422
6669999

1114449
1110449
7777666
2278655
2888605
2833355
2339999

1114449
1110449
7777333
2273355
2666805
2688855
2689999

5576669
5770369
5573368
4473888
4443802
1112222
1119999

7556669
7750369
7553368
7443888
4443802
1112222
1119999

4446669
4470369
5573368
5773888
5573802
1112222
1119999

4446669
7440369
7553368
7753888
7553802
1112222
1119999

5577779
5330749
5533344
8811144
6811102
6882222
6669999

8855569
3850569
3886667
3311177
4311107
4422227
4429999

7777889
5570289
5222288
5533666
3334406
1114446
1119999

7554449
7750449
7558111
7888111
6833302
6332222
6669999

6444889
6440789
6667788
2222755
2333705
1113355
1119999

1174449
1170449
1177666
2278655
2888605
2833355
2339999

1155569
1150569
1136667
2238877
2433807
2443887
2449999

1174449
1170449
1177333
2273355
2666805
2688855
2689999

1155569
1150569
1186667
2288877
2433807
2443337
2449999

6664449
1160449
1163332
1133882
7777802
5758822
5559999

1155889
1150789
1155788
2222776
4442706
4433666
3339999

1155889
1150789
1155788
2222776
3332706
4433666
4449999

6664449
1160449
1163338
1133888
7777802
5752222
5559999

6665539
1160539
1165533
1177773
4488702
4482222
4889999

2255579
2850579
2888377
2448376
4443306
1113666
1119999

1155889
1150689
1155688
7333666
7743302
7442222
7449999

1155449
1150449
1155247
6663277
6883207
6833227
8839999

1155449
1150449
1155247
6668277
6888207
6833227
3339999

1155569
1150569
1136667
2338877
2344807
2344887
2249999

1155889
1150789
1155788
2344776
2344706
2334666
2239999

1155889
1150789
1155788
2443776
2443706
2433666
2239999

1155449
1150449
1155422
8877772
6833702
6883332
6669999

8855579
6850579
6883772
6663372
1144302
1144322
1149999

4488239
4480239
4887233
1177223
1167505
1167555
6669999

2222889
2430689
4433688
4473666
1173505
1177555
1179999

2222889
2470689
4477688
4473666
1173505
1133555
1139999

1155569
1150569
1186667
3388877
4333807
4422227
4429999

7777889
5570849
5338844
5533344
1166602
1162222
1169999

1155449
1150449
1155742
6668772
6888702
6833722
3339999

7777239
6870239
6888233
6668223
1144505
1144555
1149999

1155449
1150449
1155742
6663772
6883702
6833722
8839999

2355569
2350569
2336667
2238877
1144807
1144887
1149999

1122229
1160729
1167777
6663355
4333805
4488855
4489999

7777889
2270389
2113388
2113655
2113605
4466655
4449999

1122229
1160729
1167777
3366655
4333805
4488855
4489999

4777739
4470839
4488833
2286663
2116505
2116555
2119999

5533379
5330879
5588877
2284476
2114406
2114666
2119999

2255539
2850539
2888337
2118377
6114407
6114447
6669999

2235579
2330579
2385577
2388876
1144806
1144666
1149999

7777889
3370689
2333688
2222666
1144505
1144555
1149999

