7777889
2270839
2558833
2544463
2554463
1116660
1119999

7777229
4470239
4488233
5458263
5558863
1116660
1119999

8222279
8880279
6585773
6555473
6664433
1114430
1119999

1116669
1110269
8222263
8884443
5584433
5777730
5579999

6664449
6880449
6822223
8811123
5511133
5777730
5579999

7777889
5750839
5558833
2211163
2411163
2446660
2449999

5574449
5770449
5571113
2271113
2666833
2688830
2689999

5577779
5220739
5524433
8824443
6821113
6881110
6669999

5554449
5750449
2788111
2778111
2768833
2263330
6669999

5554449
5750449
7777211
6663211
6883211
6833220
8839999

6664449
8860449
3867211
3887211
3377211
5357220
5559999

5554449
5750449
7777211
6668211
6888211
6833220
3339999

6444889
6440839
6668833
2222553
2777753
1117550
1119999

5574449
5770449
5572222
8872111
6833111
6883330
6669999

2666889
2650589
2655588
2233111
3337111
4477770
4449999

2222889
2440839
6448833
6477773
6665753
1115550
1119999

7777889
2750589
2355588
2336111
2236111
4436660
4449999

2222889
2350589
7355588
7336111
7736111
7446660
4449999

2222889
2650589
7655588
7666111
7733111
7443330
4449999

4422229
4420889
3455811
3358811
6355711
6377770
6669999

1155889
1150689
1155688
7266644
7222244
7733340
7339999

6664449
6880449
6822223
8875523
7777533
1115530
1119999

4422229
4440729
6668755
6888775
6833755
1113330
1119999

1155449
1150449
1155743
2277773
2666833
2688830
2689999

1155579
1150579
1144773
2244473
2666833
2688830
2689999

2234449
2330449
2355511
2358511
6888711
6877770
6669999

1124449
1120449
1126663
7226883
7556833
7758830
7559999

1124449
1120449
1126668
7226888
7556833
7753330
7559999

1155889
1150689
1155688
2222666
2337777
4433370
4449999

1155889
1150689
1155688
2222666
2777733
4473330
4449999

7777889
5750839
5558833
2666113
2446113
2446110
2249999

7777889
5750839
5558833
2666113
2644113
2644110
2249999

7777889
1170389
1163388
1163555
6663525
4422220
4449999

7777229
1170829
1188823
1185523
6444533
6445530
6669999

1166649
1160449
1162443
2222883
7777833
5758830
5559999

1166649
1160449
1162448
2222888
7777833
5753330
5559999

2222889
2470839
4478833
4477113
6575113
6555110
6669999

2222889
2440839
4448833
7777113
6575113
6555110
6669999

2222889
2440839
4448833
7666113
7556113
7756110
7559999

7777889
5750839
5558833
2222113
6442113
6444110
6669999

7777889
5750839
5558833
2222113
6662113
6444110
6449999

6664449
6550449
6577773
2557883
2222833
1118830
1119999

6664449
6550449
6577778
2557888
2222833
1113330
1119999

8222269
8880269
1186663
1177773
1157533
4455530
4449999

1124449
1120449
1127777
8822575
6833555
6883330
6669999

1155569
1150569
1186662
8882222
8337777
4433370
4449999

1155569
1150569
1186662
8882222
8777733
4473330
4449999

2255119
2650119
2655113
2666883
7777833
4478830
4449999

1134449
1130449
1133555
6663575
6887777
6822220
8829999

1155539
1150539
1144433
6664473
6887777
6822220
8829999

2255119
2650119
2655118
2666888
7777833
4473330
4449999

1122229
1120739
1144733
8844773
6845753
6885550
6669999

1122229
1120449
1155444
8857777
6855733
6883330
6669999

1122229
1120749
1155744
8857744
6855733
6883330
6669999

7777119
5570119
5666113
5526883
4426833
4428830
4229999

7777119
5570119
5666118
5526888
4426833
4423330
4229999

1155569
1150569
1176668
7777888
2222833
2443330
4449999

1155569
1150569
1176663
7777883
2222833
2448830
4449999

2222889
2440839
4448833
1177773
1165753
1165550
6669999

7777119
3370119
8333112
8882222
6585444
6555440
6669999

2114449
2110449
2116668
2276888
5576833
5773330
5579999

2114449
2110449
2116663
2276883
5576833
5778830
5579999

2655579
2650579
2666773
2244473
1144833
1188830
1189999

7777889
5750839
5558833
1122223
1164423
1164440
6669999

2222889
2110689
3117688
3117666
3377444
5357440
5559999

2222889
2110839
6118833
6115553
6665753
4477770
4449999

2666119
2640119
2644118
2244888
7777833
5753330
5559999

2444119
2440119
2666118
2276888
5576833
5773330
5579999

2666119
2640119
2644113
2244883
7777833
5758830
5559999

2444119
2440119
2666113
2276883
5576833
5778830
5579999

1122229
1140729
1144755
8844775
6833755
6883330
6669999

6444119
6440119
6662118
2222888
7777833
5753330
5559999

7777119
5750119
5552118
2222888
6444833
6443330
6669999

6444119
6440119
6662113
2222883
7777833
5758830
5559999

7777119
5750119
5552113
2222883
6444833
6448830
6669999

4455119
4450119
4355116
3377776
3887666
3822220
8829999

7554449
7750449
7556668
7226888
1126833
1123330
1129999

7554449
7750449
7556663
7226883
1126833
1128830
1129999

1155889
1150789
1155788
3337744
6233744
6222240
6669999

5574449
5770449
5576668
2276888
2116833
2113330
2119999

7777449
6870449
6888455
6668335
1133355
1122220
1129999

7777889
5750839
5558833
2244463
2114463
2116660
2119999

6444889
6440839
6668833
2277773
2115753
2115550
2119999

4466679
4430679
8433677
8883575
1183555
1122220
1129999

2255579
2850579
2888773
2118473
6114433
6114430
6669999

5574449
5770449
5576663
2276883
2116833
2118830
2119999

4466679
4460379
8463377
8883575
1183555
1122220
1129999

7554449
7750449
7558666
7338886
1133386
1122220
1129999

7777119
2270119
2666118
2446888
2446833
5453330
5559999

7777119
2270119
2666113
2446883
2446833
5458830
5559999

6664449
6880449
6822223
8875523
1177533
1175530
1179999

2655579
2650579
2666773
2281173
8881133
8441130
4449999

2234449
2330449
2388666
2378556
1178856
1177550
1179999

5577779
5220749
5521144
8821144
6821133
6883330
6669999

6664449
6880449
6822223
8871123
5571133
5771130
5579999

