1116669
1110869
2288867
2585477
2555447
2033447
3339999

4777739
4470339
4488322
1118362
1118862
5056662
5559999

4777739
4470339
4422388
1112386
1112886
5052666
5559999

7777889
5750489
5554488
6664411
6222211
6033211
3339999

4455889
4450689
7455688
7766611
7222211
7033211
3339999

2222889
2440389
4447388
1117336
1117736
5057666
5559999

2222889
2440839
4448837
1116337
1116377
5056667
5559999

7777889
5570289
5444288
5544211
6662211
6033311
6339999

4455889
4450289
4755288
7777211
6662211
6033311
6339999

4455889
4450289
4755288
7777211
6332211
6033311
6669999

7777889
5570289
5444288
5544211
6332211
6033311
6669999

7777889
5570289
5222288
5544411
6334411
6033311
6669999

7777889
5570289
5222288
5533311
6334411
6044411
6669999

7777889
5570289
5222288
5544411
6664411
6033311
6339999

7777889
2270689
2111688
2111666
2333444
5053344
5559999

1116669
1110269
8222267
8883477
5583447
5033447
5539999

5554449
5750449
7777666
2388611
2338611
2038811
2239999

7777889
3750589
3355588
2366611
2344611
2044611
2249999

7777889
4750589
4455588
4466611
2222611
2033611
3339999

6444889
6440789
6667788
2222711
2333711
5053311
5559999

1114449
1110449
3337777
2233786
2558886
2058666
2559999

1114449
1110449
7777333
2273386
2558886
2058666
2559999

1114449
1110449
7777388
2273386
2553886
2053666
2559999

7554449
7750449
7558322
7888332
6811132
6011132
6669999

7552239
7750239
7558233
7888243
6811144
6011144
6669999

3884449
3380449
6388722
6377772
6661112
5051112
5559999

7777449
8870449
6833422
6883332
6661112
5051112
5559999

2666449
2680449
2688847
2233877
3331117
5051117
5559999

8222269
8880269
4486667
4433377
4331117
5051117
5559999

2255539
2850539
2888337
2448377
6441117
6041117
6669999

1166639
1160739
1167733
2288743
2558744
2058844
2559999

1174449
1170449
1177333
2273386
2558886
2058666
2559999

1174449
1170449
1177388
2273386
2553886
2053666
2559999

1122889
1120839
1128833
4425553
4465753
4067777
6669999

1122889
1120389
1127388
4427336
4447736
5057666
5559999

1122889
1120839
1128837
4426337
4446377
5056667
5559999

1122889
1120389
1123388
4423555
4463575
4067777
6669999

1155889
1150789
1155788
2222774
6332744
6033344
6669999

1155889
1150789
1155788
2222774
6662744
6033344
6339999

7777239
6870239
6888233
6668223
5544111
5044111
5549999

7777889
1170289
1144288
1144255
6334225
6033355
6669999

7777889
1170289
1144288
1144255
6664225
6033355
6339999

7777889
1170489
1164488
1164433
6663332
5052222
5559999

7777889
1170389
1163388
1163444
6663442
5052222
5559999

7777449
5570449
5666422
5586112
8886112
8033112
3339999

1177779
1160749
1168844
6663844
5533882
5032222
5539999

7777889
1170849
1168844
1163344
6662333
5052222
5559999

7777889
1170839
1168833
1164443
6662443
5052222
5559999

7777889
5570689
5444688
5544666
2222111
2033111
3339999

4455889
4450689
4755688
7777666
2222111
2033111
3339999

1155579
1150579
1166677
2388674
2338644
2038844
2239999

7777449
6870449
6888545
6668555
2222111
2033111
3339999

2222889
2470689
4477688
4473666
5573111
5033111
5539999

2222889
2430689
4433688
4473666
5573111
5077111
5579999

1155579
1150579
1148877
2443876
2443886
2033666
2239999

1155539
1150539
1188337
4448377
6448827
6022227
6669999

4422229
4440829
1188833
1183336
1177776
5057666
5559999

7777229
5570249
5666244
5586244
8886111
8033111
3339999

1122229
1120839
1188833
4485553
4465753
4067777
6669999

1122229
1120889
1133844
3338844
5566674
5067777
5569999

1122229
1120839
1188837
4486337
4446377
5056667
5559999

4777739
4470839
4488833
2286663
2556111
2056111
2559999

1155569
1150569
1176668
7777888
2222844
2033444
3339999

2114449
2110449
2118666
2278886
5573386
5077333
5579999

2114449
2110449
2113666
2273886
5573386
5077388
5579999

2115579
2110579
2115577
2284476
8884446
8033666
3339999

2114449
2110449
2117777
2285756
8885556
8033666
3339999

2114449
2110449
2116667
2286557
8886577
8033557
3339999

2114449
2110449
2117777
2233786
3338886
5058666
5559999

2116669
2110369
2113368
2273888
5573844
5077444
5579999

7777889
3370689
2333688
2222666
5544111
5044111
5549999

2222889
2110839
6118833
6114443
6664473
5057777
5559999

2444119
2440119
2666117
2286557
8886577
8033557
3339999

2222889
2110389
6113388
6113444
6663744
5057777
5559999

2666119
2630119
2633118
2273888
5573844
5077444
5579999

2666119
2670119
2677118
2273888
5573844
5033444
5539999

1122229
1160729
1167777
6663334
5533844
5088844
5589999

7777889
2270839
2118833
2116663
2116443
5056444
5559999

6665579
6110579
6115577
2113374
2333844
2088844
2289999

1122229
1160729
1167777
6663884
5533844
5038844
5539999

7777889
2270389
2113388
2113666
2113446
5054446
5559999

6665539
6110539
6115533
7114443
7788442
7082222
7889999

4455579
4450579
4118877
2113876
2113886
2033666
2239999

7777119
5570119
5666112
5586442
8886442
8033422
3339999

7777119
8870119
6833112
6883332
6664442
5054422
5559999

8855579
3850579
3882277
3311274
6311244
6011244
6669999

8822229
3820449
3884447
3311557
6311577
6011557
6669999

