8222239
8880239
6585337
6555377
6664447
1114407
1119999

1116669
1110269
3222267
3444887
3344877
5358807
5559999

1115529
1110529
3335527
8833227
6844477
6884407
6669999

7777889
5570289
5222288
5533666
3334446
1114406
1119999

1155889
1150689
1155688
7266644
7222244
7733304
7339999

5554449
5350449
3322227
3866627
3888677
1118607
1119999

1155889
1150689
1155688
7777666
4472222
4433302
4339999

1155889
1150689
1155688
7444666
7442222
7733302
7339999

1166629
1130629
1133627
5553227
5453877
4488807
4489999

1166629
1160329
1163327
5553227
5453877
4488807
4489999

4446669
4450569
3355567
2333887
2222877
1118807
1119999

1155569
1150569
1146667
2344887
2344877
2338807
2239999

5533329
5330829
5588827
1184227
1164477
1164407
6669999

4488239
4480239
4887233
1177223
1167555
1167505
6669999

1155229
1150629
1155627
3366627
4333877
4488807
4489999

2222889
2430689
4433688
4473666
1173555
1177505
1179999

2222889
2470689
4477688
4473666
1173555
1133505
1139999

7777239
6870239
6888233
6668223
1144555
1144505
1149999

2222889
2110869
3118867
3116667
3344477
5354407
5559999

1122229
1150529
1155537
8666337
8886377
4486307
4449999

1122229
1150529
1155537
8844337
6844377
6884307
6669999

4777739
4470839
4488833
2286663
2116555
2116505
2119999

1155569
1150569
1126667
3322227
4333877
4488807
4489999

1155889
1150789
1155788
3337744
6233744
6222204
6669999

2255539
2850539
2888337
2118377
6114447
6114407
6669999

2255569
2450569
2446667
2443887
1133877
1138807
1139999

2255569
2450569
2446667
2443337
1133877
1188807
1189999

7777889
3370689
2333688
2222666
1144555
1144505
1149999

5554449
5350449
3322227
3881127
3861177
8861107
6669999

