1116669
1110269
8222267
8883477
5583447
0533447
5539999

2222889
2450589
4455588
4466611
7777611
0733611
3339999

7777889
5570289
5222288
5533666
3331116
0441116
4449999

8222239
8880239
6585337
6555377
6661117
0441117
4449999

7777449
8870449
3822545
3882555
3362111
0362111
6669999

1122889
1120839
1128833
4425553
4465753
0467777
6669999

1122889
1120389
1123388
4423555
4463575
0467777
6669999

7777239
6870239
6888233
6668223
5544111
0544111
5549999

1155889
1150389
1155388
2222336
2777736
0447666
4449999

5556669
5450869
4488862
4482222
7777111
0733111
3339999

1177779
1160749
1168844
6663844
5533882
0532222
5539999

2222889
2470689
4477688
4473666
5573111
0533111
5539999

2222889
2430689
4433688
4473666
5573111
0577111
5579999

2255119
2650119
2655118
2666888
7777844
0733444
3339999

1122229
1120839
1188833
4485553
4465753
0467777
6669999

1122229
1120889
1133844
3338844
5566674
0567777
5569999

2114449
2110449
2118666
2278886
5573386
0577333
5579999

2114449
2110449
2113666
2273886
5573386
0577388
5579999

2116669
2110369
2113368
2273888
5573844
0577444
5579999

7777889
3370689
2333688
2222666
5544111
0544111
5549999

4455889
4450689
2455688
2222666
7777111
0733111
3339999

2222889
2110839
6118833
6115553
6665753
0447777
4449999

2666119
2630119
2633118
2273888
5573844
0577444
5579999

2222889
2110389
6113388
6113555
6663575
0447777
4449999

2666119
2670119
2677118
2273888
5573844
0533444
5539999

1122229
1160729
1167777
6663334
5533844
0588844
5589999

1122229
1160729
1167777
6663884
5533844
0538844
5539999

