8822229
6820449
6883444
6663311
7777311
5750311
5559999

3444229
3440279
3388277
5358276
5558876
1110666
1119999

8222269
8880269
5586664
5777744
5573344
1110333
1119999

8222239
8880239
6585733
6555743
6667744
1110744
1119999

8222239
8880239
6585337
6555377
6664447
1110447
1119999

6665529
6880529
6485527
4488227
4433377
1110337
1119999

1116669
1110369
7555362
7585332
7788832
7440822
4449999

2234449
2330449
2311188
2311186
7777886
5750666
5559999

6664449
6880449
6811132
8811132
7777332
5750322
5559999

2466639
2440639
2448633
2278883
7777585
1110555
1119999

2222889
2440879
3448877
3411176
3311176
5350666
5559999

8855569
2850569
2886664
2777744
2273344
1110333
1119999

2222889
2350589
7355588
7331116
7731116
7440666
4449999

6664449
8860449
3861112
3881112
3377772
5350722
5559999

7777889
5570289
5222288
5533666
3334446
1110446
1119999

7777889
5570289
5222288
5533446
3334446
1110666
1119999

7777889
2750589
2355588
2331116
2231116
4430666
4449999

5574449
5770449
5578811
2378611
2388611
2330666
2239999

2222449
2330449
6833347
6888557
6668577
1110557
1119999

4422229
4420339
4833311
7888611
7558611
7750666
7559999

4422229
4440329
7777388
5753386
5553886
1110666
1119999

2655539
2650539
2666733
2277773
4488111
4480111
4889999

1122449
1120449
1125457
8825557
6833377
6880337
6669999

1122889
1120869
1128867
4426667
4433377
5450337
5559999

7777239
5750239
5554233
8844223
6844111
6880111
6669999

7777239
5570239
5666233
5586223
8886111
8440111
4449999

1124449
1120449
1128666
7228886
7553386
7750333
7559999

4455889
4450689
4755688
2773666
2733111
2730111
2239999

1124449
1120449
1123666
7223886
7553386
7750388
7559999

7777889
5750689
5554688
2344666
2344111
2330111
2239999

1126669
1120369
1123367
8223557
8883577
4480557
4449999

1126669
1120369
1123368
7223888
7553844
7750444
7559999

1155529
1150529
1144427
8844227
6833377
6880337
6669999

1155889
1150389
1155388
2222336
2777736
4470666
4449999

8855569
3850569
3886662
3372222
4377111
4470111
4479999

2266639
2440639
2448633
2478883
7777585
1110555
1119999

2266639
2440639
2448633
2748883
7777585
1110555
1119999

6664449
6330449
6833322
7888112
7558112
7750112
7559999

7777639
1170639
1166633
1122223
4488525
4480555
4889999

1155579
1150579
1148877
2344876
2344886
2330666
2239999

2222889
2430689
4433688
4473666
5573111
5770111
5579999

5522229
5880729
5587777
1188444
1163344
1160333
6669999

5522229
5880729
5587777
1188333
1163344
1160444
6669999

1155449
1150449
1155427
8822227
6833377
6880337
6669999

5574449
5770449
5572222
8873332
6833111
6880111
6669999

8855579
6850579
6882277
6663274
1133244
1130244
1139999

1122229
1120559
1144457
8844557
6833377
6880337
6669999

1122229
1120869
1188867
4486667
4433377
5450337
5559999

2114449
2110449
2118666
2278886
5573386
5770333
5579999

2115579
2110579
2115577
2233376
4488336
4480666
4889999

2255889
2750689
2755688
2773666
4733111
4430111
4439999

2114449
2110449
2113666
2273886
5573386
5770388
5579999

7777119
3370119
2333118
2555888
2565844
2260444
6669999

2116669
2110369
2113367
2283557
8883577
8440557
4449999

2116669
2110369
2113368
2273888
5573844
5770444
5579999

6665539
6880539
6825533
8822223
7777111
4470111
4449999

2466639
2440639
2448633
2278883
1177585
1170555
1179999

2446669
2440869
2488867
2283557
1133577
1130557
1139999

2222889
2110879
3118877
3114476
3344476
5350666
5559999

2666119
2630119
2633117
2283557
8883577
8440557
4449999

2666119
2630119
2633118
2273888
5573844
5770444
5579999

1122229
1160829
1163888
6663348
7777344
5750344
5559999

1122229
1170329
1177388
4473386
4473886
5450666
5559999

1122229
1170329
1177344
8873344
6873545
6880555
6669999

7554449
7750449
7558666
7228886
1123386
1120333
1129999

1155229
1150279
1155277
8333276
8883376
4480666
4449999

2266639
2110639
2118633
2118883
7777585
4470555
4449999

7554449
7750449
7553666
7223886
1123386
1120388
1129999

7556669
7750369
7553368
7223888
1123844
1120444
1129999

4446669
4480369
8883367
8223557
1123577
1120557
1129999

5574449
5770449
5573666
2273886
2113386
2110388
2119999

7777119
4470119
4438112
4338882
6355582
6350522
6669999

7444119
7440119
7738112
7338882
6355582
6350522
6669999

2255539
2850539
2888733
2118743
6117744
6110744
6669999

5533379
5330879
5588877
2284476
2114446
2110666
2119999

2255539
2850539
2888337
2118377
6114447
6110447
6669999

6664449
6880449
6822227
8823557
1133577
1130557
1139999

5576669
5770369
5573368
2273888
2113844
2110444
2119999

4446669
8440369
8883367
2283557
2113577
2110557
2119999

5574449
5770449
5578666
2278886
2113386
2110333
2119999

8822229
6820449
6884447
6663557
1133577
1130557
1139999

7222269
7550269
7756668
7553888
1133844
1130444
1139999

8222269
8880269
4486667
4443557
1133577
1130557
1139999

2255579
2450579
2448877
2443876
1133886
1130666
1139999

2266639
2440639
2448633
2478883
1177585
1170555
1179999

