1116669
1110269
3222268
3444888
3344870
5357777
5559999

7445539
7440539
7745533
7111883
6111280
6222288
6669999

1114449
1110449
3337777
2233755
2666850
2688855
2689999

1114449
1110449
7777666
2278655
2888650
2833355
2339999

1114449
1110449
7777333
2273355
2666850
2688855
2689999

4425539
4420539
4725533
7722883
6711180
6711188
6669999

6444889
6440789
6667788
2222755
2333750
1113355
1119999

1174449
1170449
1177666
2278655
2888650
2833355
2339999

1174449
1170449
1177333
2273355
2666850
2688855
2689999

6665539
1160539
1165533
1122223
4488720
4487777
4889999

1166639
1120639
1128633
4428883
4422780
5457777
5559999

1155239
1150239
1155233
8844223
6844470
6887777
6669999

4446669
4450569
3355568
2333888
2222870
1117777
1119999

1155569
1150569
1146668
2344888
2344870
2337777
2239999

1155889
1150689
1155688
2344666
2344470
2337777
2239999

1155889
1150689
1155688
2444666
2443330
2777733
2279999

1155889
1150689
1155688
2333666
2443370
2447777
2249999

7777119
3370119
8333112
8882222
6585440
6555444
6669999

2222889
2110689
3117688
3117666
3377440
5357444
5559999

1122229
1160729
1167777
6663355
4333850
4488855
4489999

7777889
2270389
2113388
2113655
2113650
4466655
4449999

7777889
5750849
5558844
1133344
1162330
1162222
6669999

1122229
1160729
1167777
3366655
4333850
4488855
4489999

7222239
7250539
7755533
7114883
6114480
6114488
6669999

2255569
2450569
2446668
2443888
1133870
1137777
1139999

