4422229
4440729
3887777
3385511
6388511
6305511
6669999

1114449
1110449
3882222
3382555
6388575
6307777
6669999

1114449
1110449
3337777
2233786
2558886
2508666
2559999

1114449
1110449
7777333
2273386
2558886
2508666
2559999

1114449
1110449
7777388
2273386
2553886
2503666
2559999

7777889
5570289
5222288
5533666
3331116
4401116
4449999

4422229
4420889
3455811
3358811
6355711
6307777
6669999

8222239
8880239
6585337
6555377
6661117
4401117
4449999

2255539
2850539
2888337
2448377
6441117
6401117
6669999

1166639
1160739
1167733
2288743
2558744
2508844
2559999

1174449
1170449
1177333
2273386
2558886
2508666
2559999

1174449
1170449
1177388
2273386
2553886
2503666
2559999

2234449
2330449
2355511
2358511
6888711
6807777
6669999

1155889
1150389
1155388
2222336
2777736
4407666
4449999

7777889
1170839
1128833
1122223
6555443
6505444
6669999

1122229
1120449
1133444
3338555
6888575
6807777
6669999

1122229
1120449
1133447
3338847
6555877
6505887
6669999

4777739
4470839
4488833
2286663
2556111
2506111
2559999

1155579
1150579
1133277
3338274
6888244
6802244
6669999

2222889
2110839
6118833
6115553
6665753
4407777
4449999

2222889
2110389
6113388
6113555
6663575
4407777
4449999

7777119
3370119
2333118
2222888
6555844
6505444
6669999

