1114449
1110449
2233355
2666335
2688755
2687777
0889999

1114449
1110449
2255588
2753586
2773886
2733666
0739999

1115539
1110539
2275533
2777743
2666844
2688844
0689999

1114449
1110449
2222666
5572886
5777786
5533388
0339999

1115579
1110579
2685577
2688874
2666844
2233344
0339999

1114449
1110449
2555666
2575886
2777786
2233388
0339999

1116669
1110269
8222267
8883557
4483577
4433557
0439999

1114449
1110449
6662222
6882755
6877775
8833355
0339999

1114449
1110449
6665552
6885752
6877772
8833322
0339999

1116669
1110369
7555362
7585332
7788832
7444822
0449999

7777889
5750489
5554488
6664411
6222211
6233311
0339999

4455889
4450689
7455688
7766611
7222211
7233311
0339999

2222889
2350589
3355588
3766611
3744611
7744611
0749999

2222889
2440389
7443388
7743611
7553611
7566611
0559999

2222889
2750589
7755588
3766611
3744611
3344611
0349999

4422889
4420389
7423388
7723611
7553611
7566611
0559999

2222889
2350589
7355588
7331116
7731116
7444666
0449999

6665539
8860539
7865533
7881113
7741112
7442222
0449999

7777889
5570289
5222288
5533666
3331116
4441116
0449999

8222239
8880239
6585337
6555377
6661117
4441117
0449999

1122889
1120789
1126788
5526774
5666744
5533344
0339999

7777239
5570239
5666233
5586223
8886111
8444111
0449999

1155889
1150389
1155388
2222336
2777736
4447666
0449999

5556669
5350869
3388862
3782222
3744111
7744111
0749999

5556669
5750869
7788862
3782222
3744111
3344111
0349999

5554449
5750449
7777112
6668112
6888112
6833322
0339999

1134449
1130449
1133887
6663877
6558827
6522227
0559999

1166649
1160449
1168442
5578882
5777782
5533322
0339999

1166679
1160779
1168872
5544872
5444882
5533322
0339999

5554449
5750449
7777862
1188862
1186662
1133322
0339999

7777119
3370119
2333118
2666888
2556844
2256444
0559999

2116669
2110369
2113367
2283557
8883577
8444557
0449999

5554449
5750449
7777388
1123386
1123886
1123666
0229999

5554449
5750449
7777333
1123386
1128886
1128666
0229999

6444889
6440839
6668833
1125553
1125753
1127777
0229999

7777889
5750839
5558833
1126663
1126443
1126444
0229999

7777889
5750389
5553388
1123666
1123446
1124446
0229999

6444889
6440389
6663388
1123555
1123575
1127777
0229999

5577779
5330749
5533344
1126844
1126888
1126668
0229999

2222889
2110839
6118833
6115553
6665753
4447777
0449999

2666119
2630119
2633117
2283557
8883577
8444557
0449999

2222889
2110389
6113388
6113555
6663575
4447777
0449999

6444119
6440119
6668112
5578882
5777782
5533322
0339999

4488739
4480739
4887733
6665753
6115552
6112222
0119999

7777889
5750489
5554488
6664433
6113332
6112222
0119999

4455889
4450689
7455688
7766633
7113332
7112222
0119999

7777889
5750389
5553388
6663444
6113442
6112222
0119999

4455889
4450689
7455688
7733666
7113332
7112222
0119999

2222889
2440839
4448833
6665553
6115753
6117777
0119999

2222889
2440389
4443388
6663555
6113575
6117777
0119999

6665529
6880529
6385527
3388227
3114477
3114447
0119999

7777639
8870639
2866633
2881143
2551144
2251144
0559999

4488379
4480379
4883377
6663575
6112555
6112222
0119999

7777889
5750839
5558833
6664443
6112443
6112222
0119999

6664449
6880449
6387777
3388575
3112555
3112222
0119999

7777889
5750849
5558844
6663344
6112333
6112222
0119999

