1114449
1110449
2222666
5572886
5777786
5533088
3339999

7777889
5750869
5558862
1116662
1113332
4433022
4449999

1114449
1110449
2555666
2575886
2777786
2233088
3339999

1115579
1110579
2685577
2688874
2666844
2233044
3339999

8222279
8880279
6585377
6555374
6663344
1113044
1119999

8222269
8880269
4486667
4433377
4335557
1115057
1119999

2235579
2330579
2385577
2388874
6111844
6111044
6669999

1114449
1110449
6662222
6882755
6877775
8833055
3339999

1114449
1110449
6665552
6885752
6877772
8833022
3339999

4455889
4450689
7455688
7766611
7222211
7233011
3339999

7777889
5750489
5554488
6664411
6222211
6233011
3339999

7777449
8870449
6833422
6883332
6665552
1115052
1119999

3884449
3380449
6388722
6377772
6665552
1115052
1119999

2666449
2680449
2688847
2233877
3335557
1115057
1119999

6664449
8860449
3861112
3881112
3377772
5357022
5559999

8855569
3850569
3886662
3371112
4371112
4477022
4479999

4422229
4440729
6667777
6833355
6888335
1118055
1119999

1122889
1120789
1126788
5526774
5666744
5533044
3339999

5554449
5750449
7777112
6663112
6883112
6833022
8839999

6664449
8860449
3867112
3887112
3377112
5357022
5559999

5554449
5750449
7777112
6668112
6888112
6833022
3339999

5556669
5450369
4488362
4478332
1178832
1177022
1179999

1166649
1160449
1168442
5578882
5777782
5533022
3339999

1166679
1160779
1168872
5544872
5444882
5533022
3339999

7777119
3370119
8333112
8882222
6585444
6555044
6669999

5554449
5750449
7777862
1188862
1186662
1133022
3339999

1166679
1160779
1168872
5553872
5453882
4433022
4439999

5554449
5750449
7777332
1133382
1168882
1168022
6669999

2222889
2110689
3117688
3117666
3377444
5357044
5559999

2277779
2110739
2115533
2115883
6665583
6444088
6449999

2277779
2110739
2115533
2115883
6445583
6444088
6669999

7777119
5750119
5558112
4448882
6443382
6333022
6669999

6444119
6440119
6668112
5578882
5777782
5533022
3339999

7777119
5570119
5333112
5543382
6448882
6448022
6669999

7777119
3370119
8333112
8884442
6585442
6555022
6669999

2255579
2850579
2888377
2118374
6113344
6113044
6669999

