1115579
1110579
2205577
2833376
2888336
2448666
4449999

6664449
6880449
6807777
8833575
3332555
1112222
1119999

7777889
2270689
2505688
2555666
2333444
1113344
1119999

4455579
4450579
2408877
2111876
2111886
2233666
3339999

6665529
6880529
6805527
8833227
3334477
1114447
1119999

6665539
6880539
6805533
8874443
7777442
1112222
1119999

4445539
7440539
7705533
7881113
7861112
8862222
6669999

6665539
6880539
6805533
8871113
4771112
4472222
4479999

5554449
5750449
2708811
2778611
2788611
2233666
3339999

4455539
4450539
2408337
2888377
2861117
2261117
6669999

2222889
2550389
6503388
6553444
6663744
1117777
1119999

2222889
2550839
6508833
6554443
6664473
1117777
1119999

6664449
6880449
6803337
8833557
2222577
1112557
1119999

7777449
8870449
2806545
2886555
2666111
2233111
3339999

6665539
6880539
6805533
8877773
2222744
1112444
1119999

1155579
1150579
1108877
2222876
4442886
4433666
3339999

1155579
1150579
1108877
2222876
3332886
4433666
4449999

7777889
1170839
1108833
1122223
6525443
6555444
6669999

1155539
1150539
1108633
2888643
2866644
2777744
2279999

1155579
1150579
1108877
2344876
2344886
2334666
2239999

1155579
1150579
1108877
2443876
2443886
2433666
2239999

1155579
1150579
1102277
6663274
6883244
6833244
8839999

1155579
1150579
1102277
6668274
6888244
6833244
3339999

1122229
1120449
1108444
5578886
5777786
5533666
3339999

1122229
1120449
1104447
6668557
6888577
6833557
3339999

6665539
6880539
6805533
8874443
1177442
1172222
1179999

1122229
1120449
1104447
6663557
6883577
6833557
8839999

4455539
4450539
8406337
8886377
1186667
1122227
1129999

