1116669
1110869
2288867
2585477
2555447
2333447
3309999

7777889
5750489
5554488
6664411
6222211
6333211
3309999

4455889
4450689
7455688
7766611
7222211
7333211
3309999

5522229
5880729
5587777
3388611
4333611
4466611
4409999

4477779
4440739
1115533
1115883
6665583
6222288
6209999

2233349
2330449
2111447
2111557
6668577
6888557
6809999

5554449
5750449
7777333
2683311
2688811
2666811
2209999

7777889
3750589
3355588
2366611
2344611
2444611
2209999

7777889
5750389
5553388
2443611
2443611
2466611
2209999

1114449
1110449
2222666
2333886
5573386
5777788
5509999

1116669
1110369
4488362
4448332
5578832
5777722
5509999

7777889
4750589
4455588
4466611
2222611
2333611
3309999

8855569
3850569
3886667
3311177
4311127
4422227
4409999

7556669
7750369
7558362
7888332
4811132
4411122
4409999

6665539
6880539
6875533
8871113
4771112
4472222
4409999

4455539
4450539
4666337
2688377
2681117
2881117
2209999

7777889
5570289
5222288
5533666
3331116
4441116
4409999

5554449
5750449
7777811
2688811
2683311
2666333
2209999

4422229
4420339
7433311
7755611
7885611
7855666
8809999

8222239
8880239
6585337
6555377
6661117
4441117
4409999

1155539
1150539
1186337
8886377
8426667
4422227
4409999

1155579
1150579
1138877
2233876
2443886
2443666
2409999

7777239
5570239
5444233
5544223
6668111
6888111
6809999

4455239
4450239
4755233
7777223
6668111
6888111
6809999

7777239
6870239
6888233
6668223
5544111
5444111
5509999

1155889
1150389
1155388
2222336
2777736
4447666
4409999

7777639
1170639
1166633
1188443
5584442
5882222
5509999

6664449
1160449
1167777
1188733
5583332
5882222
5509999

7554449
7750449
7553322
7333112
6668112
6888112
6809999

7777449
5570449
5666422
5586112
8886112
8333112
3309999

7777449
3370449
8333422
8886112
5586112
5666112
5509999

7777889
1170839
1128833
1126663
5526443
5226444
5509999

7777889
1170389
1123388
1123666
5523446
5224446
5509999

6665539
6440539
6445533
7422223
7728111
7888111
7809999

6665539
4460539
4465533
7422223
7728111
7888111
7809999

7777639
1170639
1166633
1188443
5582444
5882222
5509999

7777449
1170449
1133346
1188336
5582666
5882222
5509999

1155579
1150579
1138877
2334876
2344886
2344666
2209999

1155579
1150579
1138877
2338674
2388644
2366644
2209999

7777889
5570689
5444688
5544666
2222111
2333111
3309999

4455889
4450689
4755688
7777666
2222111
2333111
3309999

7777449
6870449
6888545
6668555
2222111
2333111
3309999

1155579
1150579
1133377
2338674
2888644
2866644
2209999

1155579
1150579
1138877
2433876
2443886
2443666
2209999

7777889
4750589
4455588
4433666
1123336
1122226
1109999

1155569
1150569
1186667
3388877
4333827
4422227
4409999

7777889
4750589
4455588
4462222
1163332
1166633
1109999

8855579
6850579
6883277
6663274
1133244
1132244
1109999

7556669
7750369
7553362
7883442
1183442
1188422
1109999

2222889
2440389
4443388
6663555
1163575
1167777
1109999

1155539
1150539
1172233
7777243
6668244
6888244
6809999

2222889
2440839
4448833
6665553
1165753
1167777
1109999

7222239
7550239
7754433
7554443
6668111
6888111
6809999

7777889
4750589
4455588
4422226
1123336
1133666
1109999

7777229
5570249
5666244
5586244
8886111
8333111
3309999

1122229
1120449
1133444
3337777
6668575
6888555
6809999

1122229
1120449
1133444
3338666
5578886
5777786
5509999

7777229
3370249
8333244
8886244
5586111
5666111
5509999

6665539
6880539
6875533
8874443
1177442
1172222
1109999

4488739
4480739
4887733
6665753
1165552
1162222
1109999

6665539
6880539
6875533
8877443
1174442
1172222
1109999

7777889
5750489
5554488
6664433
1163332
1162222
1109999

7777889
4750589
4455588
4466633
1163332
1162222
1109999

7777889
5750389
5553388
6663444
1163442
1162222
1109999

1155569
1150569
1176668
7777888
2222844
2333444
3309999

7777889
4730289
4433288
4463255
1163225
1166655
1109999

2115579
2110579
2115577
2284476
8884446
8333666
3309999

2114449
2110449
2117777
2285756
8885556
8333666
3309999

2114449
2110449
2116667
2286557
8886577
8333557
3309999

2114449
2110449
2113337
2233557
6668577
6888557
6809999

2115539
2110539
2115533
2277773
6668744
6888444
6809999

2277779
2380749
2388844
2336844
5536111
5666111
5509999

2355579
2350579
2338877
2238674
1188644
1166644
1109999

2355579
2350579
2338877
2234876
1144886
1144666
1109999

7777889
3370689
2333688
2222666
5544111
5444111
5509999

7777449
3370449
2333545
2222555
6668111
6888111
6809999

2477779
2440739
2445533
2265883
1165583
1166688
1109999

3444119
3440119
3388117
2386557
2886577
2666557
2209999

2222889
2110839
6118833
6115553
6665753
4447777
4409999

2222889
2110389
6113388
6113555
6663575
4447777
4409999

2444119
2440119
2666117
2286557
8886577
8333557
3309999

7777889
5750389
5552388
2222336
1144436
1144666
1109999

6664449
6110449
6117777
2118755
2888335
2833355
2209999

7554449
7750449
7553322
7333862
1188862
1186662
1109999

5577779
5330749
5533344
2116844
2116888
2116668
2209999

5554449
5750449
7777388
2113386
2113886
2113666
2209999

7777889
5750839
5558833
2116663
2116443
2116444
2209999

6444889
6440839
6668833
2115553
2115753
2117777
2209999

5554449
5750449
7777333
2113386
2118886
2118666
2209999

6444889
6440389
6663388
2113555
2113575
2117777
2209999

7777889
5750389
5553388
2113666
2113446
2114446
2209999

7777889
5570839
5228833
5526663
1126443
1126444
1109999

7777889
5570389
5223388
5523666
1123446
1124446
1109999

7777119
5570119
5666112
5586442
8886442
8333422
3309999

7777119
3370119
8333112
8886442
5586442
5666422
5509999

8822229
6820449
6883444
6663555
1133575
1137777
1109999

4455279
4450279
8455277
8882276
1183336
1133666
1109999

7222239
7550239
7758833
7558643
1188644
1166644
1109999

2233349
2330449
2666447
2886557
1186577
1188557
1109999

2277779
2440739
2445533
2465883
1165583
1166688
1109999

2246669
2440369
2443367
2883557
1183577
1188557
1109999

2236669
2330869
2388867
2384557
1144577
1144557
1109999

6665539
6880539
6875533
8877443
1172444
1172222
1109999

7777889
5750839
5558833
6664443
1162443
1162222
1109999

4488379
4480379
4883377
6663575
1162555
1162222
1109999

7777889
5750849
5558844
6663344
1162333
1162222
1109999

