4777739
4470339
4488322
1118362
1118862
5556662
5059999

4777739
4470339
4422388
1112386
1112886
5552666
5059999

2222889
2440389
4447388
1117336
1117736
5557666
5059999

2222889
2440839
4448837
1116337
1116377
5556667
5059999

7777889
2270689
2111688
2111666
2333444
5553344
5059999

1116669
1110269
8222267
8883557
4483577
4433557
4039999

6444889
6440789
6667788
2222711
2333711
5553311
5059999

6664449
6220449
6255333
7253311
7255811
7788811
7089999

3884449
3380449
6388722
6377772
6661112
5551112
5059999

7777449
8870449
6833422
6883332
6661112
5551112
5059999

2666449
2680449
2688847
2233877
3331117
5551117
5059999

8222269
8880269
4486667
4433377
4331117
5551117
5059999

1155579
1150579
1138877
2233876
2443886
2443666
2049999

1122889
1120389
1127388
4427336
4447736
5557666
5059999

1122889
1120839
1128837
4426337
4446377
5556667
5059999

7777889
1170489
1164488
1164433
6663332
5552222
5059999

7777889
1170389
1163388
1163444
6663442
5552222
5059999

7777889
1170849
1168844
1163344
6662333
5552222
5059999

7777889
1170839
1168833
1164443
6662443
5552222
5059999

4422229
4440829
1188833
1183336
1177776
5557666
5059999

1122229
1120839
1188837
4486337
4446377
5556667
5059999

2114449
2110449
2117777
2233786
3338886
5558666
5059999

2222889
2110839
6118833
6114443
6664473
5557777
5059999

2222889
2110389
6113388
6113444
6663744
5557777
5059999

7777889
2270839
2118833
2116663
2116443
5556444
5059999

7777889
2270389
2113388
2113666
2113446
5554446
5059999

1155569
1150569
1186664
7388844
7332844
7732222
7039999

1155889
1150689
1155688
7366644
7332444
7732222
7039999

7777119
8870119
6833112
6883332
6664442
5554422
5059999

