7777889
4470689
4440688
5566611
5222211
5533211
3339999

8822229
3820449
3880444
3355511
6357511
6777711
6669999

7777889
5750389
5550388
4443311
6443211
6222211
6669999

7777889
5750689
5550688
2366611
2344411
2334411
2239999

6444889
6440289
6660288
7111255
7111225
7733355
7339999

7556669
7750369
7550362
7111332
4111832
4488822
4489999

1114449
1110449
8850562
7855562
7886662
7733322
7339999

7777889
5750689
5550688
4466633
4443332
1112222
1119999

7777889
5750689
5550688
4433666
4443332
1112222
1119999

4422889
4420389
4720388
7723311
6753511
6755511
6669999

5574449
5770449
5570666
2278611
2888611
2833311
2339999

5574449
5770449
5570333
2273311
2666811
2688811
2689999

8855539
6850539
6880334
6662344
2222744
1117777
1119999

8855539
6850539
6880337
6662377
2222447
1114447
1119999

6664449
8860449
3860111
3887111
3377772
5352222
5559999

7777889
5750689
5550688
2222666
2333444
1113344
1119999

5577779
5220749
5520344
8823344
6823111
6883111
6669999

8855539
6850539
6880733
6667743
2222744
1112744
1119999

1122449
1120449
1120455
8823335
6833755
6887777
6669999

1122889
1120689
1120688
5527666
5777744
5533444
3339999

1122889
1120689
1120688
7525666
7555444
7733344
7339999

7777239
5750239
5550233
8666223
8886111
4486111
4449999

4488239
4480239
4880233
7777223
6575111
6555111
6669999

4488239
4480239
4880233
7666223
7556111
7756111
7559999

7777239
5750239
5550233
8844223
6844111
6884111
6669999

7777449
5570449
5330488
5533386
2222886
1112666
1119999

1124449
1120449
1120333
7223386
7558886
7758666
7559999

1124449
1120449
1120388
7223386
7553886
7753666
7559999

7777889
5750689
5550688
2344666
2344111
2334111
2239999

7777889
5750689
5550688
2443666
2443111
2433111
2239999

7777449
5750449
5550422
6663112
6883112
6833112
8839999

7777449
5750449
5550422
6668112
6888112
6833112
3339999

1124449
1120449
1120557
8822577
6833557
6883337
6669999

8855579
6850579
6880277
6663274
1133244
1132244
1139999

7556669
7750369
7550362
7444332
1144832
1188822
1189999

7777239
5750239
5550233
1188223
1168444
1168844
6669999

4422229
4470829
3470888
3776668
3376111
5356111
5559999

7777889
5750689
5550688
2222666
4442111
4433111
3339999

7777889
5750689
5550688
2222666
3332111
4433111
4449999

7777449
5750449
5550422
1186662
1188862
1133862
3339999

7777229
5750249
5550244
6668244
6888111
6833111
3339999

7777229
5750249
5550244
6663244
6883111
6833111
8839999

1122229
1120449
1130444
8837777
6833575
6883555
6669999

2222119
2440119
4440117
6663557
6883577
6833557
8839999

2222119
2440119
4440117
6668557
6888577
6833557
3339999

2114449
2110449
2110388
2273386
5573886
5773666
5579999

2222889
2440689
4440688
1166655
1177775
1133755
3339999

2114449
2110449
2110333
2273386
5578886
5778666
5579999

1122229
1160829
1160888
6663338
5533444
5777744
5579999

5577779
5880739
5580334
1188344
1162344
1162222
6669999

5577779
5880739
5580433
1188443
1162443
1162222
6669999

7777449
5750449
5550422
3336662
1133862
1188862
1189999

7554449
7750449
7550388
7223386
1123886
1123666
1129999

7554449
7750449
7550333
7223386
1128886
1128666
1129999

5574449
5770449
5570388
2273386
2113886
2113666
2119999

7777119
5750119
5550112
6663442
6883442
6833422
8839999

7777119
5750119
5550112
6668442
6888442
6833422
3339999

5574449
5770449
5570333
2273386
2118886
2118666
2119999

8822229
6820449
6880444
6663555
1133575
1137777
1139999

