3884449
3380449
6388055
6377775
6662755
1112222
1119999

7222239
7740239
7448033
7448883
6111585
6111555
6669999

1114449
1110449
6665052
6885552
6877772
8833722
3339999

1114449
1110449
8333062
8883362
5586662
5777722
5579999

3884449
3380449
6388022
6377772
6665752
1115552
1119999

6664449
6880449
6833022
8873332
5571112
5771112
5579999

8855579
6850579
6883077
6663374
2222344
1112344
1119999

7777449
3370449
8333042
8882222
6585111
6555111
6669999

5554449
5750449
7777022
6663112
6883112
6833112
8839999

5554449
5750449
7777022
6668112
6888112
6833112
3339999

6664449
8860449
3867022
3887112
3377112
5357112
5559999

5554449
5750449
7777022
1186662
1188862
1133862
3339999

5554449
5750449
7777022
3336662
1133862
1188862
1189999

