4222269
4430269
4436660
7335511
7388511
7785511
7889999

7222239
7550239
7756330
7556311
4666811
4488811
4489999

7222269
7550269
7756660
7553311
4333811
4488811
4489999

3222269
3880269
3386660
7388411
7554411
7754411
7559999

8222269
8880269
3386660
7333411
7554411
7754411
7559999

5577779
5330729
5533320
1118826
1118226
4488666
4449999

4436669
4430269
8433260
8883211
5582211
5777711
5579999

8822229
3820449
3884440
3355511
6357511
6777711
6669999

8855569
7850569
7886660
7733344
7332444
1112222
1119999

1116669
1110269
8844260
7844255
7884225
7733355
7339999

7777449
5750449
5552240
6663211
6883211
6833211
8839999

7777449
5750449
5552240
6668211
6888211
6833211
3339999

5556669
5750369
7777360
2443311
2443811
2488811
2289999

7777449
5570449
5222240
5533286
3338886
1118666
1119999

4886669
4480269
4488260
7111255
7111225
7733355
7339999

4445529
4480529
8885520
8333226
3377776
1117666
1119999

5556669
5750469
2774460
2784411
2788811
2233811
3339999

2444889
2440879
2338870
2233377
6111575
6111555
6669999

6664449
6880449
6811130
8811133
5522223
5777723
5579999

5533379
5330779
5511170
2211174
2666844
2688844
2689999

6664449
8860449
3867220
3887211
3377211
5357211
5559999

5554449
5750449
7777220
6668211
6888211
6833211
3339999

5554449
5750449
7777220
6663211
6883211
6833211
8839999

5554449
5750449
7777330
2233311
2666811
2688811
2689999

3777729
3370829
6388820
6385522
6665444
1115544
1119999

2236669
2330869
2388860
2384411
5544411
5777711
5579999

2236669
2330869
2388860
2385511
7777511
4475511
4449999

5554449
5350449
3377770
3887111
3862111
8862222
6669999

2222449
2330449
5533340
5777786
5578886
1118666
1119999

2222449
2330449
6833340
6888555
6668575
1117777
1119999

5533379
5330779
5586270
8886274
8666244
1112244
1119999

8855579
6850579
6883770
6663374
2222344
1112344
1119999

4445529
4470529
3775520
3378822
6378111
6388111
6669999

1124449
1120449
1128830
7226833
7556883
7756663
7559999

1124449
1120449
1123330
7226833
7556888
7756668
7559999

1126669
1120369
1123360
7223884
7553844
7758844
7559999

1126669
1120369
1123360
8223555
8883575
4487777
4449999

6665529
1160529
1165520
1133822
3337888
4477778
4449999

1155569
1150569
1176660
8777733
8883332
4482222
4449999

8855569
3850569
3886660
3372222
4372111
4477111
4479999

1155529
1150529
1133320
7336822
7746888
7446668
7449999

4422229
4420339
8433370
8887777
6585111
6555111
6669999

4445529
8440529
8885520
1187226
1177776
1133666
3339999

1122229
1120479
1134470
8834477
6833575
6883555
6669999

5577779
5220789
5528880
1128666
1124446
1133446
3339999

1122229
1120449
1134440
8837777
6833575
6883555
6669999

5577779
5220789
5528880
1128446
1124446
1133666
3339999

7777119
5570119
5333110
5523386
4428886
4428666
4229999

2222119
2440119
4448110
5578886
5777786
5533666
3339999

2222119
2440119
3444110
3777786
3378886
5358666
5559999

2114449
2110449
2118830
2276833
5576883
5776663
5579999

7777119
3370119
2333110
2555884
2565844
2268844
6669999

2114449
2110449
2113330
2276833
5576888
5776668
5579999

2116669
2110369
2113360
2273884
5573844
5778844
5579999

2116669
2110369
2113360
2283555
8883575
8447777
4449999

7777889
5750829
5558820
1144426
1144226
1133666
3339999

1177779
1180729
1188820
5544826
5444226
5533666
3339999

1177779
1180729
1188820
5553826
5453226
4433666
4439999

1177779
1120789
1128880
5528446
5224446
5533666
3339999

1177779
1120789
1128880
5528666
5224446
5533446
3339999

2446669
2440869
2488860
2283555
1133575
1137777
1139999

2666119
2630119
2633110
2273884
5573844
5778844
5579999

2666119
2630119
2633110
2283555
8883575
8447777
4449999

2444119
2440119
2333110
2273386
5578886
5778666
5579999

1155229
1150239
1155230
8844233
6844473
6887777
6669999

4455119
4450119
7455110
7733666
7883336
7822226
8829999

7554449
7750449
7558830
7226833
1126883
1126663
1129999

1166679
1160779
1163370
8333575
8882555
4482222
4449999

7554449
7750449
7553330
7226833
1126888
1126668
1129999

7556669
7750369
7553360
7223884
1123844
1128844
1129999

4446669
4480369
8883360
8223555
1123575
1127777
1129999

1155449
1150449
1155840
7777888
6273338
6222233
6669999

5554449
5750449
7777330
2233386
2118886
2118666
2119999

5574449
5770449
5578830
2276833
2116883
2116663
2119999

6664449
6880449
6855530
8857533
1177773
1122223
1129999

5533379
5330779
5566670
2288674
2118644
2118844
2119999

5574449
5770449
5573330
2276833
2116888
2116668
2119999

6664449
6880449
6822220
8823555
1133575
1137777
1139999

5576669
5770369
5573360
2273884
2113844
2118844
2119999

4446669
8440369
8883360
2283555
2113575
2117777
2119999

7777119
3370119
8333110
8882222
6585442
6555444
6669999

8822229
6820449
6884440
6663555
1133575
1137777
1139999

7777889
5570829
5338820
5533326
1144226
1144666
1149999

4488119
4480119
4887110
2277776
2553336
2533666
2559999

7777119
2270119
2333110
2443386
2448886
5458666
5559999

7777119
2270119
2333110
2883355
2864445
8864455
6669999

7777119
3370119
8333110
8884455
6284445
6222255
6669999

5533379
5330779
5511270
8811274
6811244
6882244
6669999

7222269
7550269
7756660
7553334
1133844
1188844
1189999

7222269
7550269
7756660
7553884
1133844
1138844
1139999

8222269
8880269
4486660
4443555
1133575
1137777
1139999

2236669
2330869
2388860
2387777
1144575
1144555
1149999

