1115539
1110539
8825533
0822223
6887444
6777744
6669999

1114449
1110449
2222666
0332886
5533386
5777788
5579999

7777889
3750589
3355588
0344411
6344211
6222211
6669999

5556669
5750369
7777362
0111332
4111832
4488822
4489999

1116669
1110369
7777362
0575332
4555832
4488822
4489999

1114449
1110449
7777832
0788832
6585332
6555322
6669999

3444889
3440789
3355788
0357711
6255711
6222211
6669999

7777889
5750489
5554488
0334411
6233311
6222211
6669999

5522229
5880729
5587777
0388666
4331116
4431116
4439999

5522229
5880729
5587777
0388666
3341116
3441116
3449999

5554449
5750449
7733322
0788332
6781112
6881112
6669999

7777889
3750589
3355588
0322666
4321116
4421116
4429999

3444889
3440689
3322688
0372666
5572111
5772111
5579999

4422229
4440829
5588833
0583336
5577776
1117666
1119999

1122889
1120839
1128833
0425553
4465753
4467777
6669999

1122889
1120839
1128833
0425553
6445753
6447777
6669999

1122889
1120389
1123388
0423555
4463575
4467777
6669999

1122889
1120389
1123388
0423555
6443575
6447777
6669999

4488239
4480239
4887233
0557223
6577111
6557111
6669999

7777239
5750239
5558233
0888223
6844111
6444111
6669999

1124449
1120449
1127777
0228755
6888335
6833355
6669999

1155539
1150539
1188337
0448377
6448827
6422227
6669999

5556669
5750369
7777362
0444332
1144832
1188822
1189999

1122229
1120839
1188833
0485553
4465753
4467777
6669999

1122229
1120839
1188833
0485553
6445753
6447777
6669999

1176669
1170369
1177362
0575332
4555832
4488822
4489999

1166649
1160449
1168442
0338882
5533382
5777722
5579999

1122229
1150529
1155588
0777786
4447886
4433666
3339999

1122229
1170829
1173888
0773348
6575344
6555344
6669999

1122229
1150529
1155588
0777786
3337886
4433666
4449999

7777889
5750489
5554488
0114433
6113332
6112222
6669999

5554449
5750449
7777388
0223386
1123886
1123666
1129999

4488739
4480739
4887733
0115753
6115552
6112222
6669999

7777889
5750389
5553388
0113444
6113442
6112222
6669999

7777889
5750839
5558833
0226663
1126443
1126444
1129999

6444889
6440839
6668833
0225553
1125753
1127777
1129999

5554449
5750449
7777333
0223386
1128886
1128666
1129999

7777889
5750389
5553388
0223666
1123446
1124446
1129999

6444889
6440389
6663388
0223555
1123575
1127777
1129999

5577779
5330749
5533344
0226844
1126888
1126668
1129999

2222889
2440389
4443388
0113555
6113575
6117777
6669999

2222889
2440839
4448833
0115553
6115753
6117777
6669999

3444119
3440119
3368112
0368882
5566682
5777722
5579999

6444119
6440119
6668112
0338882
5533382
5777722
5579999

7777889
5750849
5558844
0113344
6112333
6112222
6669999

7777889
5750839
5558833
0114443
6112443
6112222
6669999

4488379
4480379
4883377
0113575
6112555
6112222
6669999

5556669
5750369
7711362
0711332
4711832
4488822
4489999

3222269
3880269
3386667
0388557
1144577
1144557
1149999

8222269
8880269
3386667
0333557
1144577
1144557
1149999

