5556669
5350769
3388764
3087744
3882744
1112222
1119999

7777889
2270389
2553388
2053666
2553446
1114446
1119999

7777889
2270839
2558833
2056663
2556443
1116444
1119999

1114449
1110449
2222333
2073386
5578886
5778666
5579999

1114449
1110449
2222388
2073386
5573886
5773666
5579999

4777739
4470339
4422388
5052386
5552886
1112666
1119999

4777739
4470339
4488322
5058362
5558862
1116662
1119999

5556669
5350869
3388862
3082222
3777744
1117444
1119999

5533379
5330779
5511176
8011176
8882666
4482222
4449999

7777889
2270389
2553388
2053611
2553611
4466611
4449999

2222889
2350589
3355588
3071116
3471116
4477666
4479999

4422229
4420839
6488833
6085553
6665753
1117777
1119999

2222889
2440389
6443388
6043555
6663575
1117777
1119999

2222889
2440839
6448833
6045553
6665753
1117777
1119999

2222889
2440389
4447388
5057336
5557736
1117666
1119999

2222889
2440839
4448837
5056337
5556377
1116667
1119999

4422229
4440829
5588833
5083336
5577776
1117666
1119999

2255539
2850539
2888337
2048377
6441117
6441117
6669999

4445579
4480579
8885577
8033376
2222336
1112666
1119999

1122889
1120839
1128833
7026663
7556443
7756444
7559999

1122889
1120839
1128833
4025553
4465753
4467777
6669999

1122889
1120389
1123388
4023555
4463575
4467777
6669999

1122889
1120389
1123388
7023666
7553446
7754446
7559999

4422889
4420839
6428833
6025553
6665753
1117777
1119999

4422889
4420389
6423388
6023555
6663575
1117777
1119999

1155889
1150689
1155688
7033666
7743332
7442222
7449999

1155889
1150689
1155688
7066633
7743332
7442222
7449999

1166639
1120639
1128633
7028883
7722585
7444555
7449999

7222239
7250539
7755533
7086663
8886111
8446111
4449999

2222889
2440689
3447688
3047666
3377111
5357111
5559999

1155579
1150579
1138877
2033876
2443886
2443666
2249999

7556669
7750369
7554362
7044332
1144832
1188822
1189999

4422229
4470829
3477888
3076668
3376111
5356111
5559999

1122229
1120839
1188833
7086663
7556443
7756444
7559999

1122229
1120839
1188833
4085553
4465753
4467777
6669999

4422889
4420689
3427688
3027666
3377111
5357111
5559999

