1115559
1115059
2687777
2688870
2666844
2233444
3339999

1115579
1115079
2685577
2688870
2666844
2233444
3339999

6663339
6233079
6222277
1118870
1118575
4488555
4449999

5558879
5458079
4488677
4433670
3332666
1112222
1119999

5558879
5358079
3388677
3444670
3442666
1112222
1119999

6111889
6111089
6663388
7333440
7554442
7752222
7559999

2222889
2111089
3111788
3355740
6357744
6355744
6669999

4443339
4433079
6667777
6822220
6888525
1118555
1119999

2235579
2335079
2385577
2388870
6111844
6111444
6669999

2235559
2335059
2387777
2388870
6111844
6111444
6669999

7553889
7753089
7553388
7111340
6111244
6222244
6669999

3222279
3244079
3344477
5356870
5556888
1116668
1119999

6111889
6111089
6663388
7333440
7552444
7752222
7559999

1115559
1115059
3337777
2233740
2666844
2688844
2689999

1115559
1115059
7777666
2278640
2888644
2833344
2339999

1115559
1115059
7777333
2273340
2666844
2688844
2689999

1175559
1175059
1177666
2278640
2888644
2833344
2339999

8822229
7855029
7885666
7755640
7333644
1113344
1119999

2445579
2445079
2435577
2238870
6338111
6388111
6669999

2445559
2445059
2437777
2238870
6338111
6388111
6669999

2553339
2533079
2557777
2286660
8886111
8446111
4449999

3322229
7333029
7744455
7844650
7888655
1118666
1119999

1175559
1175059
1177333
2273340
2666844
2688844
2689999

4455889
4445089
2655788
2677770
2666111
2233111
3339999

1126669
1126079
1126377
8223370
8883575
4483555
4449999

6668879
6558079
6588377
2553370
2443111
2443111
2249999

6665579
1165079
1165577
1133370
4488332
4482222
4889999

6665559
1165059
1167777
1133370
4488332
4482222
4889999

6665579
2365079
2365577
2338870
2238111
4488111
4449999

6665559
2365059
2367777
2338870
2238111
4488111
4449999

6663889
1163089
1163388
1175350
4775552
4472222
4479999

3225579
3325079
6325577
6328870
6668111
4488111
4449999

3225559
3325059
6327777
6328870
6668111
4488111
4449999

6663379
6333079
6222277
5258870
5558111
4488111
4449999

6665559
1165059
1167777
1183370
8882333
8442222
4449999

6665579
1165079
1165577
1183370
8882333
8442222
4449999

3322229
8333029
8884455
1184450
1164755
1167777
6669999

2222889
2333089
4443388
4476660
5576111
5776111
5579999

2222889
2333089
7553388
7756660
7556111
7446111
4449999

2222889
2333089
5573388
5776660
5576111
4476111
4449999

2222889
2333089
4443388
7446660
7556111
7756111
7559999

3322229
8333029
8887777
1185570
1165444
1165544
6669999

7777889
6575089
6555288
6663240
1133244
1132244
1139999

7666889
7556089
7756288
7553240
1133244
1132244
1139999

6665579
6325079
6325577
3328870
3228111
4488111
4449999

6665559
6325059
6327777
3328870
3228111
4488111
4449999

4422229
4447029
8777733
8883330
6585111
6555111
6669999

4473889
4473089
4773388
1175350
1165552
1162222
6669999

2222889
4442089
4433388
7336660
7556111
7756111
7559999

2222889
6662089
6734488
6734440
7733111
5753111
5559999

2222889
4442089
4433388
7777330
6575111
6555111
6669999

2222889
4442089
4433388
7666330
7556111
7756111
7559999

2222889
6662089
6733388
6744330
7744111
5754111
5559999

2222889
4332089
4433388
4476660
5576111
5776111
5579999

2222889
7332089
7733388
7446660
7446111
5456111
5559999

1122229
1124079
1134477
8834470
6833575
6883555
6669999

7777889
6575089
6555488
6663440
1133442
1132222
1139999

7666889
7556089
7756488
7553440
1133442
1132222
1139999

2116669
2116079
2116377
2283370
8883575
8443555
4449999

2235579
2335079
2365577
2368870
6668111
4488111
4449999

2235559
2335059
2367777
2368870
6668111
4488111
4449999

2244889
2444089
2733388
2755330
6775111
6755111
6669999

6665559
6115059
6117777
8113370
8882333
4482222
4449999

6665579
6115079
6115577
8113370
8882333
4482222
4449999

4445579
8445079
8885577
1183370
1162333
1162222
6669999

4445559
8445059
8887777
1183370
1162333
1162222
6669999

6663889
6113089
6113388
7115350
7745552
7442222
7449999

7443889
7443089
7743388
7115350
6115552
6112222
6669999

4446669
4486079
8886377
8223370
1123575
1123555
1129999

7555889
7535089
7733488
7113440
6113442
6112222
6669999

4446669
8446079
8886377
2283370
2113575
2113555
2119999

2211889
2311089
2311788
2337740
6535744
6555744
6669999

7555889
7535089
7733288
7113240
6113244
6112244
6669999

4445579
4485079
8885577
8113370
6112333
6112222
6669999

4445559
4485059
8887777
8113370
6112333
6112222
6669999

4422229
4447029
8777755
8883650
1183655
1133666
1139999

