2222889
7332089
7733388
7666011
7644411
5654411
5559999

1117889
1117089
2237788
2337055
2364445
2364455
6669999

2222889
3442089
3445588
3345011
6375511
6777711
6669999

2222889
4432089
4435588
4335011
6375511
6777711
6669999

6667889
6447089
6447788
5547011
5222211
5533211
3339999

1117889
1117089
6667788
6327055
6324445
3324455
3229999

1115559
1115059
2777788
2447086
2444886
2233666
3339999

5558879
5458079
4488776
4433076
3332666
1112222
1119999

5558879
5358079
3388776
3444076
3442666
1112222
1119999

1117889
1117089
6667788
2367055
2364445
2334455
2239999

1117889
1117089
5557788
5457033
4463332
4462222
6669999

1117889
1117089
6667788
6447033
6443332
5452222
5559999

1117889
1117089
5557788
5457033
6443332
6442222
6669999

1117889
1117089
6667788
4467033
4463332
5452222
5559999

1117889
1117089
5557788
5457026
4422226
4433666
3339999

1117889
1117089
5557788
5357026
3322226
3444666
3449999

2111889
2111089
2777788
2275056
4445556
4433666
3339999

2111889
2111089
2777788
2275056
3335556
4433666
4449999

4445559
4475059
2777788
2111086
2111886
2233666
3339999

6667889
6327089
6327788
3327055
3224445
1114455
1119999

1117889
1117089
3227788
3327055
6324445
6324455
6669999

1115559
1115059
3882222
3382044
6388744
6377774
6669999

6111889
6111089
6663388
7333044
7552444
7752222
7559999

7111889
7111089
7735588
7335044
6325544
6322224
6669999

1115559
1115059
8777762
8887062
4486662
4433322
4339999

1116669
1117069
8777762
8885052
4485552
4433322
4339999

1115559
1115059
8844462
7844062
7886662
7733322
7339999

1112559
1112059
6662554
6322044
6388744
3387777
3889999

1112559
1112059
6662557
6322077
6388447
3384447
3889999

2222889
2447089
3447788
3347011
6357511
6355511
6669999

1115579
1115079
3335577
2233074
2666844
2688844
2689999

1115559
1115059
3337777
2233074
2666844
2688844
2689999

6667889
6447089
6447788
5457033
5553332
1112222
1119999

5557889
5457089
6447788
6447033
6663332
1112222
1119999

6667889
4467089
4467788
5457033
5553332
1112222
1119999

5557889
5457089
4467788
4467033
6663332
1112222
1119999

1115559
1115059
8777744
8887044
6283334
6222233
6669999

4422889
4427089
3427788
3327011
6357511
6355511
6669999

6667889
2367089
2367788
2337055
2234445
1114455
1119999

2222559
6662059
6883557
6833077
8831117
4431117
4449999

2222559
3442059
3444557
3388077
6381117
6881117
6669999

2222559
3332059
4433557
4488077
6481117
6881117
6669999

6668559
6888059
6833554
3332044
2222744
1117777
1119999

6668559
6888059
6833557
3332077
2222447
1114447
1119999

3222269
3255069
3356667
8355077
8881117
4481117
4449999

6663559
6883059
6833554
8832044
2222744
1117777
1119999

6663559
6883059
6833557
8832077
2222447
1114447
1119999

3227889
3327089
6327788
6327055
6664445
1114455
1119999

2553339
2533089
2558887
2248077
6441117
6441117
6669999

8666559
8886059
3386557
2333077
2441117
2441117
2249999

3666559
3886059
3386557
2388077
2441117
2441117
2249999

6668559
6888059
6844557
2344077
2341117
2331117
2239999

6665559
6335059
6833311
2888011
2448711
2447777
2249999

6665559
6445059
6448811
2348011
2388711
2337777
2239999

2222559
2333059
3386554
8886044
8666744
1117777
1119999

2222559
2333059
3386557
8886077
8666447
1114447
1119999

2222559
2344059
3344557
3884077
3861117
8861117
6669999

2222559
2443059
4443557
8833077
6831117
6881117
6669999

2222559
2333059
3344557
8844077
6841117
6881117
6669999

2222559
2388059
3386557
3886077
3666447
1114447
1119999

2222559
2388059
3386554
3886044
3666744
1117777
1119999

6665559
6885059
6822227
8833027
3334477
1114447
1119999

5522229
5333029
5543311
8844011
6844711
6887777
6669999

7445559
7445059
7743388
7333086
2222886
1112666
1119999

2222559
3332059
6833557
6888077
6668447
1114447
1119999

2222559
3332059
6833554
6888044
6668744
1117777
1119999

2222559
8832059
6833554
6883044
6663744
1117777
1119999

2222559
8832059
6833557
6883077
6663447
1114447
1119999

2237889
2337089
2367788
2367055
6664445
1114455
1119999

3666559
3886059
3386554
2388044
2222744
1117777
1119999

3666559
3886059
3386557
2388077
2222447
1114447
1119999

8666559
8886059
3386554
2333044
2222744
1117777
1119999

8666559
8886059
3386557
2333077
2222447
1114447
1119999

6667889
1167089
1167788
1127055
4422225
4433355
4339999

3322229
8333029
8885557
1185057
1164477
1164447
6669999

3322229
8333029
8885544
1185044
1165574
1167777
6669999

2222559
3332059
1133557
1168077
1168887
4466687
4449999

2222889
2333089
4443388
4475056
1175556
1177666
1179999

8666559
8886059
1186557
1133077
1123337
4422227
4449999

2222889
2117089
6117788
6117055
6667335
4433355
4449999

6665559
6115059
6118832
7118032
7788332
7444322
7449999

6667889
6117089
6117788
2117055
2222335
4433355
4449999

6665559
6885059
6822227
8823077
1133447
1134447
1139999

6665559
6885059
6822224
8823044
1133744
1137777
1139999

2222559
2333059
3311557
8811077
6811447
6884447
6669999

2222559
2333059
3311554
8811044
6811744
6887777
6669999

8822229
6825059
6885557
6663077
1133447
1134447
1139999

8822229
6825059
6885554
6663044
1133744
1137777
1139999

6668559
6888059
6811557
2311077
2311447
2334447
2239999

6668559
6888059
6811554
2311044
2311744
2337777
2239999

5522229
5333029
5573388
7777086
1144886
1144666
1149999

2222889
4332089
4433388
4475056
1175556
1177666
1179999

