2222889
5552089
5654488
7644411
7666011
7733311
7339999

2222889
6662089
6777788
6375511
4335011
4435511
4439999

2222889
6662089
6777788
6375511
3345011
3445511
3449999

1115559
1115059
2222666
7442886
7444086
7733388
7339999

2222889
1112089
1113388
7333666
7745056
7445556
7449999

1115559
1115059
3884447
3384477
6388027
6322227
6669999

2222889
1112089
1113388
7777333
6575044
6555444
6669999

2222889
1112089
1113388
7666333
7556044
7756444
7559999

8777739
8887039
6585334
6555344
6662044
1112222
1119999

6665559
6885059
6877774
8833744
3332044
1112222
1119999

3111229
3111029
3355527
8356527
8886077
4486667
4449999

2445559
2445059
2488333
2283311
6887011
6777711
6669999

2111889
2111089
2777788
2275556
4445056
4433666
3339999

6663889
6443089
6443388
2545311
2555011
2777711
2279999

2111889
2111089
2777788
2275556
3335056
4433666
4449999

1115559
1115059
7777322
4788332
4468032
4468832
6669999

6665529
6885029
6485527
4488227
4433077
1113337
1119999

7111559
7111059
7738552
7338882
6344082
6344422
6669999

6111559
6111059
6668552
7448882
7444082
7733322
7339999

4445559
4435059
2337777
2388711
2368011
2268811
6669999

5522229
5444029
5544666
7111886
7111086
7733388
7339999

6822229
6888029
6668555
7111545
7111044
7733344
7339999

4445559
2445059
2222666
7111886
7111086
7733388
7339999

6111889
6111089
6663388
7333444
7552044
7752222
7559999

7444889
7744089
7222288
7233666
3335056
1115556
1119999

1116669
1117069
8777762
8885552
4485052
4433322
4339999

2222889
5552089
5753388
7777333
6111044
6111444
6669999

5544229
5444029
5511127
8811127
6833077
6883337
6669999

6668229
6888029
6811127
4411127
4433077
5453337
5559999

4445559
3445059
3311122
7311162
7388062
7786662
7889999

4445559
7445059
7711122
7311162
7388062
3386662
3889999

2222889
6662089
6711188
6711144
7733044
5753334
5559999

2444889
2447089
2777788
2233666
3335056
1115556
1119999

6665559
6445059
6447777
2248711
2888011
2833311
2339999

6665559
2265059
2867777
2888711
2338011
4433311
4449999

6665559
2265059
2367777
2388711
2338011
4438811
4449999

2243889
2443089
2443388
2555311
6575011
6777711
6669999

4225559
4425059
4421117
8821117
6833077
6883337
6669999

7553889
7753089
7553388
7444311
6244011
6222211
6669999

7777889
5754089
5554488
3334411
6233011
6222211
6669999

4422229
4428079
4888377
5853376
5553076
1113666
1119999

4445559
4475059
7777666
2222886
2333086
1113388
1119999

6822229
6888029
6668337
4433377
4445057
1115557
1119999

4422229
4448029
6888337
6833377
6665057
1115557
1119999

1123889
1123089
1123388
7226344
7556044
7756664
7559999

2222889
7332089
7733388
7444666
7445056
1115556
1119999

2222889
1172089
1173388
1177333
6575044
6555444
6669999

6662239
1162039
1162337
1182377
8885057
8445557
4449999

1125559
1125059
1127777
8822744
6833044
6883334
6669999

1125559
1125059
1124447
8822447
6833077
6883337
6669999

1135559
1135059
1133666
2443886
2444086
2777788
2279999

4442239
8442039
8882337
1182377
1165057
1165557
6669999

1146669
1144069
1144867
2388877
2385057
2335557
2239999

3322229
8333029
8887777
1185574
1165044
1165544
6669999

3322229
8333029
8884447
1184477
1165057
1165557
6669999

2222889
2333089
1173388
1177666
1175056
4475556
4449999

1188229
1168029
1168827
4466627
4433077
5453337
5559999

1144229
1144029
1154527
8855527
6833077
6883337
6669999

2222889
2333089
4443388
4475556
1175056
1177666
1179999

4445559
4475059
7777322
1188332
1168032
1168832
6669999

2113889
2113089
2113388
2276344
5576044
5776664
5579999

1122229
1144029
1144666
7545886
7555086
7733388
7339999

1122229
1188029
1186555
7886545
7666044
7733344
7339999

1122229
1144029
1144666
3334886
5533086
5777788
5579999

1122229
1155029
1157777
8855744
6833044
6883334
6669999

1122229
1168029
1168887
4466687
4433077
5453337
5559999

1122229
1155029
1154447
8855447
6833077
6883337
6669999

6662239
6112039
6112337
8112377
8885057
4485557
4449999

7553889
7753089
7553388
7226344
1126044
1126664
1129999

1144559
1144059
1124557
8822227
6833077
6883337
6669999

5573889
5773089
5573388
2276344
2116044
2116664
2119999

3336669
5533069
5884467
5584447
1188077
1122227
1129999

2211889
2311089
2311788
2337777
6535044
6555444
6669999

4442239
4482039
8882337
8112377
6115057
6115557
6669999

8666559
8886059
4486557
4443337
1133077
1122227
1129999

8844559
6844059
6884557
6663337
1133077
1122227
1129999

2244439
2844039
2888337
2118377
6115057
6115557
6669999

4488559
4486059
4886557
3336667
1133077
1122227
1129999

2222889
5552089
5753388
7711333
6711044
6711444
6669999

4445559
3445059
3311666
2311886
2311086
2777788
2279999

3322229
4333029
4411666
4411886
5511086
5777788
5579999

2222889
4332089
4433388
4475556
1175056
1177666
1179999

