1115559
1115059
0444666
7244886
7222286
7733388
7339999

1116889
1116089
0666788
5577774
5222244
5533244
3339999

1115559
1115059
0666844
2688844
2683334
2777733
2279999

1116889
1116089
0666788
2443755
2443775
2433755
2239999

1116889
1116089
0666788
2344755
2344775
2334755
2239999

2222559
2111059
0111557
6663477
6883447
6833447
8839999

1115539
1115039
0685533
2688843
2666844
2777744
2279999

5553889
5753089
0743388
7744311
6744211
6222211
6669999

2222559
2111059
0111557
6668477
6888447
6833447
3339999

1115559
1115059
0666444
7633344
7688332
7782222
7889999

1116669
1118069
0888565
7833555
7743332
7442222
7449999

1116889
1116089
0666288
4222255
4477775
4433755
3339999

3885559
3385059
0388666
2344611
2444611
2777711
2279999

1115559
1115059
0777722
3376662
4333862
4488862
4489999

1115559
1115059
0777722
8874442
6833442
6883332
6669999

4445559
4485059
0788832
7777832
6111332
6111322
6669999

1115559
1115059
0777722
8873332
6833442
6884442
6669999

2222889
2333089
0443388
4447777
6111575
6111555
6669999

2222559
3332059
0733558
7777888
6111844
6111444
6669999

2222889
2666089
0611188
4611155
4477775
4433755
3339999

1115559
1115059
0682222
7688842
7666844
7733344
7339999

1115559
1115059
0333666
3322226
4488726
4487777
4889999

1116889
1116089
0666788
2222755
3332775
4433755
4449999

1116889
1116089
0666788
2222755
4442775
4433755
3339999

2222889
2666089
0655788
4657711
4455711
4433711
3339999

2222889
2555089
0575688
7777611
4466611
4433311
4339999

6662889
5562089
0562788
5522711
3337711
4433711
4449999

6662889
5562089
0562788
5522711
4447711
4433711
3339999

5553889
5753089
0723388
7724311
6724411
6224411
6669999

7777889
5574089
0564488
5564433
6663332
1112222
1119999

1115559
1115059
0777733
2273334
2666844
2688844
2689999

1115559
1115059
0777788
2273386
2333886
2444666
2449999

1115579
1115079
0335577
2233374
2666844
2688844
2689999

1115559
1115059
0337777
2233374
2666844
2688844
2689999

1113889
1113089
0443388
4447355
6277775
6222255
6669999

4443559
4433059
0738552
7738882
6711182
6711122
6669999

4475559
4475059
0477666
2278611
2888611
2833311
2339999

4475559
4475059
0477333
2273311
2666811
2688811
2689999

7777889
5573089
0543388
5544311
6244311
6222211
6669999

7777889
5573089
0533488
5534411
6234411
6222211
6669999

6665559
8865059
0861112
4881112
4477772
4433722
3339999

6662239
5562039
0562337
5582377
8881117
8441117
4449999

2222889
4442089
0443388
7333666
7551116
7751116
7559999

4445539
4475039
0775533
8871113
6871112
6882222
6669999

6665539
8865039
0865533
7881113
7741112
7442222
7449999

3885559
3385059
0388722
4377772
4461112
4461112
6669999

8666559
8886059
0486552
7441112
7441112
7733322
7339999

5558839
5658039
0688337
2666377
2441117
2441117
2249999

2222889
2333089
0443388
7444666
7551116
7751116
7559999

2222889
2666089
0436788
4436755
4433775
1113755
1119999

2222889
2444089
0443388
7333666
7551116
7751116
7559999

3225559
3325059
0328811
7328611
7788611
7444666
7449999

5557889
5357089
0337788
2237666
2431116
2441116
2449999

3336669
8833069
0822565
7882555
7742111
7442111
7449999

4445559
4475059
0777722
6663112
6883112
6833112
8839999

4445559
4475059
0777722
6668112
6888112
6833112
3339999

5558839
5658039
0688334
2666344
2222744
1117777
1119999

5558839
5658039
0688337
2666377
2222447
1114447
1119999

2222889
2666089
0655788
4657777
4455111
4433111
3339999

4422229
4433029
0483337
1188877
1165857
1165557
6669999

2222889
2755089
0753388
7755333
6744111
6444111
6669999

2222889
2444089
0443388
7777333
6575111
6555111
6669999

2222889
2444089
0443388
7666333
7556111
7756111
7559999

6665559
8865059
0862222
7883332
7733111
7444111
7449999

4445559
4475059
0777722
1186662
1188862
1133862
3339999

2222889
4442089
0443388
7666333
7556111
7756111
7559999

2222889
4442089
0443388
7777333
6575111
6555111
6669999

2222889
2555089
0565788
1167777
1166644
1133444
3339999

2222559
2666059
0886557
1186477
1188447
1133447
3339999

2222889
2555089
0535788
1133774
1163744
1163744
6669999

2222889
2113089
0113388
7116344
7556344
7756664
7559999

4445559
4475059
0777722
3336662
1133862
1188862
1189999

4475559
4475059
0477388
2273386
2113886
2113666
2119999

3336669
5533069
0548867
5544877
1144887
1122227
1129999

4411889
4411089
0411788
2277776
2553336
2533666
2559999

4475559
4475059
0477333
2273386
2118886
2118666
2119999

2222889
2666089
0611788
4611755
4411775
4433755
3339999

4422229
4411029
0411557
8811577
6833557
6883337
6669999

2222559
3332059
0733558
7711888
6711844
6711444
6669999

4445559
4485059
0788832
7711832
6711332
6711322
6669999

2222889
5532089
0533488
5573446
1173446
1177666
1179999

2222889
5572089
0577488
5573446
1173446
1133666
1139999

