2222889
4332089
4433388
4455511
6057511
6777711
6669999

2222889
2333089
1113388
1114455
6074445
6777755
6669999

2222889
2333089
1113388
1117777
6044575
6444555
6669999

3322229
8333029
8887777
5584711
5064411
5564411
6669999

7777889
6575089
6555288
6663211
4033211
4432211
4439999

7666889
7556089
7756288
7553211
4033211
4432211
4439999

1116889
1116089
2666788
2444755
2044775
2233755
3339999

6665559
6375059
6378844
3377844
3072884
1112222
1119999

7777889
5754089
5554488
3334411
6033211
6222211
6669999

7553889
7753089
7553388
7444311
6044211
6222211
6669999

7111889
7111089
7744488
7554433
6053332
6552222
6669999

3111889
3111089
3366688
2364455
2064445
2777755
2279999

1115559
1115059
4447777
4488733
6083332
6882222
6669999

2553339
2533079
2557777
2288411
6084411
6884411
6669999

1115559
1115059
3366644
7333644
7088642
7782222
7889999

4455889
4445089
3355688
2333611
2066611
2777711
2279999

3555889
3545089
3344688
2344611
2066611
2777711
2279999

1116669
1112069
2222867
5588877
5084447
5533447
3339999

4666889
4426089
4426788
5527711
5022711
5533711
3339999

1115559
1115059
4488322
4448332
6078832
6777732
6669999

1115559
1115059
4433322
4448332
6078882
6777782
6669999

6663339
6833079
6888772
5558472
5054472
1114422
1119999

4422889
4442089
6662788
5562711
5067711
5533711
3339999

1118839
1118039
4488332
4445352
6075552
6777722
6669999

2222889
2333089
6663388
6777711
6057511
4455511
4449999

2222889
2333089
4443388
4455511
6057511
6777711
6669999

1115559
1115059
3337777
2233786
2048886
2448666
2449999

1115559
1115059
7777333
2273386
2048886
2448666
2449999

1115559
1115059
7777388
2273386
2043886
2443666
2449999

3322229
8333029
8881117
5581117
5064477
5564447
6669999

4442239
8442039
8882337
5582377
5061117
5561117
6669999

4442239
4482039
8882337
8552377
6051117
6551117
6669999

3322229
8333029
8884447
5584477
5061117
5561117
6669999

4488229
4483029
4883327
5556327
5056377
1116667
1119999

5544889
5444089
5533388
2222336
2077776
1117666
1119999

4885559
4485059
4488666
2222336
2033376
1117777
1119999

2222559
2333059
3387554
8887644
8077644
1117666
1119999

3322229
8333029
8887111
5587111
5067744
5567444
6669999

2222889
2666089
4436788
4436755
4033775
1113755
1119999

2222889
2333089
6663388
6777755
6074445
1114455
1119999

2222889
2333089
6663388
6444555
6044575
1117777
1119999

2222559
2388059
3387554
3887644
3077644
1117666
1119999

5522229
5666029
5586447
8886447
8033477
1113337
1119999

8822229
7855029
7885666
7755644
7033644
1113334
1119999

3322229
8333029
8884411
5584411
5064711
5567777
6669999

2244439
2844039
2888337
2558377
6051117
6551117
6669999

1175559
1175059
1177333
2273386
2048886
2448666
2449999

1175559
1175059
1177388
2273386
2043886
2443666
2449999

4666889
4426089
4426788
5527777
5022111
5533111
3339999

1177779
1187049
1188844
5533844
5063332
5562222
6669999

1177779
1137049
1138844
5533844
5063882
5562222
6669999

1177779
1127089
1128884
5528644
5022644
5533666
3339999

4435559
4435059
8433112
8883112
6087112
6777722
6669999

3322229
8333029
8887444
5587744
5067111
5567111
6669999

2222889
5552089
5753388
7777333
6044111
6444111
6669999

2115559
2115059
2118666
2278886
4073386
4477333
4479999

1176669
1177069
1178862
5578442
5088442
5533422
3339999

2113889
2113089
2113388
2275356
4075556
4477666
4479999

2115559
2115059
2113666
2273886
4073386
4477388
4479999

6665559
6115059
6118822
7118442
7088442
7733342
7339999

6665539
6115039
6115533
7114443
7088442
7782222
7889999

6665559
6115059
6118842
7118442
7088442
7733322
7339999

3322229
8333029
8887777
5581174
5061144
5561144
6669999

3322229
8333029
8881144
5581144
5061174
5567777
6669999

