1115559
1115059
3444887
3344807
6328877
6322227
6669999

1116559
1116059
2666557
2448807
2444877
2233887
3339999

8844559
7844059
7884556
7733306
7332666
1112222
1119999

1116669
1118069
3888267
3844207
3344277
5354227
5559999

1115559
1115059
8844666
2844406
2883336
2777733
2279999

2222889
2111089
3111788
3355704
6357744
6355744
6669999

2222559
2111059
3111557
3348807
6344877
6344887
6669999

1115559
1115059
7777322
4788302
4468332
4468832
6669999

7553889
7753089
7553388
7111304
6111244
6222244
6669999

8777739
8887039
6585332
6555302
6664442
1114422
1119999

6665559
6885059
6877772
8833702
3334442
1114422
1119999

6822229
6888029
6668555
7111505
7111444
7733344
7339999

2443559
2443059
2433557
2238807
6111877
6111887
6669999

2344559
2344059
2334557
2238807
6111877
6111887
6669999

5556669
5354069
3344762
3844702
3888772
1118722
1119999

1115559
1115059
2222666
2333806
3388876
4487777
4449999

6111889
6111089
6663388
7333505
7742555
7442222
7449999

4422229
4433029
5453337
5558807
6111877
6111887
6669999

1115559
1115059
6664442
6884402
6877772
8833722
3339999

2222559
4442059
4433557
3338807
6111877
6111887
6669999

2222559
3332059
4433557
4448807
6111877
6111887
6669999

1116669
1118069
3888762
3844702
3344772
5354722
5559999

1115559
1115059
6877772
6888702
6668332
4433322
4449999

1115559
1115059
4477772
4448702
6888332
6833322
6669999

2222889
2333089
3311188
4411106
4477776
5457666
5559999

5544889
5444089
5511188
2311106
2377776
2337666
2239999

1115559
1115059
3337777
2233704
2666844
2688844
2689999

1115559
1115059
7777666
2278604
2888644
2833344
2339999

1115559
1115059
7777333
2273304
2666844
2688844
2689999

4422229
4448029
3888666
3811106
3311176
5357777
5559999

6665539
6885039
6485533
4488703
4477772
1112222
1119999

1115559
1115059
7777336
8733306
8882666
4482222
4449999

1115559
1115059
7777666
8733306
8882336
4482222
4449999

4885559
4485059
4488666
2311106
2311176
2337777
2239999

1115559
1115059
3377776
8333706
8882666
4482222
4449999

5556669
5354069
3344267
3844207
3888277
1118227
1119999

4422229
4428039
4888337
5856307
5556377
1116667
1119999

1175559
1175059
1177666
2278604
2888644
2833344
2339999

8822229
7855029
7885666
7755604
7333644
1113344
1119999

3322229
7333029
7744455
7844605
7888655
1118666
1119999

2777739
2447039
2444833
2288803
6585111
6555111
6669999

1175559
1175059
1177333
2273304
2666844
2688844
2689999

6665559
1165059
1162222
1133802
3337888
4477778
4449999

3336669
1133069
1148862
1144802
5544882
5777722
5579999

1125539
1125039
1125533
7226803
7746888
7446668
7449999

6665559
1165059
1168822
1133802
3337882
4477772
4449999

1144439
1144039
1155533
8857503
6877772
6882222
6669999

1123889
1123089
1123388
4422306
4477776
5457666
5559999

1144889
1144089
1154588
2355506
2377776
2337666
2239999

3322229
8333029
8884455
1184405
1164755
1167777
6669999

3322229
8333029
8887555
1187505
1167744
1167444
6669999

7777889
6575089
6555288
6663204
1133244
1132244
1139999

7666889
7556089
7756288
7553204
1133244
1132244
1139999

4445559
8445059
8882222
1182706
1177776
1133666
3339999

4445559
4475059
3772222
3378802
6378111
6388111
6669999

4666559
4426059
4426557
1128807
1122877
1133887
3339999

7822229
7888029
7738555
7334505
6344111
6344111
6669999

7822229
7888029
7738555
7433505
4463111
4463111
6669999

7822229
7888029
7738555
7433505
6443111
6443111
6669999

1166639
1167039
1167733
5557803
5457888
4422228
4429999

4445559
4475059
7777322
1188302
1168332
1168832
6669999

2115539
2115039
2115533
2276803
4776888
4476668
4479999

6668559
6888059
6844552
1144402
1177772
1133722
3339999

2555889
2575089
2777788
2233306
1144336
1144666
1149999

2222889
2114089
3114488
3114406
3377776
5357666
5559999

2222889
4442089
4455588
1157506
1177776
1133666
3339999

1122229
1188029
1186555
7886505
7666444
7733344
7339999

7777889
5754089
5554488
1124406
1122226
1133666
3339999

7445539
7445039
7745533
7226803
1126888
1126668
1129999

4475539
4475039
4775533
2276803
2116888
2116668
2119999

2211889
2311089
2311788
2337704
6535744
6555744
6669999

3336669
5533069
5884467
5584407
1188477
1122227
1129999

7555889
7535089
7733288
7113204
6113244
6112244
6669999

6668559
6888059
6833557
3334407
1144477
1122227
1129999

6663559
6883059
6833557
8834407
1144477
1122227
1129999

4411889
4411089
3411288
3222206
3377776
5357666
5559999

4422229
4447029
8777755
8883605
1183655
1133666
1139999

2222889
5572089
5777788
5533306
1144336
1144666
1149999

