2222889
4442089
4466688
3330611
5533611
5777711
5579999

2222889
2333089
1113388
1110666
7777446
5754446
5559999

2222889
2333089
1113388
1110555
6444575
6447777
6669999

2222889
4442089
4433688
3330611
5566611
5777711
5579999

2222889
3442089
3445588
3340511
6375511
6777711
6669999

2222889
4432089
4435588
4330511
6375511
6777711
6669999

2222889
3332089
4433688
4440611
5566611
5777711
5579999

1116669
1118069
2888565
2870555
2777744
2233444
3339999

1116889
1116089
2666788
2440755
2444775
2233755
3339999

7555889
7535089
7732288
7330211
6344211
6444211
6669999

7111889
7111089
7755588
7350526
3322226
3444666
3449999

7111889
7111089
7755588
7450526
4422226
4433666
3339999

3111889
3111089
3355588
7350526
7722226
7444666
7449999

4445559
3445059
3887777
3380711
6388211
6222211
6669999

1115559
1115059
7777666
2370886
2344486
2334488
2239999

7553889
7753089
7553388
7440311
6444211
6222211
6669999

7111889
7111089
7755588
7450533
4463332
4462222
6669999

7111889
7111089
7755588
7450533
6443332
6442222
6669999

2222889
2111089
3111788
3340755
6344775
6344755
6669999

4445559
8445059
8887777
3380711
6333211
6222211
6669999

1115559
1115059
3777744
3370844
6388842
6382222
6669999

2444889
2443089
2553388
2250311
6557311
6777711
6669999

2344889
2344089
2334688
2230611
5566611
5777711
5579999

2443889
2443089
2463388
2260311
5566611
5777711
5579999

2443889
2443089
2433688
2230611
5566611
5777711
5579999

2111889
2111089
2553388
2250333
6557444
6777744
6669999

1115559
1115059
7777422
8870442
6833442
6883332
6669999

6665559
6325059
6327777
3320711
3422811
4488811
4489999

1115559
1115059
7777322
8870332
6844432
6884432
6669999

2443889
2443089
2433788
2230755
6111775
6111755
6669999

2344889
2344089
2334788
2230755
6111775
6111755
6669999

7111889
7111089
7735588
7330544
6325544
6322224
6669999

1115559
1115059
6664442
6880442
6877772
8833722
3339999

2222889
4442089
4433788
3330755
6111775
6111755
6669999

2222889
3332089
4433788
4440755
6111775
6111755
6669999

6665559
6885059
6833322
8870332
7777442
1114442
1119999

2222889
2333089
5553388
5750611
7777611
4466611
4449999

4666889
4426089
4426788
5520711
5227711
5533711
3339999

6665559
6385059
6388844
3370844
3777742
1112222
1119999

7822229
7888029
7738555
7330545
6311144
6311144
6669999

6663889
2263089
2763388
2770311
2744411
5754411
5559999

4445559
4485059
8887777
8330711
6233311
6222211
6669999

2222889
7332089
7733388
7440666
7441116
5451116
5559999

2222889
4332089
4433388
4470666
5571116
5771116
5579999

2222889
4442089
4433388
7330666
7551116
7751116
7559999

3336669
5533069
5222267
5580277
8881117
8441117
4449999

4445559
7445059
7733322
7880332
7861112
8861112
6669999

6665559
6885059
6833322
8870332
4771112
4471112
4479999

2553339
2533079
2557777
2280666
8881116
8441116
4449999

6668839
6558039
6588337
2550377
2441117
2441117
2249999

4422229
4428079
4888377
5850376
5553376
1113666
1119999

6822229
6888029
6668111
3330111
5533444
5777744
5579999

6822229
6888029
6668111
5570111
5777744
5533444
3339999

2222889
2333089
4443388
7440666
7551116
7751116
7559999

2222889
2333089
5573388
5770666
5571116
4471116
4449999

2222889
2333089
7553388
7750666
7551116
7441116
4449999

2222889
2333089
4443388
4470666
5571116
5771116
5579999

2222889
2333089
6663388
6440555
6444575
1117777
1119999

2222889
2333089
5553388
5750666
7777446
1114446
1119999

2235559
2335059
2388111
2380111
6887444
6777744
6669999

6822229
6888029
6668557
4440577
4433557
1113337
1119999

6663559
6883059
6833557
8830477
2222447
1112447
1119999

6668559
6888059
6833557
3330477
2222447
1112447
1119999

3336669
5533069
5777768
5570888
2222844
1112444
1119999

1126669
1123069
1123367
8220377
8885357
4485557
4449999

7777889
1173089
1133288
1130244
6535244
6555224
6669999

1126669
1126039
1126337
8220377
8885357
4485557
4449999

6665559
1165059
1167777
1180733
8883332
8442222
4449999

6668839
6558039
6588334
2550344
2222744
1117777
1119999

6668839
6558039
6588337
2550377
2222447
1114447
1119999

6663889
1163089
1163388
1170344
5572444
5772222
5579999

1175559
1175059
1177666
2370886
2344486
2334488
2239999

3322229
8333029
8887777
1180755
1164445
1164455
6669999

3322229
8333029
8885544
1180544
1165574
1167777
6669999

1175559
1175059
1177422
8870442
6833442
6883332
6669999

4445559
8445059
8887777
1180726
1122226
1133666
3339999

4666889
4426089
4426788
1120755
1122775
1133755
3339999

1175559
1175059
1177322
8870332
6844432
6884432
6669999

4445559
8445059
8887777
1180733
1163332
1162222
6669999

2222889
5552089
5753388
7740333
6744111
6744111
6669999

2222889
4472089
4473388
4770333
6575111
6555111
6669999

1122229
1125059
1135557
8830477
6833447
6883447
6669999

7777889
4722089
4423388
4420333
6525111
6555111
6669999

2116669
2116039
2116337
2280377
8885357
8445557
4449999

2277779
2387049
2388844
2330844
6535111
6555111
6669999

2116669
2113069
2113367
2280377
8885357
8445557
4449999

6663889
6113089
6113388
7110344
7552444
7752222
7559999

6665559
6115059
6117777
8110733
8883332
4482222
4449999

5573889
5773089
5573388
1170344
1162444
1162222
6669999

1122229
1144029
1144557
8840577
6833557
6883337
6669999

6665559
6885059
6833322
8870332
1174442
1177442
1179999

6665559
6885059
6833322
8870332
1177442
1174442
1179999

4445559
4485059
8887777
8110733
6113332
6112222
6669999

4446669
4486039
8886337
8220377
1125357
1125557
1129999

4446669
4483069
8883367
8220377
1125357
1125557
1129999

2211889
2311089
2311788
2330774
6535744
6555744
6669999

8666559
8886059
4486557
4440337
1133377
1122227
1129999

8844559
6844059
6884557
6660337
1133377
1122227
1129999

4446669
8443069
8883367
2280377
2115357
2115557
2119999

7553889
7753089
7553388
7110344
6112444
6112222
6669999

4446669
8446039
8886337
2280377
2115357
2115557
2119999

8822229
6833029
6883337
6660557
1144577
1144557
1149999

