3322229
8333029
8887777
5584711
0564411
5564411
6669999

7777889
6575089
6555288
6663211
0433211
4432211
4439999

7666889
7556089
7756288
7553211
0433211
4432211
4439999

5558879
5458079
4488776
4433376
0332666
1112222
1119999

4885559
4485059
4488666
3322226
0333726
1117777
1119999

1116669
1112069
2222867
5588877
0584447
5533447
3339999

4666889
4426089
4426788
5527711
0522711
5533711
3339999

4446669
8446079
8886772
3385572
0333572
1115522
1119999

6663559
6733059
6738552
7738882
0744482
1114422
1119999

1116229
1116029
3666827
3388827
0384477
5354447
5559999

5556669
5456079
4486772
4488872
0333872
1113322
1119999

6665559
6785059
6788832
7744832
0744332
1114322
1119999

7111559
7111059
7733552
7883332
0864442
8864422
6669999

4446669
3446079
3886772
3385572
0388572
1115522
1119999

1115559
1115059
2222444
2887446
0877776
8833666
3339999

4422889
4442089
6662788
5562711
0567711
5533711
3339999

6663889
6223089
6723388
7724311
0724411
5754411
5559999

7322559
7332059
7732554
7832644
0888644
1118666
1119999

6663559
6883059
6833552
8832222
0777744
1117444
1119999

6668559
6888059
6833552
3332222
0777744
1117444
1119999

7885559
7785059
7688444
7633344
0666332
1112222
1119999

2235559
2735059
2733666
2773886
0711186
4411188
4449999

2666889
2655089
2653388
2255333
0777744
1117444
1119999

6663559
6733059
6738552
7738882
0711182
4411122
4449999

3322229
8333029
8881117
5581117
0564477
5564447
6669999

6665559
4465059
4461112
4881112
0877772
8833722
3339999

4442239
8442039
8882337
5582377
0561117
5561117
6669999

3322229
8333029
8884447
5584477
0561117
5561117
6669999

6665539
6885039
6875533
8871113
0771112
4472222
4449999

7445539
7445039
7745533
7881113
0861112
8862222
6669999

2447889
2447089
2437788
2237666
0331116
5351116
5559999

4225559
4425059
4428666
3328886
0333786
1117777
1119999

6665559
6885059
6822224
8823344
0333744
1117777
1119999

6665559
6885059
6822227
8823377
0333447
1114447
1119999

8822229
6825059
6885554
6663344
0333744
1117777
1119999

8822229
6825059
6885557
6663377
0333447
1114447
1119999

8822229
3825059
3885557
3366677
0361117
4461117
4449999

3322229
8333029
8887111
5587111
0567744
5567444
6669999

2222889
2666089
4436788
4436755
0433775
1113755
1119999

6665559
6885059
6822227
8833327
0334477
1114447
1119999

2244559
2444059
2333557
2883377
0861117
8861117
6669999

8822229
3855029
3885444
3355446
0377776
1117666
1119999

8822229
3855029
3885644
3355644
0366674
1117777
1119999

3322229
8333029
8884411
5584411
0564711
5567777
6669999

3322229
4333029
4488557
4486577
0886557
1116667
1119999

3322229
4333029
4488666
4485556
0885756
1117777
1119999

4666889
4426089
4426788
5527777
0522111
5533111
3339999

2245559
2445059
2448666
2888336
0833376
1117777
1119999

2235559
2735059
2733666
2773886
0744486
1114488
1119999

2245579
2445079
2445577
2833376
0888336
1118666
1119999

2245559
2445059
2447777
2833376
0888336
1118666
1119999

1177779
1187049
1188844
5533844
0563332
5562222
6669999

2235559
2335059
2388447
2386447
0886477
1116667
1119999

2235559
2335059
2388666
2384446
0884476
1117777
1119999

1177779
1137049
1138844
5533844
0563882
5562222
6669999

6665539
6885039
6825533
8822223
0777744
1117444
1119999

1177779
1127089
1128884
5528644
0522644
5533666
3339999

7446669
7442069
7742565
7882555
0822111
8833111
3339999

3322229
8333029
8887444
5587744
0567111
5567111
6669999

2115559
2115059
2118666
2278886
0473386
4477333
4479999

1176669
1177069
1178862
5578442
0588442
5533422
3339999

2113889
2113089
2113388
2275356
0475556
4477666
4479999

2115559
2115059
2113666
2273886
0473386
4477388
4479999

1122229
1163029
1163344
6668344
0888374
5857777
5559999

6665559
6785059
6788832
7711832
0711332
4411322
4449999

3322229
8333029
8887777
5581174
0561144
5561144
6669999

3322229
8333029
8881144
5581144
0561174
5567777
6669999

