2222889
7332089
7733388
7505611
7555611
4466611
4449999

2222889
6662089
6555788
6505711
3337711
4433711
4449999

2222889
4442089
4466688
7505611
7555611
7733311
7339999

2222889
5552089
5654488
7604411
7666411
7733311
7339999

2222889
6662089
6555788
6505711
4447711
4433711
3339999

1115559
1115059
2222447
8802447
6833477
6883337
6669999

2222889
1112089
1116788
5506774
5666744
5533744
3339999

7555889
7535089
7733288
7403211
4463211
4462211
6669999

7555889
7535089
7733288
7403211
6443211
6442211
6669999

1117889
1117089
2557788
2507446
2554446
2233666
3339999

1116669
1117069
2777768
2505888
2555844
2233444
3339999

1116669
1118069
2888565
2807555
2777744
2233444
3339999

1116669
1117069
2557768
2507888
2557844
2233444
3339999

1115559
1115059
2677778
2607888
2666844
2233444
3339999

1117559
1117059
2677558
2607888
2666844
2233444
3339999

1116889
1116089
2666788
2505774
2555744
2233744
3339999

1117889
1117089
2557788
2507666
2554446
2233446
3339999

3111889
3111089
3322788
4302755
4462775
4462755
6669999

3111889
3111089
3322488
7302446
7552446
7752666
7559999

1112559
1112059
6662554
6302244
6388744
3387777
3889999

1112559
1112059
6662557
6302277
6388447
3384447
3889999

7777889
2273089
2553388
2506344
2556344
1116664
1119999

7111889
7111089
7733388
7505334
6555244
6222244
6669999

1115559
1115059
7777333
2703386
2448886
2448666
2249999

6111889
6111089
6663388
4407333
4477772
5452222
5559999

2222559
2111059
7111554
7703644
7883644
7833666
8839999

7443889
7443089
7743388
7505311
6555211
6222211
6669999

2222889
2111089
3111788
3304755
6344775
6344755
6669999

1115559
1115059
7777388
2703386
2443886
2443666
2249999

7777889
5754089
5554488
3304411
6333211
6222211
6669999

2222559
2111059
7111554
7708644
7888644
7833666
3339999

2557889
2577089
2557688
2207611
4466611
4433311
4339999

1115559
1115059
3777744
3307844
6388842
6382222
6669999

6111559
6111059
6667558
2307888
2377844
2337444
2239999

6111889
6111089
6663388
2505333
2555444
2777744
2279999

2111889
2111089
2666788
2206755
4446775
4433755
3339999

2111889
2111089
2666788
2206755
3336775
4433755
4449999

6444889
6443089
6663388
2505311
2555311
2777711
2279999

4445559
4435059
8833666
2803611
2883611
2777711
2279999

2235559
2335059
2377778
2307888
6111844
6111444
6669999

2237559
2337059
2377558
2307888
6111844
6111444
6669999

7885559
7785059
7288333
7203311
6244411
6224411
6669999

1115559
1115059
4488322
4408332
6478832
6777732
6669999

1115559
1115059
4433322
4408332
6478882
6777782
6669999

4455889
4445089
2655788
2607711
2666711
2233711
3339999

5553889
5753089
2773388
2704311
2764411
2264411
6669999

1115559
1115059
6662222
6302444
6388744
3387777
3889999

2553339
2533089
2558887
2208477
6111447
6111447
6669999

2553339
2533079
2557777
2208844
6111844
6111884
6669999

2222889
2333089
4443388
4407777
6111575
6111555
6669999

1115559
1115059
8844462
7804462
7886662
7733322
7339999

1116559
1116059
7666552
7708442
7888442
7833422
3339999

2222889
4332089
4433388
4407777
6111575
6111555
6669999

1118839
1118039
4488332
4405352
6475552
6777722
6669999

1116559
1116059
7666552
7703442
7883442
7833422
8839999

3444889
3344089
6322788
6302755
6662775
1112755
1119999

6665559
6385059
6388844
3307844
3777742
1112222
1119999

1113889
1113089
4443388
4407355
6277775
6222255
6669999

4445559
4475059
7777666
2208611
2888611
2833311
2339999

4445559
4475059
7777333
2203311
2666811
2688811
2689999

6663889
2263089
2763388
2704311
2774411
5754411
5559999

2555889
2575089
2777788
2201116
3331116
4433666
4449999

2555889
2575089
2777788
2201116
4441116
4433666
3339999

8844559
3844059
3884552
3301112
6371112
6777722
6669999

2222889
5572089
5777788
5501116
3331116
4433666
4449999

2222889
5572089
5777788
5501116
4441116
4433666
3339999

6822229
6888029
6668111
7505111
7555444
7733344
7339999

6822229
6888029
6668111
5507111
5777744
5533444
3339999

2222889
2333089
6663388
6505444
6555744
1117777
1119999

4455889
4445089
2655788
2607777
2666111
2233111
3339999

6665559
1165059
1162222
1103332
4488733
4487777
4889999

3336669
5533069
5777768
5507888
2222844
1112444
1119999

2222889
7332089
7733388
7505666
7555446
1114446
1119999

4465559
4465059
7466622
7703112
7883112
7833112
8839999

4465559
4465059
7466622
7708112
7888112
7833112
3339999

1135559
1135059
1133444
8803744
6877772
6882222
6669999

2222889
1132089
1133788
1103755
6663775
6444755
6449999

2222889
1132089
1133788
1103755
6443775
6444755
6669999

3445559
3445059
3348666
2308886
2222786
1117777
1119999

4435559
4435059
4338666
2308886
2222786
1117777
1119999

7777889
5754089
5554488
1104426
1122226
1133666
3339999

7777889
5754089
5554488
1104433
1163332
1162222
6669999

4777739
4487039
4488833
1105853
1165552
1162222
6669999

2222889
5552089
5753388
7704333
6744111
6744111
6669999

4488559
4486059
4886552
1106662
1177772
1133722
3339999

7777889
5752089
5552488
1102446
1122446
1133666
3339999

6444889
6442089
6662788
1102755
1122775
1133755
3339999

2666889
2644089
2644488
2203555
1133575
1137777
1139999

2555889
2575089
2777788
2203666
1133446
1134446
1139999

1122229
1144029
1144455
8803335
6833755
6887777
6669999

1122229
1144029
1144557
8804577
6833557
6883337
6669999

4445559
4475059
7777388
2203386
2113886
2113666
2119999

7777889
5753089
5553388
2206344
2116344
2116664
2119999

4445559
4475059
7777333
2203386
2118886
2118666
2119999

6668559
6888059
6833557
2203337
2114477
2114447
2119999

5577779
5337049
5533344
2206844
2116888
2116668
2119999

2222889
5572089
5777788
5503666
1133446
1134446
1139999

