2222889
7332089
7733388
7666411
7604411
5654411
5559999

2222889
7332089
7733388
7555611
7505611
4466611
4449999

2222889
4442089
4466688
7555611
7505611
7733311
7339999

2222889
2333089
1113388
1117777
6505744
6555444
6669999

2222889
4442089
4433788
3337711
6505711
6555711
6669999

2222889
3332089
4433788
4447711
6505711
6555711
6669999

6444889
6443089
6663388
2222311
5502311
5777711
5579999

1115559
1115059
3444887
3344877
6308827
6322227
6669999

1116669
1117069
2777768
2555888
2505844
2233444
3339999

1116889
1116089
2666788
2555774
2505744
2233744
3339999

7111889
7111089
7733388
7334455
6204445
6222255
6669999

4477779
4447039
1115533
1115883
6205583
6222288
6669999

1112559
1112059
6662557
6882277
6804447
8833447
3339999

7111889
7111089
7733388
7555334
6505244
6222244
6669999

7555889
7535089
7734488
7334411
6304211
6222211
6669999

1115559
1115059
7777444
2376844
2306888
2336668
2239999

1115559
1115059
7777666
2374886
2304486
2334488
2239999

7111889
7111089
7744488
7554433
6503332
6552222
6669999

7443889
7443089
7743388
7555311
6505211
6222211
6669999

2222889
2111089
3111788
3355774
6305744
6355744
6669999

2222889
2111089
3111788
3666774
3306744
5356744
5559999

6111559
6111059
6667558
2377888
2307844
2337444
2239999

2344889
2344089
2334788
2237711
6505711
6555711
6669999

6111889
6111089
6663388
2555333
2505444
2777744
2279999

1116669
1118069
7888565
7833555
7703332
7442222
4449999

2443889
2443089
2433788
2237711
6505711
6555711
6669999

1118879
1118079
5588277
5222276
5503336
4433666
4449999

4445559
4475059
7777666
2388611
2308611
2338811
2239999

6444889
6443089
6663388
2555311
2505311
2777711
2279999

1116669
1112069
2222367
4488377
4408337
5458837
5559999

1115559
1115059
7777322
8873342
6803442
6883442
6669999

1115559
1115059
3777722
3378842
6308442
6388442
6669999

1115559
1115059
7777322
8874332
6804432
6884432
6669999

7111559
7111059
7738552
7338882
6304482
6344422
6669999

6111559
6111059
6668552
7888442
7804442
7733322
7339999

7111559
7111059
7732558
7332888
6302844
6322444
6669999

7111889
7111089
7733388
7332222
6505442
6555444
6669999

6111889
6111089
6663388
2222333
5502444
5777744
5579999

1116669
1118069
3888762
3877772
3304442
5354422
5559999

8777739
8887039
5582233
5666243
5506244
1116244
1119999

1115529
1115029
3335527
8833227
6804477
6884447
6669999

2222889
2666089
5556788
5456711
4407711
4433711
3339999

2222889
2666089
5556788
5356711
3307711
3444711
3449999

6665559
6885059
6487777
4488733
4403332
1112222
1119999

1115559
1115059
3337777
2233786
2408886
2448666
2449999

1115559
1115059
7777333
2273386
2408886
2448666
2449999

1115559
1115059
7777388
2273386
2403886
2443666
2449999

1115559
1115059
7777333
8873344
6802444
6882222
6669999

1115559
1115059
3337777
8833744
6802444
6882222
6669999

1115559
1115059
7777444
8873344
6802333
6882222
6669999

4455889
4445089
2255788
2666711
2607711
2633711
3339999

6663889
2263089
2763388
2774311
2704411
5754411
5559999

4446669
4488069
5582367
5882377
5502337
1112237
1119999

4445559
4485059
8887777
8333711
6203311
6222211
6669999

4442239
4482039
8882337
8552377
6501117
6551117
6669999

6822229
6888029
6668337
4433377
4401117
5451117
5559999

5522229
5444029
5544337
8833377
6801117
6881117
6669999

4475539
4475039
4775533
8871113
6801112
6882222
6669999

6665539
8865039
7865533
7881113
7701112
7442222
4449999

4427889
4427089
3427788
3227666
3301116
5351116
5559999

4445559
4475059
7777111
8833111
6803332
6882222
6669999

6668559
6888059
6844557
2344477
2301117
2331117
2239999

4422229
4425059
4335557
8833377
6801117
6881117
6669999

6822229
6888029
6668111
7555111
7505444
7733344
7339999

8822229
3855029
3885111
3355111
6307444
6777744
6669999

2222559
2333059
3344557
8844477
6801117
6881117
6669999

2222889
2333089
6663388
6555444
6505744
1117777
1119999

3336669
8833069
7822565
7882555
7702111
7442111
4449999

2244439
2844039
2888337
2558377
6501117
6551117
6669999

2443889
2443089
2433788
2237777
6505111
6555111
6669999

4445559
2445059
2222337
8833377
6801117
6881117
6669999

2448839
2448039
2488733
2277773
6505111
6555111
6669999

2344889
2344089
2334788
2237777
6505111
6555111
6669999

1175559
1175059
1177333
2273386
2408886
2448666
2449999

1175559
1175059
1177388
2273386
2403886
2443666
2449999

1125559
1125059
1128666
7228886
7703386
7444333
7449999

2222889
3332089
5533788
5666774
5506744
1116744
1119999

1125559
1125059
1123666
7223886
7703386
7444388
7449999

1123889
1123089
1123388
7225356
7705556
7444666
7449999

2222889
7332089
7733388
7555666
7505446
1114446
1119999

2245559
2445059
2447777
2333786
3308886
1118666
1119999

6665559
6335059
6833322
7888112
7708112
7444112
7449999

7222239
7288039
7784433
7884443
6505111
6555111
6669999

1175559
1175059
1177444
2376844
2306888
2336668
2239999

1175559
1175059
1177666
2374886
2304486
2334488
2239999

1144469
1144069
1186667
2388877
2305857
2335557
2239999

1175559
1175059
1177322
8873342
6803442
6883442
6669999

8666559
8886059
1186552
1177772
1107332
4433322
4449999

7446669
7444069
7733362
7335552
1105852
1188822
1189999

1175559
1175059
1177322
8874332
6804432
6884432
6669999

2222889
4442089
4433788
3337777
6505111
6555111
6669999

2222889
3332089
4433788
4447777
6505111
6555111
6669999

2222889
4442089
4473388
7777333
6505111
6555111
6669999

7777559
8722059
8882554
1182644
1102644
1133666
3339999

1122229
1125059
1135557
8833477
6803447
6883447
6669999

7444889
7744089
7223388
7255333
6205111
6255111
6669999

1122229
1124039
1144337
8844377
6805357
6885557
6669999

7777889
6575089
6555288
6663244
1103244
1133224
1139999

7666889
7556089
7756288
7553244
1103244
1133224
1139999

2666889
2446089
2446788
2243755
1103775
1133755
1139999

2666889
2644089
2644788
2243755
1103775
1133755
1139999

2222889
2117089
3117788
3117666
3307446
5354446
5559999

1122229
1188029
1187777
4885756
4405556
4433666
3339999

1122229
1188029
1186667
4886557
4406577
4433557
3339999

1122229
1133029
1173338
7777888
6505844
6555444
6669999

1175559
1175059
1177444
8873344
6802333
6882222
6669999

1175559
1175059
1177333
8873344
6802444
6882222
6669999

6668559
6888059
6833557
3334447
1104477
1122227
1129999

6668559
6888059
6833557
3334477
1104447
1122227
1129999

6663559
6883059
6833557
8834477
1104447
1122227
1129999

6663559
6883059
6833557
8834447
1104477
1122227
1129999

6665559
6885059
6822227
8823477
1103447
1133447
1139999

8822229
6825059
6885557
6663477
1103447
1133447
1139999

2222889
6442089
6444788
6663755
1103775
1133755
1139999

2222889
6662089
6444788
6443755
1103775
1133755
1139999

