2222889
2666089
1116788
1116755
3330775
4433755
4449999

2222889
5572089
5777788
5566611
3330611
4433611
4449999

2222889
2666089
1116788
1116755
4440775
4433755
3339999

2222889
2333089
1113388
1117777
6440575
6444555
6669999

2222889
2333089
1113388
1117777
6660575
6444555
6449999

2222889
6662089
6777788
6375511
4330511
4435511
4439999

2222889
5572089
5777788
5533611
3330611
4466611
4449999

2222889
5572089
5777788
5566611
4440611
4433611
3339999

2222889
6662089
6777788
6375511
3340511
3445511
3449999

8822229
7855029
7885666
7755611
7330611
4433311
4449999

2222889
1112089
1113388
7333666
7550446
7754446
7559999

2222889
1112089
1113388
4333555
4460575
4467777
6669999

6667889
6377089
6337288
4437211
4430211
5452211
5559999

1116889
1116089
2666788
2444755
2440775
2233755
3339999

2222889
6662089
6111788
6111755
4440775
4433755
3339999

2222889
6662089
6111788
6111755
3330775
4433755
4449999

7885559
7785059
7488333
7443311
6440211
6222211
6669999

6111889
6111089
6663388
7333444
7550442
7752222
7559999

7553889
7753089
7553388
7444311
6440211
6222211
6669999

2222889
2111089
3111788
3377774
6350544
6355544
6669999

2222889
2111089
3111788
3355774
6350744
6355744
6669999

6111889
6111089
6663388
2333555
2440575
2447777
2249999

2555889
2575089
2777788
2266611
4440611
4433611
3339999

2555889
2575089
2777788
2233611
3330611
4466611
4449999

2555889
2575089
2777788
2266611
3330611
4433611
4449999

6111889
6111089
6662788
2222755
4440775
4433755
3339999

6111889
6111089
6662788
2222755
3330775
4433755
4449999

4423889
4423089
4723388
7722311
6750511
6755511
6669999

2244889
2444089
2711188
2711155
6770335
6733355
6669999

3885559
3385059
6388722
6377772
6660442
1114442
1119999

4666889
4426089
4426788
5527711
5220711
5533711
3339999

8777739
8887039
6585433
6555443
6660442
1112222
1119999

2555889
2575089
2777788
2233666
3330446
1114446
1119999

2666889
2644089
2644488
2233555
3330575
1117777
1119999

1116889
1116089
2666788
2222755
3330775
4433755
4449999

1116889
1116089
2666788
2222755
4440775
4433755
3339999

6665559
6445059
6444811
2388811
2380711
2337777
2239999

2222889
2444089
6443388
6333555
6660575
1117777
1119999

8822229
3855029
3885111
3355111
6370444
6777744
6669999

2222889
2333089
6663388
6444555
6440575
1117777
1119999

2222889
2333089
6443388
6444555
6660575
1117777
1119999

8777739
8887039
6585233
6555243
6660244
1112244
1119999

3822229
3888029
3358511
4355511
4460711
4467777
6669999

4445559
3445059
3222211
3388211
6380711
6887777
6669999

6665559
6385059
6388811
3322811
3420711
4427777
4429999

5556669
5756049
2776844
2788844
2780111
2233111
3339999

6665559
1165059
1162222
1183332
8880733
8447777
4449999

6665559
6335059
6233311
8222211
8880711
4487777
4449999

2222889
4442089
6443388
6333555
6660575
1117777
1119999

2222889
5572089
5777788
5533666
3330446
1114446
1119999

1122889
1162089
1162788
6662755
3330775
4433755
4449999

1122889
1162089
1162788
6662755
4440775
4433755
3339999

6662889
1162089
1162788
1122755
4440775
4433755
3339999

6662889
1162089
1162788
1122755
3330775
4433755
4449999

3322229
8333029
8887777
1185574
1160544
1165544
6669999

3322229
8333029
8884455
1184445
1160755
1167777
6669999

5522229
5883029
5583344
1188344
1160374
1167777
6669999

5522229
5333029
5583344
1188844
1160874
1167777
6669999

4445559
8445059
8882222
1183332
1160733
1167777
6669999

4666889
4426089
4426788
5527777
5220111
5533111
3339999

5544229
5444029
5566627
1168827
1160877
1133887
3339999

6665559
6885059
6844432
8874432
1170332
1177322
1179999

1135559
1135059
1133447
6663447
6880477
6822227
8829999

8666559
8886059
1186557
1133377
1120337
4422227
4449999

2222889
5552089
5753388
7777333
6660111
6444111
6449999

2222889
5552089
5753388
7777333
6440111
6444111
6669999

4422889
4442089
6662788
1162755
1160775
1133755
3339999

5577779
5227089
5528884
1128644
1120644
1133666
3339999

7444889
7744089
7223388
7255333
6250111
6255111
6669999

2222889
2333089
3344488
1144555
1160575
1167777
6669999

1177779
1127089
1128884
5528644
5220644
5533666
3339999

2553339
2533089
2558884
2278644
1170644
1177666
1179999

6665559
6115059
6112222
8113332
8880733
4487777
4449999

2222889
4442089
4466688
1167777
1160575
1133555
3339999

6665559
6445059
6444322
7777332
1170832
1188832
1189999

2211889
2611089
2611788
2666755
3330775
4433755
4449999

2211889
2611089
2611788
2666755
4440775
4433755
3339999

4445559
4485059
8882222
8113332
6110733
6117777
6669999

2666889
2611089
2611788
2211755
3330775
4433755
4449999

2666889
2611089
2611788
2211755
4440775
4433755
3339999

2235559
2335059
2344488
2374486
1170886
1177666
1179999

