2222889
4332089
4433388
4466611
7777611
5750611
5559999

2222889
6662089
6355788
6357711
3355711
3440711
4449999

2222889
2333089
1113388
1114446
7777446
5750666
5559999

2222889
2333089
1113388
1117777
6444575
6440555
6669999

6665559
6885059
6387777
3388711
3222211
3440211
4449999

2222889
1112089
1113388
7333446
7554446
7750666
7559999

2222889
1112089
1113388
7333666
7554446
7750446
7559999

3336669
2233069
2448867
2448557
2488577
1110557
1119999

3336669
2233069
2777768
2575888
2555844
1110444
1119999

7555889
7535089
7732288
7433211
4463211
4460211
6669999

7555889
7535089
7732288
7433211
6443211
6440211
6669999

2222889
2111089
3111788
3377774
6355544
6350544
6669999

2222889
2111089
3111788
3344755
6344775
6340755
6669999

6111889
6111089
6664788
2344755
2344775
2330755
2239999

6111889
6111089
6664488
2344455
2377775
2330755
2239999

2553339
2533079
2557777
2266611
4488611
4480611
4889999

6665529
6885029
6485527
4488227
4433377
1110337
1119999

4423889
4423089
4723388
7722311
6755511
6750511
6669999

6665559
6885059
6844432
8874432
7777332
1110322
1119999

6668559
6888059
6833552
4443332
4477772
1110722
1119999

1115559
1115059
3334442
8833442
6877772
6880722
6669999

2235559
2335059
2311188
2311186
7777886
4470666
4449999

1112559
1112059
6662557
6322477
6388447
3380447
3889999

5544229
5444029
5511127
8811127
6833377
6880337
6669999

6668229
6888029
6811127
4411127
4433377
5450337
5559999

3885559
3385059
6388722
6377772
6664442
1110442
1119999

1115559
1115059
6662222
6377772
6388744
3380444
3889999

1115559
1115059
7777666
8722226
8883326
4480333
4449999

2222889
2333089
4443388
4466611
7777611
5750611
5559999

2222889
2666089
4436788
4436711
4337711
5350711
5559999

2222889
2666089
5556788
5356711
4337711
4430711
4439999

2222889
2666089
3644788
3644711
3347711
5350711
5559999

2222889
2666089
3446788
3446711
3347711
5350711
5559999

8777769
8887069
5586662
5332222
5533344
1110444
1119999

2222889
2666089
5556788
5356711
3347711
3440711
3449999

6665559
6885059
6811132
8811132
7777332
4470322
4449999

3322229
4333029
4411188
4411186
7777886
5750666
5559999

2222889
6662089
6711188
6711144
7733344
5750334
5559999

2222889
6662089
6311188
6311155
3377775
3440755
4449999

2555889
2575089
2777788
2233666
3334446
1110446
1119999

2555889
2575089
2777788
2233446
3334446
1110666
1119999

2553339
2533089
2558884
2278644
7777644
1110666
1119999

4225559
4425059
4421117
8821117
6833377
6880337
6669999

3336669
2433069
2448867
2448557
2288577
1110557
1119999

2222889
2333089
5573388
5771116
5571116
4470666
4449999

2222889
2333089
7553388
7751116
7551116
7440666
4449999

2222889
2333089
4443388
4471116
5571116
5770666
5579999

2222889
2333089
4443388
7441116
7551116
7750666
7559999

4445559
4485059
8887777
8333726
3322226
1110666
1119999

4443339
4433029
6822227
6888557
6668577
1110557
1119999

6668559
6888059
6833557
3332477
2222447
1110447
1119999

6663559
6883059
6833557
8832477
2222447
1110447
1119999

2553339
2533079
2557777
2281116
8881116
8440666
4449999

3336669
5533069
5777768
5572888
2222844
1110444
1119999

2222889
4442089
4433388
7331116
7551116
7750666
7559999

2222889
7332089
7733388
7441116
7441116
5450666
5559999

2222889
4332089
4433388
4471116
5571116
5770666
5579999

4475559
4475059
4778811
2378611
2388611
2330666
2239999

2222559
2333059
3386557
8886477
8666447
1110447
1119999

6822229
6888029
6668111
7333111
7553344
7750444
7559999

7225559
7725059
7328811
7328611
3388611
3440666
4449999

2222889
2333089
6663388
6447777
6444575
1110555
1119999

3225559
3325059
7328811
7328611
7788611
7440666
4449999

2222889
2333089
5553388
5754446
7777446
1110666
1119999

2222559
2388059
3386557
3886477
3666447
1110447
1119999

5522229
5333029
5573311
7777611
4488611
4480666
4889999

7822229
7888029
7758511
7455511
4463311
4460333
6669999

7822229
7888029
7758511
7455511
6443311
6440333
6669999

6822229
6888029
6668333
4443355
4477775
1110755
1119999

6822229
6888029
6668755
4477775
4443355
1110333
1119999

4422229
4448029
6888755
6877775
6663355
1110333
1119999

3322229
7333029
7554488
7754486
7554886
1110666
1119999

3322229
7333029
7556668
7756888
7556844
1110444
1119999

3322229
8333029
8887777
4485756
4445556
1110666
1119999

3322229
8333029
8886667
4486557
4446577
1110557
1119999

6665559
6785059
6788811
7722811
4723311
4420333
4429999

2666889
2655089
2653388
2255333
7777111
4470111
4449999

2275559
2775059
2378811
2378611
3388611
3440666
4449999

1125559
1125059
1128666
7228886
7743386
7440333
7449999

1125559
1125059
1123666
7223886
7743386
7440388
7449999

1123889
1123089
1123388
7225356
7745556
7440666
7449999

2222559
3332059
6833557
6888477
6668447
1110447
1119999

2222889
5572089
5777788
5533666
3334446
1110446
1119999

2222889
5572089
5777788
5533446
3334446
1110666
1119999

2222559
8832059
6833557
6883477
6663447
1110447
1119999

3336669
5533069
5777762
5572222
4488111
4480111
4889999

6663559
6883059
6833552
8832222
7777111
4470111
4449999

6668559
6888059
6833552
3332222
7777111
4470111
4449999

4666559
4436059
4436552
7332222
7388111
7780111
7889999

1122559
1132059
1132554
7332644
7388644
7780666
7889999

6665559
6335059
6833322
7888112
7748112
7440112
7449999

6665559
6335059
6733322
7777112
4488112
4480112
4889999

2235559
2335059
2344488
2374486
7777886
1110666
1119999

2222889
1132089
1133488
1173446
5573446
5770666
5579999

2222889
1132089
1133788
1143755
6443775
6440755
6669999

6663339
6433089
6448887
2448557
2222577
1110557
1119999

3666559
3886059
3386557
2388477
2222447
1110447
1119999

6668839
6558039
6588733
2557743
2222744
1110744
1119999

8666559
8886059
3386557
2333477
2222447
1110447
1119999

1125559
1125059
1124447
8822447
6833377
6880337
6669999

1125559
1125059
1127777
8822744
6833344
6880334
6669999

6665559
6885059
6877774
8822744
1123344
1120333
1129999

6665559
8865059
7862222
7883332
7733111
7440111
4449999

4475559
4475059
4772222
8873332
6833111
6880111
6669999

6665559
6885059
6844432
8874432
1177332
1170322
1179999

1188229
1168029
1168827
4466627
4433377
5450337
5559999

1144229
1144029
1154527
8855527
6833377
6880337
6669999

2222889
6662089
1163788
1163755
1133775
4430755
4449999

2222889
6662089
6355788
6357777
3355111
3440111
4449999

2222889
5552089
5753388
7744333
6744111
6740111
6669999

2222889
6662089
6743388
6744333
7744111
5750111
5559999

2222889
5552089
5753388
7777333
6444111
6440111
6669999

2222889
6662089
6443388
6444333
7777111
5750111
5559999

2115559
2115059
2118666
2278886
4773386
4470333
4479999

2115579
2115079
2115577
2233376
4488336
4480666
4889999

2115559
2115059
2117777
2233376
4488336
4480666
4889999

2244889
2644089
2643388
2666333
7777111
5750111
5559999

2236669
2337069
2377565
2387555
8887111
8440111
4449999

2222889
2333089
3344788
1144755
1164775
1160755
6669999

7777889
6575089
6555288
6663244
1133244
1130224
1139999

7666889
7556089
7756288
7553244
1133244
1130224
1139999

2113889
2113089
2113388
2275356
4775556
4470666
4479999

2115559
2115059
2113666
2273886
4773386
4470388
4479999

1165559
1165059
1166632
8777732
8887332
4480322
4449999

6665539
6885039
6825533
8822223
7777111
4470111
4449999

2553339
2533089
2558884
2278644
1177644
1170666
1179999

2666889
2446089
2446788
2243755
1133775
1130755
1139999

2666889
2644089
2644788
2243755
1133775
1130755
1139999

1122229
1144029
1144333
8843355
6877775
6880755
6669999

1122229
1155029
1154447
8855447
6833377
6880337
6669999

1122229
1168029
1168887
4466687
4433377
5450337
5559999

1122229
1155029
1157777
8855744
6833344
6880334
6669999

1122229
1133029
1143337
8844557
6844577
6880557
6669999

7445559
7445059
7748666
7228886
1123386
1120333
1129999

7555889
7535089
7733288
7113244
6113244
6110224
6669999

7445559
7445059
7743666
7223886
1123386
1120388
1129999

7443889
7443089
7743388
7225356
1125556
1120666
1129999

7555889
7535089
7733488
7223446
1123446
1120666
1129999

1144559
1144059
1124557
8822227
6833377
6880337
6669999

4475559
4475059
4773666
2273886
2113386
2110388
2119999

4473889
4473089
4773388
2275356
2115556
2110666
2119999

4666889
4436089
4436788
2233755
2113775
2110755
2119999

2222889
4432089
4433788
4113755
6113775
6110755
6669999

6665559
6885059
6822227
8823477
1133447
1130447
1139999

2222889
6662089
6311788
6311755
3311775
3440755
4449999

4475559
4475059
4778666
2278886
2113386
2110333
2119999

2222889
2666089
3611788
3611774
3311744
5350744
5559999

2222559
2333059
3311557
8811477
6811447
6880447
6669999

8822229
6825059
6885557
6663477
1133447
1130447
1139999

6668559
6888059
6811557
2311477
2311447
2330447
2239999

2222889
6442089
6444788
6663755
1133775
1130755
1139999

2222889
6662089
6444788
6443755
1133775
1130755
1139999

2222889
5552089
5753388
7777333
1166644
1160444
1169999

2553339
2533079
2551177
2281176
8881176
8440666
4449999

2235559
2335059
2344488
2374486
1177886
1170666
1179999

