2222889
6332089
6033388
6665511
7777511
4475511
4449999

2222889
6332089
6033388
6664411
5544411
5777711
5579999

2222889
6662089
6033388
6335511
7777511
4475511
4449999

2222889
6662089
6033388
6334411
5544411
5777711
5579999

2222889
6662089
6055788
6457711
4455711
4433711
3339999

2222889
6662089
6055788
6357711
3355711
3444711
3449999

2222889
6662089
6044488
6334411
5533311
5777711
5579999

1117889
1117089
5057788
5557666
4422226
4433326
4339999

1115559
1115059
3044887
3344877
6348827
6322227
6669999

1118839
1118039
2088337
2555377
2565447
2264447
6669999

1118839
1118039
2088334
2555344
2565744
2267777
6669999

3336669
2233069
2044467
2844557
2888577
1118557
1119999

7777889
3755089
3052288
3355211
6344211
6444211
6669999

6665539
2265039
2065533
2877773
2888744
1118444
1119999

6665559
2265059
2063337
2833477
2888447
1118447
1119999

6665559
2265059
2068447
2888447
2833477
1113337
1119999

7885559
7785059
7088333
7443311
6444211
6222211
6669999

2444889
2443089
2033788
2237711
6535711
6555711
6669999

6665559
6885059
6087777
2388711
2344411
2334411
2239999

8666559
8886059
2086557
2111477
2111447
2233447
3339999

2244889
2444089
2033388
2337777
6111575
6111555
6669999

4445559
7445059
7086662
7788862
7333862
1113322
1119999

1115559
1115059
3072222
3372884
6377844
6378844
6669999

1115559
1115059
7022224
7728644
7888644
7833666
3339999

1115559
1115059
7022224
7723644
7883644
7833666
8839999

2222889
2333089
5053388
5557777
6111744
6111444
6669999

1116669
1116079
5056772
5553372
4333872
4488822
4489999

1115559
1115059
7086662
7788862
7333862
7443322
4449999

1115559
1115059
3022227
3348827
6344877
6344887
6669999

2222889
2666089
5056788
5556711
4447711
4433711
3339999

2222889
2444089
3044788
3355711
6357711
6355711
6669999

2222889
2666089
5056788
5556711
3337711
4433711
4449999

6662889
5562089
5062788
5522711
3337711
4433711
4449999

6662889
5562089
5062788
5522711
4447711
4433711
3339999

7777889
5574089
5064488
5564433
6663332
1112222
1119999

6665559
6885059
6087777
4488733
4443332
1112222
1119999

2222889
6662089
6011188
6411155
4477775
4433755
3339999

2222889
6662089
6011188
6711155
7777335
4433355
4449999

2222889
6662089
6011188
6311155
3377775
3444755
3449999

1115559
1115059
3078844
3377844
6372884
6372222
6669999

7885559
7785059
7088644
7333644
3366642
1112222
1119999

1117889
1117089
5057788
5557334
6233344
6222244
6669999

2445559
2445059
2047777
2233786
3338886
1118666
1119999

7444559
7744059
7038552
7338882
6311182
6311122
6669999

1118839
1118039
2088633
2222643
5566644
5777744
5579999

4475559
4475059
4077666
2278611
2888611
2833311
2339999

4475559
4475059
4077333
2273311
2666811
2688811
2689999

7777889
5573089
5043388
5544311
6244311
6222211
6669999

7777889
5573089
5033488
5534411
6234411
6222211
6669999

6662239
6552039
6052337
8552377
8881117
4481117
4449999

6662239
5562039
5062337
5582377
8881117
8441117
4449999

2222889
5552089
5053388
7333666
7741116
7441116
7449999

6665559
2265059
2064411
2344411
2388711
3387777
3889999

7885559
7785059
7088111
7433111
4463332
4462222
6669999

7885559
7785059
7088111
7433111
6443332
6442222
6669999

7885559
7785059
7088211
7222211
6443311
6444333
6669999

7885559
7785059
7088211
7222211
6663311
6444333
6449999

2222889
2666089
4036788
4436755
4433775
1113755
1119999

7225559
7725059
7028811
7328611
3388611
3444666
3449999

2222889
2333089
6073388
6777755
6664445
1114455
1119999

7225559
7725059
7028811
7428611
4488611
4433666
3339999

2444889
2443089
2033788
2237777
6535111
6555111
6669999

2275559
2775059
2078811
2478611
4488611
4433666
3339999

2275559
2775059
2078811
2378611
3388611
3444666
3449999

4422229
4433029
4083337
1188877
1165857
1165557
6669999

2222889
6662089
6055788
6357777
3355111
3444111
3449999

2222889
6662089
6055788
6457777
4455111
4433111
3339999

2222889
5552089
5053388
7666333
7746111
7446111
7449999

2222889
5552089
5053388
7777333
6744111
6444111
6669999

6665559
6885059
6084442
1188442
1177772
1133722
3339999

2445559
2445059
2048666
2278886
1173386
1177333
1179999

2555889
2575089
2077488
2273446
1173446
1133666
1139999

2443889
2443089
2043388
2275356
1175556
1177666
1179999

2445559
2445059
2043666
2273886
1173386
1177388
1179999

2555889
2535089
2033488
2273446
1173446
1177666
1179999

7885559
7785059
7088322
7113342
6113442
6113442
6669999

4475559
4475059
4077388
2273386
2113886
2113666
2119999

7885559
7785059
7088322
7114332
6114432
6114432
6669999

3336669
5533069
5048867
5544877
1144887
1122227
1129999

4411889
4411089
4011788
2277776
2553336
2533666
2559999

4475559
4475059
4077333
2273386
2118886
2118666
2119999

7885559
7785059
7088444
7113344
6112333
6112222
6669999

7885559
7785059
7088333
7113344
6112444
6112222
6669999

2222889
6662089
6011788
6311755
3311775
3444755
3449999

2222889
6662089
6011788
6411755
4411775
4433755
3339999

4422229
4411029
4011557
8811577
6833557
6883337
6669999

2222889
5532089
5033488
5573446
1173446
1177666
1179999

2222889
2444089
3044788
3311755
6311775
6311755
6669999

2222889
6662089
6033388
6337777
1144575
1144555
1149999

2222889
5572089
5077488
5573446
1173446
1133666
1139999

2222889
6332089
6033388
6667777
1144575
1144555
1149999

