2222559
2666059
1116558
1116888
7777844
0733444
3339999

8822229
7855029
7885666
7755611
7333611
0443311
4449999

7666889
7746089
7446288
7443211
5533211
0532211
5539999

7777889
6744089
6444288
6663211
5533211
0532211
5539999

6111889
6111089
6663388
2333555
2222575
0447777
4449999

2222559
6662059
6111558
6111888
7777844
0733444
3339999

2111889
2111089
2777788
2273666
5533446
0534446
5539999

6111559
6111059
6662558
2222888
7777844
0733444
3339999

2222889
2333089
6663388
6111555
6111575
0447777
4449999

1115559
1115059
6664447
6333447
6883377
0822227
8829999

1115559
1115059
6667777
6333744
6883344
0822224
8829999

1116669
1117069
8777762
8883442
5583442
0533422
5539999

2445559
2445059
2411188
2211186
7777886
0733666
3339999

6665559
6885059
6811122
8811142
7777442
0733442
3339999

1116559
1116059
2666558
2222888
7777844
0733444
3339999

2222889
2333089
4443388
4471116
5571116
0577666
5579999

2222889
5572089
5777788
5533666
3331116
0441116
4449999

3885559
3385059
6388722
6377772
6661112
0441112
4449999

2555889
2575089
2777788
2233666
3331116
0441116
4449999

2222889
4332089
4433388
4471116
5571116
0577666
5579999

5557889
5457089
3447788
3447111
3362111
0362222
6669999

2222559
2488059
3448557
3448877
3361117
0361117
6669999

4422229
4447029
8777711
8883611
5583611
0533666
5539999

8666559
8886059
4486552
4442222
7777111
0733111
3339999

8844559
6844059
6884552
6662222
7777111
0733111
3339999

1122559
1162059
1162558
6662888
7777844
0733444
3339999

6665559
6885059
6844422
8844112
7777112
0733112
3339999

3336669
1133069
1148867
1144877
5544887
0522227
5529999

1177779
1167049
1168844
6663844
5533882
0532222
5539999

6662559
1162059
1162558
1122888
7777844
0733444
3339999

2222889
1132089
1133488
1173446
5573446
0577666
5579999

2222889
1172089
1177488
1173446
5573446
0533666
5539999

2222889
2666089
1136788
1136755
1133775
0443755
4449999

6665559
2265059
2768844
2778444
2788111
0733111
3339999

2115559
2115059
2114488
2244486
7777886
0733666
3339999

2115559
2115059
2117777
2233786
3338886
0448666
4449999

1122229
1133029
1183337
4488877
4465857
0465557
6669999

2211559
2611059
2611558
2666888
7777844
0733444
3339999

2666559
2611059
2611558
2211888
7777844
0733444
3339999

2222559
6662059
6711558
6711888
7711844
0733444
3339999

