2222889
6662089
6744388
6744311
7743311
5753011
5559999

2222889
6662089
6555388
6575311
4773311
4473011
4479999

2222889
6662089
6777788
6457511
4455511
4433011
3339999

2222889
6662089
6734488
6734411
7733411
5753011
5559999

2222889
6662089
6777788
6357511
3355511
3444011
3449999

7777889
5753089
5553388
2222311
6662311
6444011
6449999

7777889
5753089
5553388
2222311
6442311
6444011
6669999

1115559
1115059
2222666
7332886
7733386
7444088
7449999

1117889
1117089
5557788
5457666
4422226
4433026
3339999

1115559
1115059
6664447
6884477
6822227
8833027
3339999

3322229
8333029
8887666
4487611
4477611
5457011
5559999

1117889
1117089
5557788
5357666
3322226
3444026
3449999

4422229
4488029
3487666
3887611
3377611
5357011
5559999

2222889
1112089
1113388
7333666
7745556
7445056
7449999

2222889
1112089
1113388
7777333
6575444
6555044
6669999

2222889
1112089
1113388
7666333
7556444
7756044
7559999

1115559
1115059
2444666
2447886
2777786
2233088
3339999

1115579
1115079
2685577
2688874
2666844
2233044
3339999

1115559
1115059
2687777
2688874
2666844
2233044
3339999

2557889
2577089
2557388
2247311
6443311
6443011
6669999

2666889
2644089
2644388
2274311
5573311
5773011
5579999

6111889
6111089
6664488
2344455
2377775
2337055
2239999

4445559
8445059
8887666
2387611
2377611
2337011
2239999

7777889
5753089
5553388
2666311
2644311
2644011
2249999

7777889
5753089
5553388
2666311
2446311
2446011
2249999

2235579
2335079
2385577
2388874
6111844
6111044
6669999

2235559
2335059
2387777
2388874
6111844
6111044
6669999

7777889
5756089
5556388
2666311
2443311
2443011
2249999

6667889
6557089
6577388
2557311
2443311
2443011
2249999

5558879
5458079
4488772
4433372
6111332
6111022
6669999

6111559
6111059
6668552
7338882
7733382
7444022
7449999

7111559
7111059
7738552
7338882
6344482
6344022
6669999

7111559
7111059
7768552
7468882
4466682
4433022
3339999

7111559
7111059
7748552
7448882
6443382
6333022
6669999

3111559
3111059
3368552
7368882
7766682
7444022
7449999

7111559
7111059
7768552
7368882
3366682
3444022
3449999

4446559
7446059
7666552
7733382
7338882
1118022
1119999

6667889
6447089
6447788
5547211
5222211
5533011
3339999

2444889
2447089
2777788
2233355
6111335
6111055
6669999

1115559
1115059
7444666
7744886
7222286
7233088
3339999

6668559
6888059
6833552
4443332
4477772
1117022
1119999

7444889
7744089
7222288
7233355
6111335
6111055
6669999

1116559
1116059
7666552
7733382
7338882
7448022
4449999

7444889
7744089
7222288
7233666
3335556
1115056
1119999

1115559
1115059
6664442
6887442
6877772
8833022
3339999

1115559
1115059
7777862
4788862
4486662
4433022
3339999

2222889
5552089
5753388
7777333
6111444
6111044
6669999

1115559
1115059
7777332
4733382
4468882
4468022
6669999

7777889
5754089
5554488
6664411
6222211
6233011
3339999

1115559
1115059
3334442
8833442
6877772
6887022
6669999

1115559
1115059
3377772
4333782
4468882
4468022
6669999

2244889
2444089
2711188
2711155
6773335
6733055
6669999

2222889
2333089
3375588
7777511
6445511
6444011
6669999

2222889
2333089
3375588
7777511
6665511
6444011
6449999

2222889
2473089
4473388
4477311
6575311
6555011
6669999

2222889
2443089
4443388
7777311
6575311
6555011
6669999

2222889
2443089
4443388
7666311
7556311
7756011
7559999

2222889
2666089
5576388
5776311
5573311
4473011
4449999

2222889
2446089
4446388
7666311
7553311
7753011
7559999

2222889
2666089
7556388
7756311
7553311
7443011
4449999

2222889
2666089
4446388
4476311
5573311
5773011
5579999

2222889
2666089
4446388
7446311
7553311
7753011
7559999

7552889
7752089
7552688
7322611
3366611
3444011
3449999

7552889
7752089
7552688
7422611
4466611
4433011
3339999

7552889
7752089
7552388
7422311
4463311
4463011
6669999

6662889
6442089
6442388
7422311
7553311
7753011
7559999

7552889
7752089
7552388
7422311
6443311
6443011
6669999

6662889
4462089
4462388
7422311
7553311
7753011
7559999

3336669
4433069
4411162
7411182
7558882
7758022
7559999

3446669
3444069
3311162
7311182
7558882
7758022
7559999

2222889
6662089
6311188
6311155
3377775
3447055
4449999

2444889
2447089
2777788
2233666
3335556
1115056
1119999

6822229
6888029
6668337
4433377
4445557
1115057
1119999

4422229
4448029
6888337
6833377
6665557
1115057
1119999

6822229
6888029
6668333
4443355
4477775
1117055
1119999

1135559
1135059
1133666
2273886
2777786
2444088
2449999

3336669
1133069
1144462
1174482
5578882
5778022
5579999

2222889
7332089
7733388
7444666
7445556
1115056
1119999

6665559
1165059
1167322
1187332
8887732
8447032
4449999

2222889
1172089
1173388
1177333
6575444
6555044
6669999

6662239
1162039
1162337
1182377
8885557
8445057
4449999

4445559
4475059
7777112
6663112
6883112
6833022
8839999

4445559
4475059
7777112
6668112
6888112
6833022
3339999

4442239
8442039
8882337
1182377
1165557
1165057
6669999

1146669
1144069
1144867
2388877
2385557
2335057
2239999

3322229
8333029
8884447
1184477
1165557
1165057
6669999

3322229
8333029
8887555
1187545
1167744
1167044
6669999

2222889
2333089
1173388
1177666
1175556
4475056
4449999

4445559
8445059
8887322
1187332
1167732
1167032
6669999

4445559
4475059
7777862
1188862
1186662
1133022
3339999

4445559
4475059
7777332
1133382
1168882
1168022
6669999

6668559
6888059
6844557
1144477
1122227
1133027
3339999

6665559
6115059
6117322
8117332
8887732
4487032
4449999

1122229
1144029
1144666
5547886
5777786
5533088
3339999

1122229
1144029
1144666
5574886
5777786
5533088
3339999

1122229
1144029
1144333
8843355
6877775
6887055
6669999

6662239
6112039
6112337
8112377
8885557
4485057
4449999

2277779
2117039
2115533
2115883
6665583
6444088
6449999

2277779
2117039
2115533
2115883
6445583
6444088
6669999

7444559
7744059
7118552
7118882
6113382
6333022
6669999

4445559
4485059
8887322
8117332
6117732
6117032
6669999

7444559
7744059
7333552
7113382
6118882
6118022
6669999

2211889
2311089
2311788
2337777
6535444
6555044
6669999

4442239
4482039
8882337
8112377
6115557
6115057
6669999

2244439
2844039
2888337
2118377
6115557
6115057
6669999

2222889
5552089
5753388
7711333
6711444
6711044
6669999

