2222889
2333089
1113388
1117777
6555744
6505444
6669999

2222889
4442089
4433788
3337711
6555711
6505711
6669999

2222889
3332089
4433788
4447711
6555711
6505711
6669999

8822229
7855029
7885666
7755611
7333611
4403311
4449999

7555889
7535089
7733288
7443211
6443211
6402211
6669999

6111889
6111089
6663388
2333555
2222575
4407777
4449999

1112559
1112059
3882554
3382244
6388744
6307777
6669999

1112559
1112059
3882557
3382277
6388447
6304447
6669999

2222889
2111089
3111788
3344755
6344775
6304755
6669999

2344889
2344089
2334788
2237711
6555711
6505711
6669999

2443889
2443089
2433788
2237711
6555711
6505711
6669999

7111559
7111059
7738552
7338882
6344482
6304422
6669999

2222889
2333089
6663388
6111555
6111575
4407777
4449999

1115559
1115059
3882222
3382444
6388744
6307777
6669999

7111889
7111089
7733388
7332222
6555442
6505444
6669999

2222889
5572089
5777788
5533666
3331116
4401116
4449999

3885559
3385059
6388722
6377772
6661112
4401112
4449999

2555889
2575089
2777788
2233666
3331116
4401116
4449999

5557889
5457089
4437788
4437111
6332111
6302222
6669999

2222559
2488059
4438557
4438877
6331117
6301117
6669999

3322229
4333029
4455511
4458511
6888711
6807777
6669999

1144479
1144079
1138877
2233876
2553886
2503666
2559999

1146669
1144069
1144367
2288377
2558337
2508837
2559999

2443889
2443089
2433788
2237777
6555111
6505111
6669999

2448839
2448039
2488733
2277773
6555111
6505111
6669999

1166679
1163079
1163377
2288374
2558344
2508844
2559999

2344889
2344089
2334788
2237777
6555111
6505111
6669999

7222239
7288039
7784433
7884443
6555111
6505111
6669999

2222889
2666089
1136788
1136755
1133775
4403755
4449999

2222889
4442089
4433788
3337777
6555111
6505111
6669999

2222889
3332089
4433788
4447777
6555111
6505111
6669999

2222889
4442089
4473388
7777333
6555111
6505111
6669999

2222889
5552089
5753388
7744333
6744111
6704111
6669999

2115559
2115059
2117777
2233786
3338886
4408666
4449999

1122229
1133029
1173338
7777888
6555844
6505444
6669999

