2222559
2666059
1116553
1116883
7777833
4478830
4449999

2222559
2666059
1116558
1116888
7777833
4473330
4449999

4443339
4433079
1117777
1118555
6888525
6822220
6669999

2222559
1112059
1117553
8877773
6844433
6884430
6669999

2222889
1112089
1113388
7666333
7556444
7756440
7559999

2222889
1112089
1113388
7777333
6575444
6555440
6669999

2222559
6662059
6111553
6111883
7777833
4478830
4449999

2222559
6662059
6111558
6111888
7777833
4473330
4449999

7777559
2274059
2644553
2644883
2666833
1118830
1119999

1112559
1112059
3882554
3382244
6388744
6377770
6669999

7777559
2274059
2644558
2644888
2666833
1113330
1119999

2222889
2111089
3111788
3355744
6357744
6355740
6669999

1116559
1116059
8666552
8882222
4487777
4433370
4339999

2111559
2111059
2666553
2276883
4776833
4478830
4479999

2111559
2111059
2666558
2276888
4776833
4473330
4479999

6111559
6111059
6662553
2222883
7777833
4478830
4449999

6111559
6111059
6662558
2222888
7777833
4473330
4449999

6662559
4462059
4462553
4722883
7777833
1118830
1119999

6662559
4462059
4462558
4722888
7777833
1113330
1119999

7553889
7753089
7553388
7111344
6111244
6222240
6669999

1116229
1116029
8666423
8884423
5584433
5777730
5579999

1115559
1115059
3882222
3382444
6388744
6377770
6669999

7111889
7111089
7735588
7335444
6325544
6322220
6669999

2222889
5552089
5753388
7777333
6111444
6111440
6669999

8666559
8886059
4486552
4472222
4777733
1113330
1119999

5558879
5458079
4488773
4411173
6211133
6222230
6669999

1115559
1115059
3337777
2233744
2666844
2688840
2689999

1115559
1115059
7777443
2274443
2666833
2688830
2689999

1115559
1115059
7777666
2278446
2888446
2833340
2339999

1115559
1115059
7777666
2278644
2888644
2833340
2339999

1115559
1115059
7777333
2273344
2666844
2688840
2689999

2222889
6662089
6711188
6711144
7733444
5753330
5559999

7885559
7785059
7288444
7211144
6211133
6223330
6669999

2666559
2644059
2644553
2274883
7777833
1118830
1119999

1115559
1115059
8333444
8883344
6287777
6222270
6669999

2666559
2644059
2644558
2274888
7777833
1113330
1119999

1116559
1116059
2666558
2222888
7777833
4473330
4449999

1116559
1116059
2666553
2222883
7777833
4478830
4449999

2275559
2775059
2671113
2671113
4666833
4488830
4489999

7225559
7725059
7621113
7621113
4666833
4488830
4489999

2222559
6662059
6887553
6877773
8811133
4411130
4449999

6665559
6725059
6721113
7721113
4722833
4488830
4489999

4475559
4475059
4771113
2271113
2666833
2688830
2689999

7666559
7746059
7446553
7442883
2222833
1118830
1119999

7777559
6744059
6444553
6662883
2222833
1118830
1119999

7666559
7746059
7446558
7442888
2222833
1113330
1119999

7777559
6744059
6444558
6662888
2222833
1113330
1119999

3885559
3385059
7388666
7322226
7721116
7441110
4449999

7885559
7785059
7388666
7322226
3321116
3441110
4449999

5577779
5227039
5524433
8824443
6821113
6881110
6669999

4475559
4475059
4377666
3371116
3881116
3822220
8829999

4488229
4448029
5578826
5777726
5533666
1113330
1119999

7777559
4722059
4462553
4462883
6662833
1118830
1119999

7777559
4722059
4462558
4462888
6662833
1113330
1119999

7885559
7785059
7288111
7244111
6244433
6223330
6669999

4445559
4475059
7777211
6663211
6883211
6833220
8839999

4445559
4475059
7777211
6668211
6888211
6833220
3339999

6665559
6335059
6733311
2778811
2744811
2744880
2249999

4475559
4475059
4772222
8872111
6833111
6883330
6669999

6665559
8865059
7862222
7882111
7733111
7443330
4449999

2222559
2447059
6447553
6477883
6667833
1118830
1119999

2222559
2666059
4446553
4476883
7777833
1118830
1119999

2553339
2533079
2557777
2286111
8886111
8446660
4449999

8822229
7855029
7885111
7755111
7466633
4463330
4469999

5522229
5666029
5586111
8886111
8777733
4473330
4449999

5522229
5666029
5586111
8886111
8337777
4433370
4449999

2222559
2447059
6447558
6477888
6667833
1113330
1119999

2222889
2555089
4565788
4467777
4466633
1113330
1119999

2222559
2666059
4446558
4476888
7777833
1113330
1119999

2222889
2333089
4443388
7446111
7556111
7756660
7559999

2222889
2333089
5573388
5776111
5576111
4476660
4449999

2222889
2333089
7553388
7756111
7556111
7446660
4449999

2222889
2333089
4443388
4476111
5576111
5776660
5579999

4435559
4435059
8433111
8883111
6287777
6222270
6669999

2222889
4442089
4433388
7336111
7556111
7756660
7559999

2222889
6662089
6744488
6744111
7733111
5753330
5559999

2222889
4332089
4433388
4476111
5576111
5776660
5579999

2222889
7332089
7733388
7446111
7446111
5456660
5559999

2244889
2444089
2777788
2557111
6533111
6553330
6669999

2247889
2447089
2447788
2557111
6533111
6553330
6669999

4445559
7445059
7722223
7866623
7888633
1118630
1119999

4422229
4448029
5578886
5777786
5533666
1113330
1119999

3322229
4333029
4455511
4458511
6888711
6877770
6669999

1175559
1175059
1177666
2278644
2888644
2833340
2339999

1175559
1175059
1177666
2278446
2888446
2833340
2339999

8822229
7855029
7885666
7755644
7333644
1113340
1119999

8822229
7855029
7885666
7755446
7333446
1113340
1119999

3322229
7333029
7558666
7758886
7554486
1114440
1119999

3322229
7333029
7558844
7756844
7556884
1116660
1119999

3322229
8333029
8887777
4486575
4446555
1116660
1119999

3322229
8333029
8887666
4487556
4447756
1117550
1119999

8777769
8887069
5586664
5222244
5533244
1113330
1119999

1175559
1175059
1177333
2273344
2666844
2688840
2689999

1175559
1175059
1177443
2274443
2666833
2688830
2689999

1144559
1144059
1147553
2277773
2666833
2688830
2689999

5558879
5458079
4488773
4466673
2222633
1112630
1119999

6665559
1165059
1162222
1177772
4488733
4483330
4889999

3336669
5533069
5777764
5578844
2222844
1112880
1119999

1125559
1125059
1126663
7226883
7746833
7448830
7449999

1123889
1123089
1123388
7226344
7556444
7756660
7559999

1125559
1125059
1126668
7226888
7746833
7443330
7449999

1125559
1125059
1128666
7228886
7733386
7444330
7449999

3322229
8333029
8887666
4487116
4477116
5457110
5559999

4422229
4488029
3487666
3887116
3377116
5357110
5559999

2222559
6662059
6444558
6744888
7777833
1113330
1119999

2222559
7442059
7446558
7746888
7666833
1113330
1119999

1166629
1167029
1167723
5557223
5457833
4488830
4489999

2222559
6662059
6887553
6877773
8844433
1114430
1119999

2222559
7442059
7446553
7746883
7666833
1118830
1119999

2222559
6662059
6444553
6744883
7777833
1118830
1119999

4445559
8445059
8887666
2387116
2377116
2337110
2239999

1122559
1162059
1162553
6662883
7777833
4478830
4449999

1122559
1162059
1162558
6662888
7777833
4473330
4449999

2244559
2444059
2887556
2877776
8833666
1113330
1119999

6662559
1162059
1162558
1122888
7777833
4473330
4449999

6662559
1162059
1162553
1122883
7777833
4478830
4449999

7777559
4476059
4446553
2666883
2222833
1118830
1119999

6667559
6477059
6447553
2447883
2222833
1118830
1119999

2222889
1172089
1173388
1177333
6575444
6555440
6669999

6667559
6477059
6447558
2447888
2222833
1113330
1119999

7777559
4476059
4446558
2666888
2222833
1113330
1119999

1125559
1125059
1127777
8822744
6833444
6883330
6669999

7885559
7785059
7288444
7222244
1166633
1163330
1169999

8666229
8886029
1186723
1155723
1157733
4455730
4449999

7777889
6575089
6555288
6663244
1133244
1132240
1139999

7666889
7556089
7756288
7553244
1133244
1132240
1139999

2222559
2666059
1176558
1176888
1177833
4473330
4449999

2222559
2666059
1176553
1176883
1177833
4478830
4449999

8777729
8887029
1185523
1165223
1165533
4466630
4449999

1188229
1168029
1168823
6665523
7777533
4475530
4449999

1188229
1168029
1168823
6664423
5544433
5777730
5579999

2222559
2666059
4446558
4476888
1177833
1173330
1179999

2222559
2666059
4446553
4476883
1177833
1178830
1179999

1135559
1135059
1133444
6663744
6887777
6822220
8829999

1122229
1125059
1175558
7777888
6444833
6443330
6669999

1122229
1125059
1175553
7777883
6444833
6448830
6669999

2222559
2447059
4447553
1177883
1167833
1168830
6669999

2222559
2447059
4447558
1177888
1167833
1163330
6669999

2113889
2113089
2113388
2276344
5576444
5776660
5579999

2115559
2115059
2116668
2276888
4776833
4473330
4479999

7777559
4726059
4426553
4426663
1122833
1188830
1189999

2115559
2115059
2116663
2276883
4776833
4478830
4479999

2666559
2644059
2644553
2274883
1177833
1178830
1179999

2666559
2644059
2644558
2274888
1177833
1173330
1179999

1122229
1173029
1173344
8877344
6875354
6885550
6669999

1122229
1168029
1168883
6665583
7777533
4475530
4449999

1122229
1168029
1168883
6664483
5544433
5777730
5579999

1122229
1155029
1157777
8855744
6833444
6883330
6669999

1122229
1144029
1144455
8877775
6833755
6883330
6669999

7553889
7753089
7553388
7226344
1126444
1126660
1129999

7444559
7744059
7666558
7226888
1126833
1123330
1129999

7446669
7444069
7788565
7228555
1128833
1123330
1129999

7445559
7445059
7746668
7226888
1126833
1123330
1129999

7445559
7445059
7746663
7226883
1126833
1128830
1129999

7444559
7744059
7666553
7226883
1126833
1128830
1129999

7555229
7585029
7788823
7114823
6114433
6114430
6669999

5573889
5773089
5573388
2276344
2116444
2116660
2119999

2211559
2611059
2611558
2666888
7777833
4473330
4449999

2211889
2311089
2311788
2337744
6535744
6555740
6669999

2211889
2311089
2311788
2337777
6535444
6555440
6669999

6444559
6447059
6667558
2277888
2117833
2113330
2119999

7555889
7535089
7733288
7113244
6113244
6112240
6669999

4475559
4475059
4776668
2276888
2116833
2113330
2119999

2211559
2611059
2611553
2666883
7777833
4478830
4449999

6663379
6333079
6448877
4448575
1188555
1122220
1129999

2666559
2611059
2611553
2211883
7777833
4478830
4449999

2666559
2611059
2611558
2211888
7777833
4473330
4449999

4411229
4411029
8411723
8887723
6585733
6555730
6669999

4475559
4475059
4776663
2276883
2116833
2118830
2119999

6444559
6447059
6667553
2277883
2117833
2118830
2119999

7445559
7445059
7748666
7338886
1133386
1122220
1129999

2222559
2666059
7611558
7611888
7711833
7443330
4449999

2222559
2666059
7611553
7611883
7711833
7448830
4449999

4411559
4411059
4311556
3377776
3887666
3822220
8829999

2222889
5552089
5753388
7711333
6711444
6711440
6669999

7444559
7744059
7211558
7211888
6211833
6223330
6669999

7444559
7744059
7211553
7211883
6211833
6228830
6669999

6665559
6885059
6822223
8874423
1174433
1177430
1179999

3322229
4333029
4488666
4478556
1178856
1177550
1179999

6668879
6558079
6588773
2551173
2441133
2441130
2249999

5577779
5227049
5521144
8821144
6821133
6883330
6669999

6665559
6885059
6822223
8871123
4771133
4471130
4479999

4445559
7445059
7722223
7881123
7861133
8861130
6669999

