2222889
2666089
1116788
1116755
3337750
4433755
4449999

1117889
1117089
2237788
2337455
2364450
2364455
6669999

2222889
2666089
1116788
1116755
4447750
4433755
3339999

1117889
1117089
6667788
6327455
6324450
3324455
3229999

2222889
1112089
1113388
7777333
6575440
6555444
6669999

2222889
1112089
1113388
7666333
7556440
7756444
7559999

1116889
1116089
2666788
2444755
2447750
2233755
3339999

1116889
1116089
2666788
2447755
2444750
2233755
3339999

7111889
7111089
7744488
7334455
6233350
6222255
6669999

8777739
8887039
6585433
6555443
6662440
1112222
1119999

7111889
7111089
7733388
7334455
6244450
6222255
6669999

2222889
6662089
6111788
6111755
4447750
4433755
3339999

3336669
2233069
2488565
2448555
2448870
1117777
1119999

2222889
6662089
6111788
6111755
3337750
4433755
4449999

7111889
7111089
7733388
7332655
2222650
4466655
4449999

1116669
1114069
8844565
2844555
2883330
2777733
2279999

1116669
1116049
8856544
2855544
2883330
2777733
2279999

1117889
1117089
6667788
2367455
2364450
2334455
2239999

2222559
2111059
3111558
3344888
6344870
6347777
6669999

2222889
2111089
3111788
3347755
6344750
6344755
6669999

3111889
3111089
3366688
2344655
2444650
2777755
2279999

6111559
6111059
6664558
2344888
2344870
2337777
2239999

2222889
4442089
4466688
7111655
7111650
7733355
7339999

2222889
7332089
7733388
7111655
7111650
4466655
4449999

6665559
6885059
6482222
4488332
4433370
1117777
1119999

1116669
1112069
2222565
8333555
8883370
4487777
4449999

6667889
6327089
6327788
3327455
3224450
1114455
1119999

6111889
6111089
6662788
2222755
4447750
4433755
3339999

6111889
6111089
6662788
2222755
3337750
4433755
4449999

7111889
7111089
7732288
7433255
4463250
4463255
6669999

7111889
7111089
7732288
7433255
6443250
6443255
6669999

7111889
7111089
7732288
7334255
6344250
6344255
6669999

6444889
6443089
6663388
2111355
2111350
2777755
2279999

7443889
7443089
7743388
7111355
6111250
6222255
6669999

7445539
7445039
7745533
7111883
6111280
6222288
6669999

1117889
1117089
3227788
3327455
6324450
6324455
6669999

2443889
2443089
2433788
2237755
6111750
6111755
6669999

2344889
2344089
2334788
2237755
6111750
6111755
6669999

6111889
6111089
6663388
7333444
7552440
7752222
7559999

6111889
6111089
6664488
7244455
7222250
7733355
7339999

2222889
4442089
4433788
3337755
6111750
6111755
6669999

2222889
3332089
4433788
4447755
6111750
6111755
6669999

2222889
5552089
5753388
7777333
6111440
6111444
6669999

1115559
1115059
8777744
8887444
6283330
6222233
6669999

1116889
1116089
2666788
2222755
3337750
4433755
4449999

1116889
1116089
2666788
2222755
4447750
4433755
3339999

4423889
4423089
4723388
7722355
6711150
6711155
6669999

4425539
4425039
4725533
7722883
6711180
6711188
6669999

6667889
2367089
2367788
2337455
2234450
1114455
1119999

3227889
3327089
6327788
6327455
6664450
1114455
1119999

8822229
3855029
3885111
3355111
4366670
4467777
4469999

2235559
2335059
2388111
2348111
6448870
6447777
6669999

2245559
2445059
2448111
2888111
6833370
6337777
6669999

2245559
2445059
2448111
2888111
6873330
6777733
6669999

4885559
4485059
4488111
7777111
6273330
6222233
6669999

6665559
1165059
1162222
1182333
8883370
8447777
4449999

1122889
1162089
1162788
6662755
3337750
4433755
4449999

1122889
1162089
1162788
6662755
4447750
4433755
3339999

6665559
1165059
1163338
1133888
2222870
2447777
4449999

2237889
2337089
2367788
2367455
6664450
1114455
1119999

6662889
1162089
1162788
1122755
4447750
4433755
3339999

6662889
1162089
1162788
1122755
3337750
4433755
4449999

3336669
1133069
1188565
1128555
4428870
4427777
4229999

6665559
6325059
6322228
3344888
3444870
1117777
1119999

6665539
1165039
1165533
1122223
4488720
4487777
4889999

2222559
1132059
1133558
1143888
6443870
6447777
6669999

6665559
6445059
6443338
2433888
2222870
1117777
1119999

6665559
4465059
4463338
2433888
2222870
1117777
1119999

2222889
1172089
1173388
1177333
6575440
6555444
6669999

7777889
1173089
1133488
1134455
6234450
6222255
6669999

7777889
1173089
1143388
1144355
6244350
6222255
6669999

3322229
8333029
8885544
1185444
1165570
1167777
6669999

3322229
8333029
8887777
1184755
1164450
1164455
6669999

7666889
7746089
7446288
7443255
1133250
1132255
1139999

7777889
6744089
6444288
6663255
1133250
1132255
1139999

4445559
8445059
8882222
1182333
1163370
1167777
6669999

4666889
4426089
4426788
1127755
1122750
1133755
3339999

2222559
6662059
1163558
1163888
1133870
4437777
4449999

2222889
2455089
4453388
4455333
1166670
1167777
1169999

4422889
4442089
6662788
1162755
1167750
1133755
3339999

2116669
2116049
2116844
2288844
5583330
5777733
5579999

2222559
2333059
3344558
1144888
1164870
1167777
6669999

2115559
2115059
2113338
2233888
6444870
6447777
6669999

2666559
2446059
2446558
2243888
1133870
1137777
1139999

2666559
2644059
2644558
2243888
1133870
1137777
1139999

6665559
6115059
6112222
8112333
8883370
4487777
4449999

3336669
4433069
4488565
4228555
1128870
1127777
1129999

4445559
4485059
8882222
8112333
6113370
6117777
6669999

2211889
2611089
2611788
2666755
3337750
4433755
4449999

4666559
4436059
4436558
2233888
2113870
2117777
2119999

2211889
2311089
2311788
2337777
6535440
6555444
6669999

2211889
2611089
2611788
2666755
4447750
4433755
3339999

2222559
4432059
4433558
4113888
6113870
6117777
6669999

2666889
2611089
2611788
2211755
3337750
4433755
4449999

2666889
2611089
2611788
2211755
4447750
4433755
3339999

4446669
4411069
8811565
2811555
2883330
2777733
2279999

2222559
6662059
6311558
6311888
3311870
3447777
4449999

2222889
5552089
5753388
7711333
6711440
6711444
6669999

2222559
6442059
6444558
6663888
1133870
1137777
1139999

2222559
6662059
6444558
6443888
1133870
1137777
1139999

2222889
4432089
4431188
4331155
6371150
6777755
6669999

2222889
3442089
3441188
3341155
6371150
6777755
6669999

2222889
6662089
6777788
6371155
4331150
4431155
4439999

2222889
6662089
6777788
6371155
3341150
3441155
3449999

