2222889
1112089
1113388
7333666
7554446
7754406
7559999

1115559
1115059
2666447
2684447
2688877
2233807
3339999

2222889
1112089
1113388
7666333
7746555
7446505
7449999

2222889
1112089
1113388
7777333
6744555
6444505
6669999

1116889
1116089
2666788
2447777
2444555
2233505
3339999

2222559
2111059
3111557
3344887
6344877
6348807
6669999

2222889
2111089
3111788
3347777
6344555
6344505
6669999

2222889
2111089
3111788
3355744
6357744
6355704
6669999

6111559
6111059
6664557
2344887
2344877
2338807
2239999

7111889
7111089
7766688
7362222
3362555
3444505
3449999

7111889
7111089
7733388
7332222
6442555
6444505
6669999

1115559
1115059
6664422
6884442
6877772
8833702
3339999

7111889
7111089
7733388
7332222
6662555
6444505
6449999

7111889
7111089
7766688
7462222
4462555
4433505
3339999

3111889
3111089
3366688
7362222
7762555
7444505
7449999

7553889
7753089
7553388
7111344
6111244
6222204
6669999

2443889
2443089
2433788
2237777
6111555
6111505
6669999

2344889
2344089
2334788
2237777
6111555
6111505
6669999

2448839
2448039
2488733
2277773
6111555
6111505
6669999

7222239
7288039
7784433
7884443
6111555
6111505
6669999

2222889
4442089
4433788
3337777
6111555
6111505
6669999

2222889
3332089
4433788
4447777
6111555
6111505
6669999

2222889
4442089
4473388
7777333
6111555
6111505
6669999

1115529
1115029
3335527
8833227
6844477
6884407
6669999

3885559
3385059
6388722
6377772
6664442
1114402
1119999

1116669
1114069
8844565
7844555
7882222
7733302
7339999

1116669
1116049
8856544
7855544
7882222
7733302
7339999

1115559
1115059
3334447
2233447
2666877
2688807
2689999

1115559
1115059
3337777
2233744
2666844
2688804
2689999

1115559
1115059
7777666
2278644
2888644
2833304
2339999

6665559
6885059
6822227
8811127
4411177
4433307
4339999

1115559
1115059
7777333
2273344
2666844
2688804
2689999

2555889
2575089
2777788
2233666
3334446
1114406
1119999

6665559
6325059
6321117
3321117
3422877
4488807
4489999

4445559
3445059
3881117
3381117
6388277
6222207
6669999

4445559
8445059
8881117
3381117
6333277
6222207
6669999

4445559
4485059
8881117
8331117
6233377
6222207
6669999

7822229
7888029
7738111
7334111
6344555
6344505
6669999

7822229
7888029
7738111
7433111
4463555
4463505
6669999

7822229
7888029
7738111
7433111
6443555
6443505
6669999

6665559
6885059
6822227
8833427
3334477
1114407
1119999

1175559
1175059
1177666
2278644
2888644
2833304
2339999

5522229
5666029
5586447
8886447
8333477
1113307
1119999

8822229
7855029
7885666
7755644
7333644
1113304
1119999

1175559
1175059
1177333
2273344
2666844
2688804
2689999

1122559
1126059
1126557
3326667
4333877
4488807
4489999

6665559
6885059
6844437
8844337
2222377
1112307
1119999

1125559
1125059
1126444
7226844
7666888
7733308
7339999

2222889
5572089
5777788
5533666
3334446
1114406
1119999

6665559
1165059
1163337
1133887
2222877
2448807
4449999

6665559
6325059
6322227
3344887
3444877
1118807
1119999

2222559
1132059
1133557
1143887
6443877
6448807
6669999

6665559
6445059
6443337
2433887
2222877
1118807
1119999

6665559
4465059
4463337
2433887
2222877
1118807
1119999

6665559
1165059
1162237
1182337
8882377
8442307
4449999

4445559
8445059
8882237
1182337
1162377
1162307
6669999

3322229
8333029
8887444
1187744
1167555
1167505
6669999

3322229
8333029
8885557
1185457
1164477
1164407
6669999

1165559
1165059
1166627
3322227
4333877
4488807
4489999

7777889
6575089
6555288
6663244
1133244
1132204
1139999

7666889
7556089
7756288
7553244
1133244
1132204
1139999

4445559
8445059
8882222
1182666
1177776
1133706
3339999

4666889
4426089
4426788
1127777
1122555
1133505
3339999

2222559
6662059
1163557
1163887
1133877
4438807
4449999

2222559
2446059
4446557
3336667
1133877
1188807
1189999

2222559
2446059
4446557
1186667
1188877
1133807
3339999

2222559
2333059
3344557
1144887
1164877
1168807
6669999

2115559
2115059
2113337
2233887
6444877
6448807
6669999

2666559
2644059
2644557
2243337
1133877
1188807
1189999

2666559
2446059
2446557
2243337
1133877
1188807
1189999

2666559
2446059
2446557
2243887
1133877
1138807
1139999

2666559
2644059
2644557
2243887
1133877
1138807
1139999

6665559
6115059
6112237
8112337
8882377
4482307
4449999

4666559
4436059
4436557
2233887
2113877
2118807
2119999

2211889
2311089
2311788
2337744
6535744
6555704
6669999

7555889
7535089
7733288
7113244
6113244
6112204
6669999

2222559
4432059
4433557
4113887
6113877
6118807
6669999

4446669
4411069
8811565
7811555
7882222
7733302
7339999

4445559
4485059
8882237
8112337
6112377
6112307
6669999

2222559
6662059
6311557
6311887
3311877
3448807
4449999

7444889
7744089
7223388
7211333
6211555
6211505
6669999

6665559
6225059
6211444
7211844
7211888
7733308
7339999

2222559
6662059
6444557
6443337
1133877
1188807
1189999

2222559
6442059
6444557
6663337
1133877
1188807
1189999

2222559
6442059
6444557
6663887
1133877
1138807
1139999

2222559
6662059
6444557
6443887
1133877
1138807
1139999

