2222889
5572089
5777788
5544411
6334411
6033311
6669999

2222889
4442089
4475588
7777511
6335511
6033311
6669999

2222889
5572089
5777788
5533311
6334411
6044411
6669999

2222889
5572089
5777788
5544411
6664411
6033311
6339999

2222889
2333089
1113388
1117777
6444575
6044555
6669999

2222889
4442089
4475588
7777511
6665511
6033311
6339999

2222889
3442089
3444788
3355711
6357711
6055711
6669999

2222889
3332089
4433788
4455711
6457711
6055711
6669999

1118839
1118039
2288337
2555377
2565447
2064447
6669999

1118839
1118039
2288334
2555344
2565744
2067777
6669999

4488229
4483029
4883327
1116327
1116377
5056667
5559999

1115559
1115059
7222288
7444286
7744886
7033666
3339999

1115559
1115059
7222288
7744286
7444886
7033666
3339999

7777889
5754089
5554488
6664411
6222211
6033211
3339999

1115559
1115059
7444666
7744886
7222286
7033288
3339999

6663339
6833079
6888772
1118472
1114472
5054422
5559999

7555889
7535089
7733288
7443211
6443211
6042211
6669999

7777889
3575089
3555288
3344211
6344211
6042211
6669999

7666889
7746089
7446288
7443211
5533211
5032211
5539999

7777889
6744089
6444288
6663211
5533211
5032211
5539999

6111889
6111089
6663388
2333444
2222744
5057777
5559999

7555889
7535089
7732288
7334211
6344211
6044211
6669999

7111889
7111089
7733388
7332666
2222446
5054446
5559999

6111889
6111089
6663388
4447333
4477772
5052222
5559999

1115559
1115059
7777444
2376844
2336888
2036668
2239999

1115559
1115059
7777666
2374886
2334486
2034488
2239999

2555889
2575089
2777788
2244411
6664411
6033311
6339999

6111559
6111059
6667558
2377888
2337844
2037444
2239999

2555889
2575089
2777788
2233311
6334411
6044411
6669999

1115559
1115059
3366644
7333644
7788642
7082222
7889999

2555889
2575089
2777788
2244411
6334411
6033311
6669999

8666559
8886059
2286557
2111477
2111447
2033447
3339999

2111889
2111089
2777788
2273666
5533446
5034446
5539999

4475559
4475059
4677333
2673311
2666811
2088811
2289999

2222889
7332089
7733388
7111666
7111446
5054446
5559999

7444889
7744089
7222288
7111255
6111335
6033355
6669999

2111559
2111059
2666557
2286477
8886447
8033447
3339999

2111889
2111089
2777788
2274455
6664445
6033355
6339999

2111889
2111089
2777788
2274455
6334445
6033355
6669999

4445559
4475059
7777666
2388611
2338611
2038811
2239999

1116669
1112069
2222367
4488377
4448337
5058837
5559999

1115559
1115059
7833322
7888332
7768442
7064442
6669999

6111889
6111089
6663388
2222333
2777744
5057444
5559999

2222889
2333089
6663388
6111444
6111744
5057777
5559999

6667889
2367089
2367788
2337411
2234411
5054411
5559999

7111889
7111089
7733388
7334446
2222446
5052666
5559999

1115559
1115059
7222288
7244486
7744886
7033666
3339999

3227889
3327089
6327788
6327411
6664411
5054411
5559999

1116669
1117069
8777762
8883442
5583442
5033422
5539999

1116669
1116079
4486772
4488872
4333872
5053322
5559999

2222889
2333089
4473388
4475511
6477511
6075511
6669999

6667889
6327089
6327788
3327411
3224411
5054411
5559999

1118879
1118079
4488776
4433376
4332666
5052222
5559999

8844559
3844059
3884557
3311177
6311127
6022227
6669999

4885559
4485059
4488322
7777332
6711132
6011132
6669999

7445559
7445059
7748322
7888332
6811132
6011132
6669999

2237889
2337089
2367788
2367411
6664411
5054411
5559999

2222889
2333089
4443388
4471116
5571116
5077666
5579999

2222889
7332089
7733388
7444666
7441116
5051116
5559999

4422229
4448029
6888337
6833377
6661117
5051117
5559999

6822229
6888029
6668337
4433377
4441117
5051117
5559999

7444889
7744089
7222288
7233666
3331116
5051116
5559999

2444889
2447089
2777788
2233666
3331116
5051116
5559999

2222889
4332089
4433388
4471116
5571116
5077666
5579999

6668559
6888059
6844557
2344477
2331117
2031117
2239999

4425559
4425059
7428811
7228611
7788611
7033666
3339999

4422229
4447029
8777711
8883611
5583611
5033666
5539999

3322229
7333029
7744411
7844611
7888611
5058666
5559999

1144479
1144079
1138877
2233876
2553886
2053666
2559999

1146669
1144069
1144367
2288377
2558337
2058837
2559999

1166679
1163079
1163377
2288374
2558344
2058844
2559999

2446669
2447069
2477565
2287555
8887111
8033111
3339999

6662559
1162059
1162557
1182277
8884447
8033447
3339999

7777889
1174089
1164488
1164433
6663332
5052222
5559999

3336669
1133069
1148867
1144877
5544887
5022227
5529999

1177779
1167049
1168844
6663844
5533882
5032222
5539999

2222889
1132089
1133488
1173446
5573446
5077666
5579999

2222889
1172089
1177488
1173446
5573446
5033666
5539999

1175559
1175059
1177444
2376844
2336888
2036668
2239999

1175559
1175059
1177666
2374886
2334486
2034488
2239999

1144469
1144069
1186667
2388877
2335857
2035557
2239999

1135559
1135059
1133887
4443877
6448827
6022227
6669999

1144559
1144059
1184557
3388877
6333827
6022227
6669999

2222889
2666089
1136788
1136774
1133744
5053744
5559999

2222889
5552089
5753388
7777333
6444111
6044111
6669999

2115579
2115079
2115577
2284476
8884446
8033666
3339999

2115559
2115059
2117777
2284476
8884446
8033666
3339999

2115559
2115059
2116667
2286477
8886447
8033447
3339999

6665559
6115059
6118822
7118442
7788442
7033342
7339999

7777889
2273089
2113388
2116344
2116344
5056664
5559999

6665579
6115079
6115577
2113374
2333844
2088844
2289999

6665559
6115059
6117777
2113374
2333844
2088844
2289999

6665539
6115039
6115533
7114443
7788442
7082222
7889999

1122229
1133029
1183337
4488877
4465857
4065557
6669999

6665559
6115059
6118842
7118442
7788442
7033322
7339999

2222559
2666059
7611558
7611888
7711844
7033444
3339999

2222889
3442089
3444788
3311755
6311775
6011755
6669999

2222889
3332089
4433788
4411755
6411775
6011755
6669999

7777889
3575089
3555288
3311244
6311244
6011224
6669999

8822229
3825059
3885557
3311477
6311447
6011447
6669999

7555889
7535089
7731188
7331144
6321144
6022224
6669999

