2222889
6662089
6355788
6357711
3355711
3444711
0449999

2222889
6662089
6777788
6457511
4455511
4433311
0339999

1115539
1115039
2275533
2777743
2666844
2688844
0689999

1113889
1113089
6663388
6722355
6724445
7724455
0729999

6665559
6885059
6387777
3388711
3222211
3444211
0449999

1115559
1115059
6664447
6884477
6822227
8833327
0339999

1117889
1117089
5557788
5457666
4422226
4433326
0339999

4422229
4455029
4357777
3355711
3666811
3688811
0689999

8822229
7855029
7885666
7755611
7333611
4443311
0449999

1115559
1115059
7777388
4723386
4423886
4423666
0229999

4422229
4455029
4657777
3655711
3666811
3388811
0389999

1115559
1115059
7777333
4723386
4428886
4428666
0229999

7777889
6575089
6555288
6663211
4433211
4432211
0439999

7666889
7556089
7756288
7553211
4433211
4432211
0439999

1115559
1115059
2666334
2633344
2688744
2287777
0889999

1115559
1115059
2666337
2633377
2688447
2284447
0889999

6111889
6111089
6663388
2333555
2222575
4447777
0449999

1115579
1115079
2685577
2688874
2666844
2233344
0339999

1115559
1115059
2687777
2688874
2666844
2233344
0339999

1115559
1115059
2444666
2447886
2777786
2233388
0339999

1116669
1118069
7888565
7833555
7743332
7442222
0449999

1115559
1115059
7444322
7744332
7666832
7688832
0689999

1115559
1115059
6664322
6744332
6744832
7788832
0789999

4425559
4425059
4327777
3322711
3666811
3688811
0689999

4425559
4425059
4627777
3622711
3666811
3388811
0389999

7111559
7111059
7768552
7468882
4466682
4433322
0339999

2222889
2333089
6663388
6111555
6111575
4447777
0449999

1115559
1115059
7666444
7736844
7336888
7322228
0329999

6667889
6447089
6447788
5547211
5222211
5533311
0339999

1115559
1115059
7444666
7744886
7222286
7233388
0339999

1115559
1115059
6664442
6887442
6877772
8833322
0339999

1115559
1115059
7777862
4788862
4486662
4433322
0339999

7777889
5754089
5554488
6664411
6222211
6233311
0339999

1115559
1115059
7666442
7736442
7336842
7388822
0389999

1115559
1115059
7332222
7733342
7666844
7688844
0689999

7552889
7752089
7552688
7422611
4466611
4433311
0339999

2222889
6662089
6311188
6311155
3377775
3444755
0449999

4422889
4427089
4327788
3327611
3557611
3566611
0559999

6665559
6225059
6247777
3244711
3244811
3388811
0389999

2222889
2333089
7553388
7751116
7551116
7444666
0449999

2222889
5572089
5777788
5533666
3331116
4441116
0449999

6665539
8865039
7865533
7881113
7741112
7442222
0449999

2553339
2533079
2557777
2281116
8881116
8444666
0449999

3885559
3385059
6388722
6377772
6661112
4441112
0449999

2555889
2575089
2777788
2233666
3331116
4441116
0449999

3336669
8833069
2844467
2884477
2551117
2251117
0559999

6665559
6225059
6288111
3278111
3278844
3377444
0379999

7225559
7725059
7328811
7328611
3388611
3444666
0449999

3225559
3325059
7328811
7328611
7788611
7444666
0449999

3336669
8833069
7822565
7882555
7742111
7442111
0449999

2275559
2775059
2378811
2378611
3388611
3444666
0449999

6665559
6335059
6233311
4222211
4488711
4487777
0889999

4445559
4475059
7777112
6668112
6888112
6833322
0339999

1144439
1144039
1188337
6668377
6558827
6522227
0559999

6665559
6445059
6442222
1143332
1188733
1187777
0889999

2222889
2666089
1136788
1136755
1133775
4443755
0449999

6665559
8865059
7862222
7883332
7733111
7444111
0449999

2222889
6662089
6355788
6357777
3355111
3444111
0449999

6222239
6255039
6665334
1155344
1188744
1187777
0889999

6222239
6255039
6665337
1155377
1188447
1184447
0889999

2115559
2115059
2118666
2278886
4473386
4477333
0479999

2236669
2337069
2377565
2387555
8887111
8444111
0449999

2113889
2113089
2113388
2275356
4475556
4477666
0479999

4445559
4475059
7777862
1188862
1186662
1133322
0339999

2115559
2115059
2113666
2273886
4473386
4477388
0479999

2115559
2115059
2117777
2233786
3338886
4448666
0449999

6668559
6888059
6833557
1123337
1124477
1124447
0229999

4445559
4475059
7777388
1123386
1123886
1123666
0229999

4445559
4475059
7777333
1123386
1128886
1128666
0229999

7777889
5753089
5553388
1126344
1126344
1126664
0229999

5577779
5337049
5533344
1126844
1126888
1126668
0229999

6668559
6888059
6844557
1144477
1122227
1133327
0339999

6665559
6115059
6112222
4113332
4488733
4487777
0889999

1122229
1144029
1144666
5547886
5777786
5533388
0339999

1122229
1144029
1144666
5574886
5777786
5533388
0339999

2222889
6662089
6311788
6311755
3311775
3444755
0449999

4425559
4425059
4327777
3322786
3118886
3118666
0119999

4777739
4487039
4488833
6665853
6115552
6112222
0119999

7777889
5754089
5554488
6664433
6113332
6112222
0119999

2222889
2555089
7535488
7733446
7113446
7113666
0119999

6665529
6885029
6385527
3388227
3114477
3114447
0119999

4422229
4455029
4357777
3355786
3118886
3118666
0119999

2222889
5552089
5357488
3377446
3117446
3117666
0119999

2553339
2533079
2551177
2281176
8881176
8444666
0449999

6665559
6885059
6387777
3388744
3112444
3112222
0119999

