2222889
2666089
1116788
1116755
3337705
4433755
4449999

1115559
1115059
3444887
3344877
6328807
6322227
6669999

1117889
1117089
2237788
2337455
2364405
2364455
6669999

2222889
2666089
1116788
1116755
4447705
4433755
3339999

1117889
1117089
6667788
6327455
6324405
3324455
3229999

2222889
1112089
1114488
5574446
5777706
5533666
3339999

2222889
1112089
1113388
7333666
7554406
7754446
7559999

2222889
1112089
1113388
7666333
7746505
7446555
7449999

2222889
1112089
1113388
7777333
6744505
6444555
6669999

1116889
1116089
2666788
2444755
2447705
2233755
3339999

1116889
1116089
2666788
2447777
2444505
2233555
3339999

1116559
1116059
2666557
2448877
2444807
2233887
3339999

1116889
1116089
2666788
2447755
2444705
2233755
3339999

7111889
7111089
7744488
7334455
6233305
6222255
6669999

7111889
7111089
7733388
7334455
6244405
6222255
6669999

1116669
1118069
3888267
3844277
3344207
5354227
5559999

2222889
6662089
6111788
6111755
4447705
4433755
3339999

2222889
6662089
6111788
6111755
3337705
4433755
4449999

7111889
7111089
7733388
7332655
2222605
4466655
4449999

1117889
1117089
6667788
2367455
2364405
2334455
2239999

2222889
2111089
3111788
3347777
6344505
6344555
6669999

2222559
2111059
3111557
3348877
6344807
6344887
6669999

2222889
2111089
3111788
3347755
6344705
6344755
6669999

1116669
1117069
5557768
5357888
3347802
3442222
3449999

1116669
1117069
4437768
4437888
4337802
5352222
5559999

3111889
3111089
3366688
2344655
2444605
2777755
2279999

1116669
1117069
5557768
5357888
4337802
4432222
4439999

1116669
1117069
3777768
3444888
3344802
5352222
5559999

1116669
1117069
3447768
3447888
3347802
5352222
5559999

1117889
1117089
5557788
5457333
4463302
4462222
6669999

1117889
1117089
6667788
6447333
6443302
5452222
5559999

1117889
1117089
5557788
5457333
6443302
6442222
6669999

1117889
1117089
6667788
4467333
4463302
5452222
5559999

2222889
4442089
4466688
7111655
7111605
7733355
7339999

2222889
7332089
7733388
7111655
7111605
4466655
4449999

6667889
6327089
6327788
3327455
3224405
1114455
1119999

6111889
6111089
6662788
2222755
4447705
4433755
3339999

6111889
6111089
6662788
2222755
3337705
4433755
4449999

7111889
7111089
7732288
7433255
4463205
4463255
6669999

7111889
7111089
7732288
7433255
6443205
6443255
6669999

1115559
1115059
3884422
3384442
6388702
6377772
6669999

7111889
7111089
7732288
7334255
6344205
6344255
6669999

6444889
6443089
6663388
2111355
2111305
2777755
2279999

7111889
7111089
7766688
7362222
3362505
3444555
3449999

7111889
7111089
7733388
7332222
6442505
6444555
6669999

7111889
7111089
7733388
7332222
6662505
6444555
6449999

7111889
7111089
7766688
7462222
4462505
4433555
3339999

3111889
3111089
3366688
7362222
7762505
7444555
7449999

7443889
7443089
7743388
7111355
6111205
6222255
6669999

1115559
1115059
4433322
4448332
6888702
6877772
6669999

1115559
1115059
6833322
6888332
6668702
4477772
4449999

6111559
6111059
6667552
3377772
4333802
4488822
4489999

8666559
8886059
4486552
4477772
4333702
1113322
1119999

4436669
4437069
4337762
5357882
5557802
1118822
1119999

5558879
5358079
3388772
3111672
3111602
4466622
4449999

1117889
1117089
3227788
3327455
6324405
6324455
6669999

6665559
4465059
4463332
4733882
7777802
1118822
1119999

3446669
3447069
3347762
5357882
5557802
1118822
1119999

2443889
2443089
2433788
2237777
6111505
6111555
6669999

2443559
2443059
2433557
2238877
6111807
6111887
6669999

2443889
2443089
2433788
2237755
6111705
6111755
6669999

5556669
5357069
4337762
4437882
4437802
1118822
1119999

2344889
2344089
2334788
2237777
6111505
6111555
6669999

2344559
2344059
2334557
2238877
6111807
6111887
6669999

2344889
2344089
2334788
2237755
6111705
6111755
6669999

2448839
2448039
2488733
2277773
6111505
6111555
6669999

5556669
5357069
3347762
3447882
3447802
1118822
1119999

5556669
5354069
3344762
3844772
3888702
1118722
1119999

7222239
7288039
7784433
7884443
6111505
6111555
6669999

6111889
6111089
6663388
7333555
7742505
7442222
7449999

6111889
6111089
6664488
7244455
7222205
7733355
7339999

4422229
4433029
5453337
5558877
6111807
6111887
6669999

1116669
1117069
5557762
5357882
4337802
4438822
4439999

2222889
4442089
4433788
3337777
6111505
6111555
6669999

2222559
4442059
4433557
3338877
6111807
6111887
6669999

2222889
4442089
4433788
3337755
6111705
6111755
6669999

2222889
3332089
4433788
4447777
6111505
6111555
6669999

1116669
1117069
3777762
3444882
3344802
5358822
5559999

1116669
1118069
3888762
3877772
3344402
5354422
5559999

2222559
3332059
4433557
4448877
6111807
6111887
6669999

2222889
3332089
4433788
4447755
6111705
6111755
6669999

1116669
1117069
3447762
3447882
3347802
5358822
5559999

1116669
1118069
3888762
3844772
3344702
5354722
5559999

2222889
4442089
4473388
7777333
6111505
6111555
6669999

1116669
1117069
4437762
4437882
4337802
5358822
5559999

1116669
1117069
5557762
5357882
3347802
3448822
3449999

3885559
3385059
6388722
6377772
6664402
1114442
1119999

5556669
5357069
3347768
3447888
3447802
1112222
1119999

4436669
4437069
4337768
5357888
5557802
1112222
1119999

6665559
4465059
4463338
4733888
7777802
1112222
1119999

5556669
5357069
4337768
4437888
4437802
1112222
1119999

3446669
3447069
3347768
5357888
5557802
1112222
1119999

5557889
5457089
4467788
4467333
6663302
1112222
1119999

5557889
5457089
6447788
6447333
6663302
1112222
1119999

6667889
4467089
4467788
5457333
5553302
1112222
1119999

6667889
6447089
6447788
5457333
5553302
1112222
1119999

5577779
5337049
5533344
8811144
6811102
6882222
6669999

2555889
2575089
2777788
2233666
3334406
1114446
1119999

1116889
1116089
2666788
2222755
3337705
4433755
4449999

1116889
1116089
2666788
2222755
4447705
4433755
3339999

4423889
4423089
4723388
7722355
6711105
6711155
6669999

5556669
5354069
3344267
3844277
3888207
1118227
1119999

6667889
2367089
2367788
2337455
2234405
1114455
1119999

4885559
4485059
4488111
7777111
6733302
6332222
6669999

7445559
7445059
7748111
7888111
6833302
6332222
6669999

3227889
3327089
6327788
6327455
6664405
1114455
1119999

4422229
4428039
4888337
5856377
5556307
1116667
1119999

5544889
5444089
5533388
2222336
2777706
1117666
1119999

7822229
7888029
7738111
7334111
6344505
6344555
6669999

7822229
7888029
7738111
7433111
4463505
4463555
6669999

7822229
7888029
7738111
7433111
6443505
6443555
6669999

3336669
1133069
1144462
1144882
7777802
5758822
5559999

6665559
1165059
1163332
1133882
7777802
4478822
4449999

2222889
5572089
5777788
5533666
3334406
1114446
1119999

3336669
1133069
1188565
1178555
4778802
4472222
4479999

3336669
1133069
1144468
1144888
7777802
5752222
5559999

6665559
1165059
1163338
1133888
7777802
4472222
4449999

6665539
1165039
1165533
1177773
4488702
4482222
4889999

1122889
1162089
1162788
6662755
3337705
4433755
4449999

1122889
1162089
1162788
6662755
4447705
4433755
3339999

2237889
2337089
2367788
2367455
6664405
1114455
1119999

6662889
1162089
1162788
1122755
4447705
4433755
3339999

6662889
1162089
1162788
1122755
3337705
4433755
4449999

1136669
1133069
1183565
8883555
8777702
4472222
4449999

7777889
1173089
1133488
1134455
6234405
6222255
6669999

7777889
1173089
1143388
1144355
6244305
6222255
6669999

3322229
8333029
8887444
1187744
1167505
1167555
6669999

3322229
8333029
8887777
1184755
1164405
1164455
6669999

5558879
5458079
4488377
4422376
1123306
1123666
1129999

7666889
7746089
7446288
7443255
1133205
1132255
1139999

7777889
6744089
6444288
6663255
1133205
1132255
1139999

7777559
4476059
4446552
3336662
1133802
1188822
1189999

7666559
7746059
7446552
7443332
1133802
1188822
1189999

7777559
6744059
6444552
6663332
1133802
1188822
1189999

4666889
4426089
4426788
1127777
1122505
1133555
3339999

4666559
4426059
4426557
1128877
1122807
1133887
3339999

4666889
4426089
4426788
1127755
1122705
1133755
3339999

7777559
6744059
6444552
6663882
1133802
1138822
1139999

7666559
7746059
7446552
7443882
1133802
1138822
1139999

4422889
4442089
6662788
1162755
1167705
1133755
3339999

5544889
5444089
5533788
3337777
1166602
1162222
1169999

5558839
5458039
4488733
4477773
1166602
1162222
1169999

5553889
5453089
4433788
4437777
1166602
1162222
1169999

7666559
7746059
7446558
7443888
1133802
1132222
1139999

7777559
6744059
6444558
6663888
1133802
1132222
1139999

5544889
5444089
5573388
7777333
1166602
1162222
1169999

7777889
4755089
4453388
4455333
1166602
1162222
1169999

7777559
4476059
4446552
1186662
1188802
1133822
3339999

6665559
6115059
6118832
7118332
7788302
7444322
7449999

2211889
2611089
2611788
2666755
3337705
4433755
4449999

3336669
5533069
5884467
5584477
1188407
1122227
1129999

2211889
2611089
2611788
2666755
4447705
4433755
3339999

6668559
6888059
6833557
3334477
1144407
1122227
1129999

2666889
2611089
2611788
2211755
3337705
4433755
4449999

2666889
2611089
2611788
2211755
4447705
4433755
3339999

6663559
6883059
6833557
8834477
1144407
1122227
1129999

7444889
7744089
7223388
7211333
6211505
6211555
6669999

2222889
4432089
4431188
4331155
6371105
6777755
6669999

2222889
3442089
3441188
3341155
6371105
6777755
6669999

2235559
2335059
2388444
2378446
1178806
1177666
1179999

2235579
2335079
2385577
2388876
1144806
1144666
1149999

2235559
2335059
2387777
2388876
1144806
1144666
1149999

2222889
6662089
6777788
6371155
4331105
4431155
4439999

2222889
6662089
6777788
6371155
3341105
3441155
3449999

