6444889
6443089
6663388
2222311
5572311
5777711
5509999

7777889
5754089
5554488
6664411
6222211
6333211
3309999

1115559
1115059
7222288
7444286
7744886
7333666
3309999

1115559
1115059
7222288
7744286
7444886
7333666
3309999

1115559
1115059
7444666
7744886
7222286
7333288
3309999

8822229
7855029
7885666
7755611
7333611
4443311
4409999

4477779
4447039
1115533
1115883
6665583
6222288
6209999

6111889
6111089
6663388
2333555
2222575
4447777
4409999

7111889
7111089
7766688
7364455
3364445
3222255
3209999

7111889
7111089
7733388
7334455
6664445
6222255
6209999

3111889
3111089
3366688
7364455
7764445
7222255
7209999

1115559
1115059
3337777
2433786
2448886
2448666
2209999

1115559
1115059
7777333
2743386
2448886
2448666
2209999

1115559
1115059
7777333
2473386
2448886
2448666
2209999

1113559
1113059
8833557
2836477
2886447
2666447
2209999

1115559
1115059
7777388
2743386
2443886
2443666
2209999

1115559
1115059
7777388
2473386
2443886
2443666
2209999

6111889
6111089
6663388
2333555
2444575
2447777
2209999

3111889
3111089
3366688
2367777
2565744
2555444
2209999

3111559
3111059
3388557
2386477
2886447
2666447
2209999

6111889
6111089
6663388
2555333
2575444
2777744
2209999

8666559
8886059
2286557
2111477
2111447
2333447
3309999

1116669
1117069
8777762
8882222
5583344
5333444
5509999

4445559
4475059
7777333
2683311
2688811
2666811
2209999

6664889
6344089
6344788
2337711
2535711
2555711
2209999

2111559
2111059
2666557
2286477
8886447
8333447
3309999

7777889
5753089
5553388
2666311
2644311
2644411
2209999

6444889
6443089
6663388
2555311
2575311
2777711
2209999

2222889
2333089
6663388
6111555
6111575
4447777
4409999

8666559
8886059
3386557
2333477
2111447
2111447
2209999

3666559
3886059
3386557
2388477
2111447
2111447
2209999

6668839
6558039
6588733
2557743
2111744
2111744
2209999

6663339
6433089
6448887
2448557
2111577
2111557
2209999

6111889
6111089
6663388
2222333
5572444
5777744
5509999

1115559
1115059
7222288
7244486
7744886
7333666
3309999

6667889
4467089
4467788
4357511
3355511
3222211
3209999

7555889
7545089
7744688
7344611
3366611
3222211
3209999

4447889
4477089
5557688
5357611
3366611
3222211
3209999

3555889
3545089
3344688
7344611
7766611
7222211
7209999

4445559
4485059
8887777
8333711
6663311
6222211
6209999

4455889
4445089
3355688
7333611
7766611
7222211
7209999

1115559
1115059
7336662
7733362
7884462
7844422
8809999

2222889
2333089
6663388
6777711
6457511
4455511
4409999

1115559
1115059
3337777
2233786
2448886
2448666
2409999

1115559
1115059
7777333
2273386
2448886
2448666
2409999

1115559
1115059
7777388
2273386
2443886
2443666
2409999

2235559
2735059
2733666
2773886
4711186
4411188
4409999

6663559
6733059
6738552
7738882
4711182
4411122
4409999

4435559
4435059
4733666
2773886
2711186
2711188
2209999

4445559
8445059
8881117
2681117
2633377
2666337
2209999

2222889
5572089
5777788
5533666
3331116
4441116
4409999

6665539
6885039
6875533
8871113
4771112
4472222
4409999

3885559
3385059
6388722
6377772
6661112
4441112
4409999

2644439
2644039
2666337
2288377
5581117
5881117
5509999

2555889
2575089
2777788
2233666
3331116
4441116
4409999

4445559
4475059
7777811
2688811
2683311
2666333
2209999

8822229
3825059
3885557
3366677
4361117
4461117
4409999

6822229
6888029
6668111
7777111
5573344
5333444
5509999

4425559
4425059
7428811
7228611
7788611
7333666
3309999

1175559
1175059
1177333
2273386
2448886
2448666
2409999

2446669
2447069
2477565
2287555
8887111
8333111
3309999

1175559
1175059
1177388
2273386
2443886
2443666
2409999

6662559
1162059
1162557
1182277
8884447
8333447
3309999

7777889
1173089
1133288
1136244
5536244
5666224
5509999

6664889
6344089
6344788
2337777
2535111
2555111
2209999

6664559
6344059
6344552
7332222
7738111
7888111
7809999

6663229
1163029
1163327
1188327
5584477
5884447
5509999

7445559
7445059
7743322
7333112
6668112
6888112
6809999

7777889
1173089
1123388
1126344
5526344
5226664
5509999

6665539
6445039
6445533
7422223
7728111
7888111
7809999

6665539
4465039
4465533
7422223
7728111
7888111
7809999

1175559
1175059
1177333
2473386
2448886
2448666
2209999

6668559
6888059
6833557
3334477
1124447
1122227
1109999

6668559
6888059
6833557
3334447
1124477
1122227
1109999

6663559
6883059
6833557
8834477
1124447
1122227
1109999

6663559
6883059
6833557
8834447
1124477
1122227
1109999

1175559
1175059
1177388
2473386
2443886
2443666
2209999

4476669
4477069
4372565
3372555
3882111
3822111
8809999

2222889
2666089
1136788
1136755
1133775
4443755
4409999

1135559
1135059
1133422
6663442
6887442
6877772
8809999

5522229
5333029
5573344
7777444
6668111
6888111
6809999

2222889
4472089
4473388
4776333
5576111
5666111
5509999

6665559
6335059
6733344
7777844
1188842
1182222
1109999

7777889
4722089
4423388
4426333
5526111
5666111
5509999

6665539
6885039
6875533
8874443
1177442
1172222
1109999

6665539
6885039
6875533
8877443
1174442
1172222
1109999

4777739
4487039
4488833
6665853
1165552
1162222
1109999

7777889
5754089
5554488
6664433
1163332
1162222
1109999

2115579
2115079
2115577
2284476
8884446
8333666
3309999

2115559
2115059
2117777
2284476
8884446
8333666
3309999

2115559
2115059
2116667
2286477
8886447
8333447
3309999

2115559
2115059
2113337
2233477
6668447
6888447
6809999

2115539
2115039
2115533
2277773
6668744
6888444
6809999

2277779
2387049
2388844
2336844
5536111
5666111
5509999

2115559
2115059
2117777
2233786
3338886
4448666
4409999

2555889
2575089
2774488
2274446
1173336
1133666
1109999

2477779
2447039
2445533
2265883
1165583
1166688
1109999

3336669
5533069
5884467
5584477
1188427
1122227
1109999

6663559
6883059
6833557
8834477
1144427
1122227
1109999

6668559
6888059
6833557
3334477
1144427
1122227
1109999

7445559
7445059
7743322
7333862
1188862
1186662
1109999

7885559
7785059
7388422
7334462
1134462
1136662
1109999

7885559
7785059
7388422
7336442
1136442
1136662
1109999

5577779
5337049
5533344
2116844
2116888
2116668
2209999

4445559
4475059
7777388
2113386
2113886
2113666
2209999

7777889
5753089
5553388
2116344
2116344
2116664
2209999

4445559
4475059
7777333
2113386
2118886
2118666
2209999

6668559
6888059
6833557
2113337
2114477
2114447
2209999

7777889
5573089
5223388
5526344
1126344
1126664
1109999

2211889
2311089
2311788
2336774
5536744
5666744
5509999

2222559
2666059
7611558
7611888
7711844
7333444
3309999

6665559
6785059
6788832
7711832
4711332
4411322
4409999

8822229
6833029
6883337
6664557
1144577
1144557
1109999

2222889
5572089
5774488
5574446
1173336
1133666
1109999

2222559
6662059
6333557
6883377
1184447
1188447
1109999

2277779
2447039
2445533
2465883
1165583
1166688
1109999

6665539
6885039
6875533
8877443
1172444
1172222
1109999

7885559
7785059
7388666
7334446
1132446
1132222
1109999

7885559
7785059
7388446
7334446
1132666
1132222
1109999

