2222889
2333089
1113388
1114455
6664445
6777755
6079999

4488229
4483029
4883327
1116327
1116377
5556667
5059999

5522229
5444029
5544666
7388611
7338611
7738811
7039999

6663339
6833079
6888772
1118472
1114472
5554422
5059999

7777889
6575089
6555288
6663211
4433211
4432211
4039999

7666889
7556089
7756288
7553211
4433211
4432211
4039999

6111889
6111089
6663388
2333444
2222744
5557777
5059999

7111889
7111089
7733388
7332666
2222446
5554446
5059999

6111889
6111089
6663388
4447333
4477772
5552222
5059999

2222889
7332089
7733388
7111666
7111446
5554446
5059999

6665559
6445059
6444322
7111332
7111832
7788832
7089999

1116669
1112069
2222565
7388555
7338444
7738844
7039999

1116669
1112069
2222367
4488377
4448337
5558837
5059999

1115559
1115059
4446322
7446332
7666832
7788832
7089999

1115559
1115059
4488322
4448332
6668832
6777732
6079999

4445559
4485059
8882666
8372611
3372611
3772211
3079999

4445559
8445059
8882666
7382611
7332611
7732211
7039999

1115559
1115059
4433322
4448332
6668882
6777782
6079999

6111889
6111089
6663388
2222333
2777744
5557444
5059999

2222889
2333089
6663388
6111444
6111744
5557777
5059999

6667889
2367089
2367788
2337411
2234411
5554411
5059999

1115559
1115059
6662222
6372884
6377844
3378844
3079999

1117889
1117089
6667788
6357544
6355544
3322224
3029999

7111889
7111089
7733388
7334446
2222446
5552666
5059999

1115559
1115059
8822224
7823644
7883644
7733666
7039999

4422889
4442089
5552688
5352611
3366611
3777711
3079999

1115559
1115059
2222666
2344886
3344486
3777788
3079999

1115559
1115059
2222666
2374886
3374486
3774488
3079999

1115559
1115059
2222444
2376844
3376888
3776668
3079999

3227889
3327089
6327788
6327411
6664411
5554411
5059999

1115559
1115059
4446662
7443362
7333862
7788822
7089999

1118839
1118039
4488332
4445352
6665552
6777722
6079999

1116669
1116079
4486772
4488872
4333872
5553322
5059999

1112889
1112089
6662788
6322755
6344775
3344755
3049999

6667889
6327089
6327788
3327411
3224411
5554411
5059999

1115559
1115059
3337777
2233786
2448886
2448666
2049999

1115559
1115059
7777333
2273386
2448886
2448666
2049999

4445559
4485059
8886662
8311162
3311162
3777722
3079999

1115559
1115059
7777388
2273386
2443886
2443666
2049999

1118879
1118079
4488776
4433376
4332666
5552222
5059999

2237889
2337089
2367788
2367411
6664411
5554411
5059999

2222889
7332089
7733388
7444666
7441116
5551116
5059999

4445559
8445059
8881116
7381116
7332666
7732222
7039999

4445559
4485059
8881116
8371116
3372666
3772222
3079999

4422229
4448029
6888337
6833377
6661117
5551117
5059999

6822229
6888029
6668337
4433377
4441117
5551117
5059999

4445559
2445059
2222666
7388611
7338611
7738811
7039999

7444889
7744089
7222288
7233666
3331116
5551116
5059999

4445559
8445059
8886111
7386111
7336662
7732222
7039999

4445559
4485059
8886111
8376111
3376662
3772222
3079999

2444889
2447089
2777788
2233666
3331116
5551116
5059999

4445559
4485059
8882222
8372666
3371116
3771116
3079999

4445559
8445059
8882222
7382666
7331116
7731116
7039999

3322229
7333029
7744411
7844611
7888611
5558666
5059999

4445559
4485059
8882211
8372611
3372611
3772666
3079999

4445559
8445059
8882211
7382611
7332611
7732666
7039999

1175559
1175059
1177333
2273386
2448886
2448666
2049999

1175559
1175059
1177388
2273386
2443886
2443666
2049999

7777889
1174089
1164488
1164433
6663332
5552222
5059999

6665559
6445059
6444112
7388112
7338112
7738822
7039999

2222889
2666089
1136788
1136774
1133744
5553744
5059999

1165559
1165059
1166622
7388442
7338442
7738842
7039999

4445559
8445059
8882222
7386662
7336111
7736111
7039999

4445559
4485059
8882222
8376662
3376111
3776111
3079999

2115559
2115059
2118666
2278886
4473386
4477333
4079999

2113889
2113089
2113388
2275356
4475556
4477666
4079999

1165559
1165059
1166642
7388442
7338442
7738822
7039999

2115559
2115059
2113666
2273886
4473386
4477388
4079999

6665559
6115059
6112222
7113342
7333844
7788844
7089999

7777889
2273089
2113388
2116344
2116344
5556664
5059999

4445559
8445059
8881122
7381162
7331162
7736662
7039999

4445559
4485059
8881122
8371162
3371162
3776662
3079999

4445559
8445059
8886662
7381162
7331162
7731122
7039999

4445559
4485059
8886662
8371162
3371162
3771122
3079999

