2222889
6662089
6505788
6555711
3337711
4433711
4449999

1115579
1115079
2205577
2833376
2888336
2448666
4449999

1115559
1115059
2207777
2833376
2888336
2448666
4449999

1115559
1115059
2208666
2888336
2833376
2447777
4449999

2222889
6662089
6505788
6555711
4447711
4433711
3339999

7822229
7888029
7708333
7553311
6544411
6554411
6669999

1117889
1117089
5507788
5337666
5533326
4422226
4449999

6665559
6885059
6807777
8833744
3332444
1112222
1119999

7777559
8873059
6803554
6883344
6662344
1112222
1119999

1115559
1115059
3307777
2333786
2448886
2448666
2249999

2666889
2655089
2605788
2255711
4447711
4433711
3339999

1115559
1115059
4407777
4488733
6483332
6882222
6669999

2666889
2655089
2605788
2255711
3337711
4433711
4449999

6665529
6885029
6805527
8833227
3334477
1114447
1119999

5553889
5753089
2703388
2774311
2764411
2264411
6669999

2222889
2333089
4403388
4447777
6111575
6111555
6669999

3111559
3111059
3307556
8377776
8882666
4482222
4449999

1115559
1115059
8806662
7844462
7884462
7733322
7339999

1115559
1115059
8804462
7844462
7886662
7733322
7339999

2222889
2333089
4403388
4455511
6457511
6777711
6669999

2222889
2555089
3505788
3347711
6344711
6344711
6669999

6665539
6885039
6805533
8874443
7777442
1112222
1119999

5522229
5333029
5503344
8811144
6811174
6887777
6669999

1113889
1113089
4403388
4447355
6277775
6222255
6669999

2445559
2445059
2407777
2233786
3338886
1118666
1119999

2244889
2344089
2304788
2337711
6535711
6555711
6669999

2222889
2555089
3505788
3377774
6311144
6311144
6669999

6662239
6552039
6502337
8552377
8881117
4481117
4449999

6665559
6885059
6801112
8871112
7777332
4433322
4449999

2222889
4442089
4403388
7333666
7551116
7751116
7559999

4445539
7445039
7705533
7881113
7861112
8862222
6669999

6665539
6885039
6805533
8871113
4771112
4472222
4479999

5557889
5357089
3307788
3227666
3421116
4421116
4429999

5522229
5333029
5503311
8844411
6844711
6887777
6669999

3822229
3888029
3308447
5356447
5556477
1116667
1119999

3822229
3888029
3308666
5354446
5554476
1117777
1119999

1144889
1144089
1104788
2277776
2553336
2533666
2559999

6665559
6885059
6803337
8833477
2222447
1112447
1119999

6665539
6885039
6805533
8877773
2222744
1112444
1119999

7777889
1173089
1103288
1133244
6535244
6555224
6669999

3336669
1133069
1102268
1172888
5572844
5772444
5579999

3336669
1133069
1102267
1182557
8882577
8442557
4449999

2222889
2555089
3505788
3347777
6344111
6344111
6669999

4446669
7442069
7702565
7882555
7822111
8833111
3339999

6665559
6885059
6802222
8877772
3337111
4433111
4449999

6665559
6885059
6802222
8877772
4447111
4433111
3339999

6665559
6885059
6803442
8873442
1173342
1177322
1179999

6665559
6885059
6804432
8874432
1174332
1177322
1179999

6665559
6885059
6802222
8872444
1173344
1177333
1179999

6665559
6885059
6802222
8872333
1173344
1177444
1179999

2222889
4442089
4403388
7777333
6575111
6555111
6669999

2222889
4442089
4403388
7666333
7556111
7756111
7559999

2222889
6662089
6703388
6744333
7744111
5754111
5559999

1122229
1125059
1105557
6668477
6888447
6833447
3339999

6665539
6885039
6805533
8874443
1177442
1172222
1179999

1122229
1125059
1105557
6663477
6883447
6833447
8839999

1122229
1126039
1106337
8666377
8885357
4485557
4449999

2244889
2444089
2703388
2755333
6775111
6755111
6669999

2222559
2333059
3307558
1177888
1167844
1167444
6669999

2244889
2344089
2304788
2337777
6535111
6555111
6669999

6662559
6882059
6802554
8872244
1173344
1177333
1179999

2666559
2688059
2608554
2278844
1173344
1177333
1179999

2445559
2445059
2408666
2278886
1173386
1177333
1179999

2443889
2443089
2403388
2275356
1175556
1177666
1179999

2445559
2445059
2403666
2273886
1173386
1177388
1179999

1122229
1155029
1105447
8855447
6833477
6883337
6669999

1122229
1133029
1103337
8844557
6844577
6884557
6669999

1122229
1133029
1103338
7777888
6575844
6555444
6669999

1122229
1133029
1103338
7666888
7556844
7756444
7559999

1122229
1133029
1103337
8666557
8886577
4486557
4449999

7822229
7888029
7708333
7113355
6114445
6114455
6669999

7822229
7888029
7708344
7113344
6113545
6113555
6669999

2222889
2555089
3505788
3311774
6311744
6311744
6669999

2235559
2335059
2304488
2374486
1174886
1177666
1179999

2235559
2335059
2306668
2376888
1176844
1177444
1179999

