2222889
5552089
5750688
7777611
4466611
4433311
4339999

2222889
4442089
3440788
3355711
6357711
6355711
6669999

2222559
1112059
1110557
6668477
6888447
6833447
3339999

7555889
7535089
7730288
7433211
4463211
4462211
6669999

7555889
7535089
7730288
7433211
6443211
6442211
6669999

2222559
1112059
1110557
6663477
6883447
6833447
8839999

6111889
6111089
6660288
4222255
4477775
4433755
3339999

7111889
7111089
7750588
7355526
3322226
3444666
3449999

7111889
7111089
7750588
7455526
4422226
4433666
3339999

3111889
3111089
3350588
7355526
7722226
7444666
7449999

7111889
7111089
7750588
7455533
4463332
4462222
6669999

7111889
7111089
7750588
7455533
6443332
6442222
6669999

6111889
6111089
6660788
2443755
2443775
2433755
2239999

1115559
1115059
3330444
8833744
6877772
6882222
6669999

2666889
2655089
2650788
2255711
4447711
4433711
3339999

6111889
6111089
6660788
2344755
2344775
2334755
2239999

2444889
2344089
2330788
2237711
6535711
6555711
6669999

2666889
2655089
2650788
2255711
3337711
4433711
4449999

2111889
2111089
2550788
2257777
6553344
6333444
6669999

4445559
4435059
8830666
2833611
2883611
2777711
2279999

1115559
1115059
6660722
6377772
6388442
3384442
3889999

6665559
6725059
6720333
7723311
4722811
4488811
4489999

6111889
6111089
6660788
5577774
5222244
5533244
3339999

6111889
6111089
6660788
2222755
4442775
4433755
3339999

6111889
6111089
6660788
2222755
3332775
4433755
4449999

2222559
2333059
3370558
7777888
6111844
6111444
6669999

7225559
7725059
7620333
7623311
4666811
4488811
4489999

1115559
1115059
6660442
6884442
6877772
8833722
3339999

2222889
2444089
3440788
3355711
6357711
6355711
6669999

4475559
4475059
4770666
2278611
2888611
2833311
2339999

4475559
4475059
4770333
2273311
2666811
2688811
2689999

2244889
2344089
2340788
2337711
6535711
6555711
6669999

2275559
2775059
2670333
2673311
4666811
4488811
4489999

6668559
6888059
6840552
7441112
7441112
7733322
7339999

6665559
8865059
2860111
2887111
2777744
2233444
3339999

5577779
5227049
5520344
8823344
6823111
6883111
6669999

1176669
1177069
1170565
2278555
2888444
2833344
2339999

3322229
7333029
7550444
7756844
7556888
1116668
1119999

3322229
7333029
7550666
7754886
7554486
1114488
1119999

3322229
8333029
8880557
4486577
4446557
1116667
1119999

3322229
8333029
8880666
4485556
4445756
1117777
1119999

2444889
2344089
2330788
2237777
6535111
6555111
6669999

1144889
1144089
1140788
2277776
2553336
2533666
2559999

1125559
1125059
1120333
7223386
7748886
7448666
7449999

1125559
1125059
1120388
7223386
7743886
7443666
7449999

6665559
1165059
1160887
1133877
3338827
4422227
4449999

2222889
1132089
1130788
1133755
6443775
6444755
6669999

2222889
1132089
1130788
1133755
6663775
6444755
6449999

1125559
1125059
1120447
8822447
6833477
6883337
6669999

8777739
8887039
1180332
1165352
1165552
4466622
4449999

2115559
2115059
2110388
2273386
4773886
4473666
4479999

2115559
2115059
2110333
2273386
4778886
4478666
4479999

2244889
2344089
2340788
2337777
6535111
6555111
6669999

2555889
2575089
2770488
2273446
1173446
1133666
1139999

2222889
4442089
4430788
1133755
1163775
1163755
6669999

5577779
5887039
5580334
1188344
1162344
1162222
6669999

5577779
5887039
5580433
1188443
1162443
1162222
6669999

1122229
1155029
1150447
8855447
6833477
6883337
6669999

2222889
6662089
6110788
6113755
4113775
4433755
4439999

7445559
7445059
7740388
7223386
1123886
1123666
1129999

7445559
7445059
7740333
7223386
1128886
1128666
1129999

4475559
4475059
4770388
2273386
2113886
2113666
2119999

6668559
6888059
6830557
2233477
2113447
2113447
2119999

4475559
4475059
4770333
2273386
2118886
2118666
2119999

2222889
4442089
3440788
3311755
6311775
6311755
6669999

2222889
2444089
3440788
3311755
6311775
6311755
6669999

2222889
5572089
5770488
5573446
1173446
1133666
1139999

2222889
6662089
6440788
6443755
1143775
1133755
1139999

