2222889
2666089
1116088
1116755
4477775
4433355
4339999

2222889
2666089
1116088
1116334
5533344
5777744
5579999

2222889
5552089
5753088
7733411
6734411
6734411
6669999

2222889
4472089
4473088
4773311
6575311
6555311
6669999

2222889
5552089
5753088
7743311
6744311
6744311
6669999

2222889
3442089
3444088
3355511
6357511
6777711
6669999

2222889
3332089
4433088
4455511
6457511
6777711
6669999

1117889
1117089
5577088
5337666
5533326
4422226
4449999

1116669
1118069
2888067
2844557
2444577
2233557
3339999

1116669
1117069
2557068
2577888
2557844
2233444
3339999

1116889
1116089
2666088
2447777
2444575
2233555
3339999

6111889
6111089
6667088
2777755
2222335
4433355
4449999

8777739
8887039
6585033
6555443
6662444
1112222
1119999

6111889
6111089
6662088
5572222
5777744
5533444
3339999

6111889
6111089
6662088
3332222
5533444
5777744
5579999

3336669
2233069
2444067
2844557
2888577
1118557
1119999

2222889
6662089
6111088
6111755
4477775
4433355
4339999

2222889
6662089
6111088
6111334
5533344
5777744
5579999

3336669
2233069
2557068
2577888
2557844
1117444
1119999

7777889
3575089
3555088
3344411
6344211
6222211
6669999

2222889
2111089
3111088
3377774
6357544
6355544
6669999

2222889
2111089
3111088
3344555
6344575
6347777
6669999

2222889
2111089
3111088
3347777
6344575
6344555
6669999

2222889
2111089
3111088
3355544
6357544
6377774
6669999

2222889
2111089
6111088
6777755
6667335
4433355
4449999

6111889
6111089
6664088
2344555
2344575
2337777
2239999

2444889
2443089
2553088
2253311
6557311
6777711
6669999

6663379
6333079
6111077
8111575
8882555
4482222
4449999

1115559
1115059
7777022
3376662
4333862
4488862
4489999

6111889
6111089
6662088
2222755
4477775
4433355
4339999

1115559
1115059
7777022
8874442
6833442
6883332
6669999

6111889
6111089
6662088
2222334
5533344
5777744
5579999

1115559
1115059
6667022
6377772
6388442
3384442
3889999

7666889
7726089
7326088
7325511
3322511
3445511
4449999

3666889
3326089
7326088
7325511
7722511
7445511
4449999

4445559
4485059
8887032
8777732
6111332
6111322
6669999

1115559
1115059
7777022
4786662
4488862
4433862
3339999

1115559
1115059
7777022
8873332
6833442
6884442
6669999

6662889
4462089
4462088
4332211
5533311
5777711
5579999

5553229
5453029
4433027
4438827
6111877
6111887
6669999

5544229
5444029
5533027
3338827
6111877
6111887
6669999

2443889
2443089
2433088
2237777
6111575
6111555
6669999

2344889
2344089
2334088
2237777
6111575
6111555
6669999

6111889
6111089
6667088
5577774
5222244
5533244
3339999

1116669
1118069
3888067
3822227
3324477
5354447
5559999

2777739
2447039
2448033
2248883
6111585
6111555
6669999

1115559
1115059
2222088
2777786
4447886
4433666
3339999

1115559
1115059
2222088
2777786
3337886
4433666
4449999

1115559
1115059
8844062
7844462
7886662
7733322
7339999

2222889
4442089
4433088
3337777
6111575
6111555
6669999

2222889
3332089
4433088
4447777
6111575
6111555
6669999

6665559
6885059
6833022
8873332
7777442
1114442
1119999

3885559
3385059
6388022
6377772
6667442
1114442
1119999

3885559
3385059
6388027
6322227
6664477
1114447
1119999

2222889
2447089
3447088
3347711
6357511
6355511
6669999

2222889
2555089
3575088
3377411
6374411
6374411
6669999

1116669
1116049
3336044
2233844
2557888
2577778
2559999

1115559
1115059
7777033
2273334
2666844
2688844
2689999

8777739
8887039
6585033
6555443
6664442
1112222
1119999

1115559
1115059
7777088
2273386
2333886
2444666
2449999

7885559
7785059
7388022
7311162
3311162
3446662
4449999

3885559
3385059
7388022
7311162
7711162
7446662
4449999

1116889
1116089
3666088
3777744
3372444
5352222
5559999

1118879
1118079
3388077
4333575
4462555
4462222
6669999

7777889
4722089
4423088
4423311
6525311
6555311
6669999

4422889
4427089
3427088
3327711
6357511
6355511
6669999

1116889
1116089
2666088
2222334
5533344
5777744
5579999

1116889
1116089
2666088
2222755
4477775
4433355
4339999

6668839
6558039
6588033
7551113
7741112
7442222
7449999

4422889
4472089
3472088
3772666
3371116
5351116
5559999

6665559
6885059
6833022
8873332
4771112
4471112
4479999

4445559
7445059
7733022
7883332
7861112
8861112
6669999

4422229
4428039
4888037
5856337
5556377
1116667
1119999

6667889
6377089
6337088
4437111
4432111
5452222
5559999

5557889
5357089
3377088
3227666
3421116
4421116
4429999

4445559
8445059
8887011
2387611
2377611
2337666
2239999

2222889
2333089
3344088
7444666
7551116
7751116
7559999

2222889
2444089
3344088
7333666
7551116
7751116
7559999

7552889
7752089
7552088
7322666
4331116
4431116
4439999

3442889
3442089
3342088
7322666
7551116
7751116
7559999

4432889
4432089
4332088
7322666
7551116
7751116
7559999

7552889
7752089
7552088
7322666
3341116
3441116
3449999

7777889
3575089
3555088
3322666
4321116
4421116
4429999

7777889
5753089
5553088
2233666
2431116
2441116
2449999

4422229
4488029
3487011
3887611
3377611
5357666
5559999

3322229
8333029
8887011
4487611
4477611
5457666
5559999

6822229
6888029
6668055
4443335
4433755
1117777
1119999

1175559
1175059
1177033
2273334
2666844
2688844
2689999

2448839
2448039
2488033
2276663
5576111
5776111
5579999

1175559
1175059
1177088
2273386
2333886
2444666
2449999

2777739
2575039
2555033
2286663
8886111
8446111
4449999

1144889
1144089
1147088
2277776
2553336
2533666
2559999

5558879
5458079
4488077
4433376
2222336
1112666
1119999

4777739
4467039
4468033
6668883
2222585
1112555
1119999

6665559
1165059
1167032
1187732
8887332
8447322
4449999

7885559
7785059
7288011
7222211
6663311
6444333
6449999

7885559
7785059
7288011
7222211
6443311
6444333
6669999

1126669
1126039
1126033
7224883
7554483
7754488
7559999

1126669
1126039
1126033
8225553
8885753
4487777
4449999

1126669
1123069
1123067
8223377
8885357
4485557
4449999

6662889
1162089
1162088
1172255
7777335
4433355
4449999

4445559
4475059
7777022
6663112
6883112
6833112
8839999

1122889
1162089
1162088
6662755
4477775
4433355
4339999

4445559
4475059
7777022
6668112
6888112
6833112
3339999

1122889
1162089
1162088
6662334
5533344
5777744
5579999

3336669
1133069
1122067
1182557
8882577
8442557
4449999

3336669
1133069
1122068
1172888
5572844
5772444
5579999

6662889
1162089
1162088
1122755
4477775
4433355
4339999

6662889
1162089
1162088
1122334
5533344
5777744
5579999

7777889
1173089
1133088
1132222
6535442
6555444
6669999

7777889
6575089
6555088
6662222
4442111
4433111
3339999

7666889
7556089
7756088
7552222
4442111
4433111
3339999

2222889
1132089
1133088
1173666
5573446
5774446
5579999

7666889
7556089
7756088
7552222
3332111
4433111
4449999

7777889
6575089
6555088
6662222
3332111
4433111
4449999

2222889
1132089
1133088
1143555
6443575
6447777
6669999

7777889
1173089
1133088
1134455
6234445
6222255
6669999

3322229
8333029
8885057
1185557
1164477
1164447
6669999

3322229
8333029
8887044
1187744
1167545
1167555
6669999

5544889
5444089
5533088
3332222
1166672
1167777
1169999

5553889
5453089
4433088
4432222
1166672
1167777
1169999

1175559
1175059
1177022
8874442
6833442
6883332
6669999

4666889
4426089
4426088
1127777
1122575
1133555
3339999

1175559
1175059
1177022
8873332
6833442
6884442
6669999

1175559
1175059
1177022
3376662
4333862
4488862
4489999

2222889
6662089
1163088
1163555
1133575
4437777
4449999

6662889
6442089
6442088
1142255
1177775
1133755
3339999

4445559
4475059
7777022
1186662
1188862
1133862
3339999

5544889
5444089
5533088
3337777
1166672
1162222
1169999

5553889
5453089
4433088
4437777
1166672
1162222
1169999

7777889
6575089
6555088
6663444
1133442
1132222
1139999

7666889
7556089
7756088
7553444
1133442
1132222
1139999

2222889
2333089
3344088
1144555
1164575
1167777
6669999

4445559
8445059
8887032
1187732
1167332
1167322
6669999

2116669
2113069
2113067
2283377
8885357
8445557
4449999

2556669
2588069
2558064
2278844
1173344
1177333
1179999

2116669
2116039
2116033
2244883
5544483
5777788
5579999

2116669
2116039
2116033
2285553
8885753
8447777
4449999

2116669
2116039
2116033
2274883
5574483
5774488
5579999

7555889
7535089
7732088
7332222
6344111
6444111
6669999

4446669
8442069
8882067
1182557
1122577
1133557
3339999

5576669
5772069
5572068
1172888
1122844
1133444
3339999

2666889
2446089
2446088
2243555
1133575
1137777
1139999

2666889
2644089
2644088
2243555
1133575
1137777
1139999

2222889
2117089
6117088
6117755
6667335
4433355
4449999

6665559
6115059
6118022
7118882
7733382
7444332
7449999

1122229
1144029
1144055
8843335
6833755
6887777
6669999

6662889
6112089
6112088
4112255
4477775
4433755
3339999

4445559
4475059
7777022
3336662
1133862
1188862
1189999

6665559
6115059
6117032
8117732
8887332
4487322
4449999

6665559
6885059
6833022
8873332
1174442
1177442
1179999

6665559
6885059
6833022
8873332
1177442
1174442
1179999

7555889
7535089
7733088
7113444
6113442
6112222
6669999

4446669
4486039
8886033
8225553
1125753
1127777
1129999

7556669
7756039
7556033
7224883
1124483
1124488
1129999

4446669
4483069
8883067
8223377
1125357
1125557
1129999

7555889
7535089
7733088
7223666
1123446
1124446
1129999

2211889
2611089
2611088
2666755
4477775
4433355
4339999

2211889
2611089
2611088
2666334
5533344
5777744
5579999

4446669
8443069
8883067
2283377
2115357
2115557
2119999

4666889
4436089
4436088
2233555
2113575
2117777
2119999

2211889
2311089
2311088
2337777
6535744
6555444
6669999

4445559
4485059
8887032
8117732
6117332
6117322
6669999

2222889
4432089
4433088
4113555
6113575
6117777
6669999

5576669
5776039
5576033
2274883
2114483
2114488
2119999

4446669
8446039
8886033
2285553
2115753
2117777
2119999

5544889
5444089
5533088
3337666
1177776
1122226
1129999

2666889
2611089
2611088
2211334
5533344
5777744
5579999

2666889
2611089
2611088
2211755
4477775
4433355
4339999

5553889
5453089
4433088
4437666
1177776
1122226
1129999

4411889
4411089
4611088
2633355
2666335
2777755
2279999

2222889
6662089
6311088
6311555
3311575
3447777
4449999

2222889
2666089
3611088
3611444
3311744
5357777
5559999

2222889
6662089
6555088
6575333
1173344
1177444
1179999

2222889
6442089
6444088
6663555
1133575
1137777
1139999

2222889
6662089
6444088
6443555
1133575
1137777
1139999

2222889
6662089
6555088
6575444
1173344
1177333
1179999

5558839
5758039
2788033
2771143
2761144
2261144
6669999

