1115559
1115059
3884407
3384477
6388427
6322227
6669999

1115559
1115059
2666807
2688877
2684447
2233447
3339999

3885559
3385059
6388702
6377772
6664442
1114422
1119999

6822229
6888029
6668505
7111555
7111444
7733344
7339999

1115559
1115059
2222307
2488377
4468337
4468837
6669999

1115559
1115059
2222307
2488377
6448337
6448837
6669999

5522229
5333029
5573308
7777888
6111844
6111444
6669999

1115559
1115059
6664402
6884442
6877772
8833722
3339999

6665559
6885059
6811107
8811177
4422227
4433327
4339999

4445559
3445059
3222207
3388277
6381117
6881117
6669999

3822229
3888029
3358507
4355577
4461117
4461117
6669999

6665559
6445059
6444807
2388877
2381117
2331117
2239999

6665559
6385059
6388807
3322877
3421117
4421117
4429999

6665559
6335059
6233307
8222277
8881117
4481117
4449999

6665559
6335059
6733308
7777888
2222844
1112444
1119999

6665559
1165059
1162307
1182377
8882337
8442237
4449999

3322229
8333029
8887505
1187555
1167744
1167444
6669999

3322229
8333029
8884407
1184477
1165457
1165557
6669999

5522229
5444029
5544307
1188377
1168337
1168837
6669999

6665559
6885059
6833307
8822337
1124477
1124447
1129999

7822229
7888029
7738505
7334555
6344111
6344111
6669999

7822229
7888029
7738505
7433555
4463111
4463111
6669999

7822229
7888029
7738505
7433555
6443111
6443111
6669999

4445559
8445059
8882307
1182377
1162337
1162237
6669999

1122229
1144029
1144407
6668557
6888577
6833557
3339999

1122229
1188029
1186505
7886555
7666444
7733344
7339999

6665559
6115059
6112307
8112377
8882337
4482237
4449999

1122229
1144029
1144407
6663557
6883577
6833557
8839999

4445559
2445059
2222307
1188377
1168337
1168837
6669999

4445559
4485059
8882307
8112377
6112337
6112237
6669999

6665559
6445059
6444307
2288377
2118337
2118837
2119999

6665559
6885059
6833307
8844337
1144477
1122227
1129999

6665559
6885059
6844407
8844337
1133377
1122227
1129999

