2222559
6662059
8864550
7864411
7884411
7733311
7339999

8822229
6833029
6883330
6665511
7777511
4475511
4449999

8822229
6833029
6883330
6664411
5544411
5777711
5579999

5522229
5666029
5546880
7446811
7448811
7733311
7339999

5577779
5337029
5533320
1118826
1118226
4488666
4449999

4443339
4433089
1118880
1118666
5522226
5777726
5579999

3336669
8833069
7855260
7885211
7755211
7442211
4449999

1116669
1118069
2888760
2844755
2444775
2233755
3339999

2222559
1112059
1118550
7338886
7733386
7444666
7449999

8777739
8887039
6585330
6555344
6662444
1112222
1119999

6663339
6233079
6222270
1118877
1118575
4488555
4449999

1116669
1117069
2557860
2577888
2557448
2233444
3339999

6665559
6885059
6877770
8833744
3332444
1112222
1119999

8822229
3825059
3885550
3344411
6374411
6777711
6669999

4422229
4425059
4685550
7688811
7666811
7733311
7339999

4443339
4433089
1118880
1118755
6277775
6222255
6669999

1116669
1112069
4432860
4432888
4332278
5357777
5559999

1116669
1112069
3442860
3442888
3342278
5357777
5559999

1116669
1112069
5552860
5352888
4332278
4437777
4439999

1116669
1112069
5552860
5352888
3342278
3447777
3449999

3336669
2233069
2444760
2844755
2888775
1118755
1119999

3336669
2233069
2777760
2575884
2555844
1118844
1119999

3336669
2233069
2448860
2448555
2488575
1117777
1119999

3336669
2233069
2557860
2577888
2557448
1117444
1119999

3111229
3111029
3366620
7388624
7558644
7758844
7559999

1112559
1112059
3882550
3382244
6388744
6377774
6669999

2222559
2111059
7111550
7733386
7338886
7448666
4449999

6111559
6111059
6667550
8777733
8883332
4482222
4449999

1115559
1115059
7777330
2733386
2448886
2448666
2249999

1115559
1115059
3377770
2333786
2448886
2448666
2249999

1115559
1115059
4477770
4488733
6483332
6882222
6669999

6111559
6111059
6668550
2888334
2833344
2777744
2279999

2553339
2533089
2558880
2278611
7777611
4466611
4449999

2111559
2111059
2333550
2273386
4778886
4478666
4479999

6663379
6333079
6111770
8111575
8882555
4482222
4449999

4446669
8443069
8883360
2585311
2555311
2777711
2279999

4446669
8446039
8886330
2585311
2555311
2777711
2279999

3336669
4433069
4448860
2111855
2111885
2777755
2279999

7885559
7785059
7288330
7233311
6244411
6224411
6669999

4446669
4433069
3338860
2111855
2111885
2777755
2279999

4466639
4462039
8462330
8882311
5582211
5777711
5579999

4445529
4485029
8885520
8333226
3377776
1117666
1119999

6665559
6245059
6244880
7244811
7228811
7733311
7339999

5558839
5758039
2788330
2774311
2764411
2264411
6669999

5556669
5754069
2774460
2784411
2788811
2233811
3339999

4488559
4486059
4886550
7666211
7222211
7733311
7339999

6668559
6888059
6844550
7444211
7222211
7733311
7339999

1112559
1112059
6662550
6322444
6388744
3387777
3889999

1112239
1112039
4442330
7442386
7558886
7758666
7559999

1112239
1112039
4442330
4472386
5578886
5778666
5579999

1112239
1112039
7552330
7752386
7558886
7448666
4449999

1112239
1112039
5572330
5772386
5578886
4478666
4449999

7777559
4788059
4468550
4468833
6663332
1112222
1119999

6665559
6225059
6211130
7211133
7288443
7784443
7889999

6665559
6885059
6483330
4488733
4477772
1112222
1119999

4445559
4475059
7777220
6668211
6888211
6833211
3339999

4445559
4475059
7777220
6663211
6883211
6833211
8839999

4446669
4488069
5583360
5887333
5577772
1112222
1119999

1118879
1118079
3388770
4333575
4462555
4462222
6669999

1118839
1118039
4488330
4447355
6277775
6222255
6669999

5572239
5772039
5572330
8872311
6844411
6884411
6669999

2445559
2445059
2477770
2233786
3338886
1118666
1119999

6665559
6225059
6244880
7244811
7248811
7733311
7339999

2553339
2533089
2558880
2278666
7777446
1114446
1119999

6444559
6447059
6667550
2237711
2337811
2388811
2389999

5556669
5352069
4332860
4432888
4432278
1117777
1119999

3446669
3442069
3342860
5352888
5552278
1117777
1119999

4436669
4432069
4332860
5352888
5552278
1117777
1119999

4445559
4475059
7777330
2233311
2666811
2688811
2689999

5556669
5352069
3342860
3442888
3442278
1117777
1119999

8777729
8887029
6585320
6555322
6663344
1113444
1119999

3322229
8333029
8881110
4481116
4477776
5457666
5559999

4422229
4488029
3481110
3881116
3377776
5357666
5559999

4445559
8445059
8881110
2381116
2377776
2337666
2239999

3336669
2433069
2448860
2448555
2288575
1117777
1119999

6668559
6888059
6844550
7244411
7222211
7733311
7339999

4443339
4433029
5522220
5777786
5578886
1118666
1119999

4443339
4433029
6822220
6888555
6668575
1117777
1119999

8777769
8887069
3286660
3222211
3344411
5354411
5559999

7822229
7888029
7758530
7455533
6441113
6441113
6669999

7822229
7888029
7758530
7455533
4461113
4461113
6669999

6668559
6888059
6833550
3332444
2222744
1117777
1119999

6663559
6883059
6833550
8832444
2222744
1117777
1119999

3336669
5533069
5777760
5572884
2222844
1118844
1119999

8822229
3825059
3885550
3371116
4371116
4477666
4479999

2553339
2533089
2558880
2278666
4771116
4471116
4479999

8666559
8886059
3386550
7333111
7742111
7442222
7449999

7666559
7886059
7786550
7388111
3342111
3442222
3449999

3336669
5533069
5777760
5587111
8882111
8442222
4449999

7777559
4473059
4443550
8833111
6832111
6882222
6669999

7666559
7886059
7786550
7388111
4332111
4432222
4439999

3666559
3886059
3386550
7388111
7742111
7442222
7449999

7777559
3744059
3444550
3388111
6382111
6882222
6669999

6663339
6433089
6448880
7448111
7552111
7752222
7559999

2222559
2333059
3386550
8886444
8666744
1117777
1119999

2222559
2388059
3386550
3886444
3666744
1117777
1119999

6665559
6785059
6788830
7722833
4721113
4421113
4429999

4445559
7445059
7722220
7833326
7888336
1118666
1119999

2235559
2335059
2377770
2387666
8881116
8441116
4449999

2237559
2337059
2377550
2387666
8881116
8441116
4449999

3322229
7333029
7556660
7756884
7556844
1118844
1119999

3322229
7333029
7744550
7844456
7888556
1118666
1119999

3322229
7333029
7554440
7754486
7558886
1118666
1119999

3322229
8333029
8886660
4486555
4446575
1117777
1119999

3322229
8333029
8887550
4487756
4447556
1117666
1119999

8777769
8887069
5586660
5222244
5533244
1113334
1119999

5558879
5458079
4488770
4433376
2222336
1112666
1119999

6663559
6883059
6833550
8837777
2222744
1112444
1119999

6668829
6558029
6588320
7553322
7743111
7443111
7449999

6668559
6888059
6833550
3337777
2222744
1112444
1119999

4445529
4475029
3775520
3378822
6378111
6388111
6669999

3777729
3387029
6388820
6355822
6665111
4455111
4449999

3336669
5533069
5777760
5578844
2222844
1112884
1119999

1144559
1144059
1148550
7888666
7822226
7733326
7339999

2222559
3332059
6833550
6888444
6668744
1117777
1119999

1125559
1125059
1128830
7226833
7746883
7446663
7449999

2222559
7442059
7444550
7733386
7338886
1118666
1119999

1125559
1125059
1123330
7226833
7746888
7446668
7449999

1126669
1126079
1126370
8223377
8883575
4483555
4449999

6665529
1165029
1165520
1133822
3337888
4477778
4449999

2222559
8832059
6833550
6883444
6663744
1117777
1119999

4442239
4472039
5572330
5772386
5578886
1118666
1119999

7552239
7752039
7552330
7442386
4448886
1118666
1119999

5572239
5772039
5572330
4472386
4448886
1118666
1119999

4442239
7442039
7552330
7752386
7558886
1118666
1119999

3336669
1133069
1122860
1172888
5572448
5772444
5579999

3336669
1133069
1122760
1182755
8882775
8442755
4449999

1122559
1132059
1132550
7332666
7388446
7784446
7889999

5556669
5354069
3344860
3244888
3222278
1117777
1119999

2222559
1172059
1177550
1178666
4478886
4433386
4339999

1144429
1144029
1133320
7336822
7556888
7756668
7559999

6663339
6433089
6448880
2448555
2222575
1117777
1119999

3322229
8333029
8887110
4487116
4477116
5457666
5559999

4422229
4488029
3487110
3887116
3377116
5357666
5559999

3666559
3886059
3386550
2388444
2222744
1117777
1119999

4445559
8445059
8887110
2387116
2377116
2337666
2239999

8666559
8886059
3386550
2333444
2222744
1117777
1119999

4445529
8445029
8885520
1187226
1177776
1133666
3339999

7777229
5753029
5553320
1188324
1168344
1168844
6669999

6668229
6888029
6855720
1157724
1155744
1133744
3339999

1122229
1125059
1145550
7448666
7448886
7733386
7339999

5577779
5227089
5528880
1128666
1124446
1133446
3339999

1122229
1125059
1135550
8837777
6833744
6883444
6669999

5577779
5227089
5528880
1128446
1124446
1133666
3339999

1122229
1124079
1134470
8834477
6833575
6883555
6669999

1165559
1165059
1166630
7222233
7288443
7784443
7889999

2116669
2116079
2116370
2283377
8883575
8443555
4449999

2115559
2115059
2118830
2276833
4776883
4476663
4479999

2115559
2115059
2113330
2276833
4776888
4476668
4479999

2448839
2448039
2488330
2275356
1175556
1177666
1179999

1177779
1187029
1188820
5544826
5444226
5533666
3339999

1177779
1187029
1188820
5553826
5453226
4433666
4439999

4446669
8442069
8882760
1182755
1122775
1133755
3339999

5576669
5772069
5572860
1172888
1122448
1133444
3339999

1177779
1127089
1128880
5528446
5224446
5533666
3339999

1177779
1127089
1128880
5528666
5224446
5533446
3339999

2553339
2533089
2558880
2278666
1174446
1177446
1179999

2553339
2533089
2558880
2278446
1174446
1177666
1179999

2553339
2533089
2558880
2278666
1177446
1174446
1179999

1122229
1188029
1185550
4885756
4477776
4433666
3339999

1122229
1133029
1143330
8844555
6844575
6887777
6669999

4446669
4486079
8886370
8223377
1123575
1123555
1129999

4422229
4425059
4115550
7118666
7118886
7733386
7339999

7445559
7445059
7748830
7226833
1126883
1126663
1129999

7445559
7445059
7743330
7226833
1126888
1126668
1129999

4446669
8446079
8886370
2283377
2113575
2113555
2119999

7444559
7744059
7333550
7223386
1128886
1128666
1129999

4445559
4475059
7777330
2233386
2118886
2118666
2119999

4475559
4475059
4778830
2276833
2116883
2116663
2119999

6665559
6885059
6844430
8844733
1177773
1122223
1129999

4475559
4475059
4773330
2276833
2116888
2116668
2119999

6665559
6885059
6822220
8823444
1133744
1137777
1139999

2222559
2333059
3311550
8811444
6811744
6887777
6669999

8822229
6825059
6885550
6663444
1133744
1137777
1139999

4411559
4411059
7411550
7733666
7883336
7822226
8829999

6668559
6888059
6811550
2311444
2311744
2337777
2239999

8822229
6833029
6883330
6667777
1144575
1144555
1149999

6668229
6888029
6833320
7331124
7551144
7751144
7559999

2235559
2335059
2388440
2378446
1178846
1177666
1179999

