1115539
1115039
8825533
0822223
6887444
6777744
6669999

1115559
1115059
7777388
0723386
4423886
4423666
4229999

3822229
3888029
3348666
0344611
5544611
5777711
5579999

1115559
1115059
7777333
0723386
4428886
4428666
4229999

1113889
1113089
2233788
0234755
6244775
6244755
6669999

1118839
1118039
2288337
0255377
6254447
6255447
6669999

1118839
1118039
2288733
0255743
6257744
6255744
6669999

1113889
1113089
2273388
0277355
6274445
6274455
6669999

2222889
1112089
1113388
0333666
7777446
5754446
5559999

2222889
1112089
1113388
0333555
6444575
6447777
6669999

2222889
1112089
1113388
0555333
6575444
6777744
6669999

3111889
3111089
3355788
0357777
6255444
6222244
6669999

3111889
3111089
3344488
0344755
6277775
6222255
6669999

6111559
6111059
6668557
0888337
4833377
4422227
4429999

3111889
3111089
3322788
0342755
6442775
6442755
6669999

3111889
3111089
3322488
0372446
5572446
5772666
5579999

7777889
3755089
3352288
0355211
6344211
6444211
6669999

3111559
3111059
3388552
0382222
6887444
6777744
6669999

4445559
4435059
8837777
0833711
6883211
6222211
6669999

6111889
6111089
6663388
0333444
7777442
5752222
5559999

4473889
4473089
4773388
0575311
6555211
6222211
6669999

5553889
5753089
7743388
0744311
6744211
6222211
6669999

1113559
1113059
8833552
0832222
6887444
6777744
6669999

6663559
6233059
6237558
0237888
2277844
1117444
1119999

6667559
6277059
6237558
0237888
2233844
1113444
1119999

6663889
6273089
6273388
0277355
2274445
1114455
1119999

3111889
3111089
3366688
0362222
5562444
5777744
5579999

6111889
6111089
6663388
0333555
2222575
2447777
4449999

5544229
5444029
5533327
0338827
6111877
6111887
6669999

6665559
6235059
6237777
0233711
4223811
4488811
4489999

3111559
3111059
3388552
0384442
6887442
6777722
6669999

3111889
3111089
3362788
0362755
6662775
4422755
4449999

3111889
3111089
3344488
0344666
5522226
5777726
5579999

2222889
2333089
4443388
0447777
6111575
6111555
6669999

2222889
2333089
3344788
0444755
6111775
6111755
6669999

2222889
2444089
3344788
0333755
6111775
6111755
6669999

4432889
4432089
4332788
0322755
6111775
6111755
6669999

3442889
3442089
3342788
0322755
6111775
6111755
6669999

6663889
6223089
6723388
0724311
7724411
5754411
5559999

3666889
3226089
3326488
0324411
5524411
5777711
5579999

1115559
1115059
7777862
0788862
4486662
4433322
4339999

2222889
4442089
4433388
0337777
6111575
6111555
6669999

1113559
1113059
8833552
0834442
6887442
6777722
6669999

2222889
2333089
3344688
0444611
5566611
5777711
5579999

2222889
2333089
3366688
0444611
5544611
5777711
5579999

2222889
2443089
4443388
0555311
6575311
6777711
6669999

2222889
2444089
3344688
0333611
5566611
5777711
5579999

4432889
4432089
4332688
0322611
5566611
5777711
5579999

3442889
3442089
3342688
0322611
5566611
5777711
5579999

5553889
5753089
7723388
0724311
6724411
6224411
6669999

3555889
3525089
3324488
0324411
6227411
6777711
6669999

1113889
1113089
4443388
0447355
6277775
6222255
6669999

1115559
1115059
7777844
0788844
6283334
6222233
6669999

3555889
3575089
3377488
0374411
6274411
6222211
6669999

3447889
3447089
3347788
0357511
6255511
6222211
6669999

7777889
5753089
5553388
0444311
6244311
6222211
6669999

4437889
4437089
4337788
0357511
6255511
6222211
6669999

7777889
5754089
5554488
0334411
6233311
6222211
6669999

6668839
6558039
6588334
0552344
2222744
1117777
1119999

6668839
6558039
6588337
0552377
2222447
1114447
1119999

2222889
2333089
5573388
0577666
5571116
4471116
4449999

2222889
2666089
5536788
0536774
5533744
1113744
1119999

3822229
3888029
3358511
0355511
6444711
6447777
6669999

4422229
4455029
4885666
0855336
8833376
1117777
1119999

6668839
6558039
6588733
0557743
2222744
1112744
1119999

3666559
3886059
3386557
0388477
2222447
1112447
1119999

6663339
6433089
6448887
0448557
2222577
1112557
1119999

1144889
1144089
1143388
0333666
5522226
5777726
5579999

8666559
8886059
3386557
0333477
2222447
1112447
1119999

6665559
6335059
6233311
0222211
4488711
4487777
4889999

1122889
1132089
1132788
0332755
6344775
6444755
6669999

1144889
1144089
1143388
0557333
6577772
6552222
6669999

1125559
1125059
1127777
0322786
3348886
3448666
3449999

1125559
1125059
1127777
0322786
4338886
4438666
4439999

2222889
2755089
7753388
0755333
6744111
6444111
6669999

3445559
3445059
3347777
0322786
1128886
1128666
1129999

4435559
4435059
4337777
0322786
1128886
1128666
1129999

1135559
1135059
1133887
0443877
6448827
6422227
6669999

5544889
5444089
5533388
0332222
1166672
1167777
1169999

6668879
6558079
6588277
0553274
1133244
1132244
1139999

3222279
3255079
3358877
0355876
1144886
1144666
1149999

2222889
5552089
5753388
0774333
6744111
6744111
6669999

2222889
4472089
4473388
0477333
6575111
6555111
6669999

5544889
5444089
5533388
0337777
1166672
1162222
1169999

6665559
6115059
6112222
0113332
4488733
4487777
4889999

1122229
1155029
1157777
0355786
3348886
3448666
3449999

1122229
1155029
1157777
0355786
4338886
4438666
4439999

1122229
1188029
1187777
0885756
4445556
4433666
3339999

1122229
1188029
1186667
0886557
4446577
4433557
3339999

1122229
1188029
1187777
0885756
3335556
4433666
4449999

1122229
1188029
1186667
0886557
3336577
4433557
4449999

1122229
1133029
1183337
0488877
4465857
4465557
6669999

1122229
1133029
1183337
0488877
6445857
6445557
6669999

1122229
1144029
1144666
0334886
5533386
5777788
5579999

6668559
6888059
6833557
0223337
1124477
1124447
1129999

7777889
5754089
5554488
0114433
6113332
6112222
6669999

4445559
4475059
7777388
0223386
1123886
1123666
1129999

4777739
4487039
4488833
0115853
6115552
6112222
6669999

7777889
5753089
5553388
0226344
1126344
1126664
1129999

4445559
4475059
7777333
0223386
1128886
1128666
1129999

5577779
5337049
5533344
0226844
1126888
1126668
1129999

1144889
1144089
1143388
0333755
6277775
6222255
6669999

4488559
4486059
4886557
0666337
1133377
1122227
1129999

6668559
6888059
6844557
0444337
1133377
1122227
1129999

5544889
5444089
5533388
0337666
1177776
1122226
1129999

4488559
4486059
4886557
0336667
1133377
1122227
1129999

5522229
5333029
5573388
0777786
1144886
1144666
1149999

3822229
3888029
3358544
0355544
1166674
1167777
1169999

