2222889
6662089
6777788
6057511
4455511
4433311
4339999

1117889
1117089
5557788
5057666
4422226
4433326
4339999

7555889
7535089
7733288
7043211
6443211
6442211
6669999

4666889
4436089
4436288
7033211
7553211
7752211
7559999

1116889
1116089
2666788
2044755
2444775
2233755
3339999

1117889
1117089
2557788
2057446
2554446
2233666
3339999

1116669
1117069
2557768
2057888
2557844
2233444
3339999

1117889
1117089
2557788
2057666
2554446
2233446
3339999

7555889
7535089
7732288
7033211
6443211
6444211
6669999

7555889
7535089
7732288
7033211
6663211
6444211
6449999

7777889
2273089
2553388
2056344
2556344
1116664
1119999

1115559
1115059
3337777
2033786
2448886
2448666
2249999

1115559
1115059
7777333
2073386
2448886
2448666
2249999

7111559
7111059
7788552
7082222
6883344
6333444
6669999

7553889
7753089
7553388
7044311
6444211
6222211
6669999

6111889
6111089
6664488
7044433
7553332
7752222
7559999

1115559
1115059
7777388
2073386
2443886
2443666
2249999

1116229
1116029
3666827
3088827
3384477
5354447
5559999

4445559
7445059
7786662
7088862
7333862
1113322
1119999

7111559
7111059
7768552
7068882
4466682
4433322
4339999

6663339
6833079
6888772
5058472
5554472
1114422
1119999

7111559
7111059
7738552
7038882
6334482
6344422
6669999

7111559
7111059
7732558
7032888
6332844
6322444
6669999

7322559
7332059
7732558
7032888
6111844
6111444
6669999

2222889
2333089
5553388
5057777
6111744
6111444
6669999

1115559
1115059
2222333
2073386
4778886
4478666
4479999

1115559
1115059
2222388
2073386
4773886
4473666
4479999

7111559
7111059
7733556
7083336
8882666
8442222
4449999

1116669
1116079
5556772
5053372
4333872
4488822
4489999

1115559
1115059
6777782
6078882
6668332
4433322
4449999

1115559
1115059
6777732
6078832
6668332
4488322
4449999

2222889
2333089
6663388
6075511
6477511
4475511
4479999

2222889
2666089
5556788
5056711
4447711
4433711
3339999

2222889
2666089
5556788
5056711
3337711
4433711
4449999

7552889
7752089
7552688
7022611
4466611
4433311
4339999

1117889
1117089
5557788
5057334
6233344
6222244
6669999

2244889
2344089
2334788
2037711
6535711
6555711
6669999

7553889
7753089
7553388
7044311
6244411
6222211
6669999

2222559
6662059
6333557
6083377
8881117
8441117
4449999

6222239
6255039
6665337
8055377
8881117
4481117
4449999

4488229
4483029
4883327
5056327
5556377
1116667
1119999

2222889
2555089
6535788
6033774
6663744
1113744
1119999

2222889
2333089
5573388
5077666
5571116
4471116
4449999

2222889
2666089
5536788
5036774
5533744
1113744
1119999

2222889
2333089
3344488
7044666
7551116
7751116
7559999

2222889
2333089
6663388
6044555
6444575
1117777
1119999

8666559
8886059
2286557
2033377
2331117
2441117
4449999

7822229
7888029
7768344
7063344
6663545
1113555
1119999

7822229
7888029
7758511
7055511
6443311
6444333
6669999

7822229
7888029
7758511
7055511
6663311
6444333
6449999

7822229
7888029
7768333
7063355
6664445
1114455
1119999

4422229
4433029
6483337
6088877
6665857
1115557
1119999

4445579
4485079
8885577
8033376
2222336
1112666
1119999

4445559
4485059
8887777
8033376
2222336
1112666
1119999

1122889
1123089
1123388
7026344
7556344
7756664
7559999

2245559
2445059
2447777
2033786
3338886
1118666
1119999

1126669
1126039
1126337
8022377
8885357
4485557
4449999

1126669
1123069
1123367
8022377
8885357
4485557
4449999

4445559
8445059
8886112
7086112
7666112
7733322
7339999

1175559
1175059
1177333
2073386
2448886
2448666
2249999

4446669
4483069
8883367
8022377
1125357
1125557
1129999

1175559
1175059
1177388
2073386
2443886
2443666
2249999

4446669
4486039
8886337
8022377
1125357
1125557
1129999

2222889
4472089
4473388
4077333
6575111
6555111
6669999

2244889
2344089
2334788
2037777
6535111
6555111
6669999

1122229
1144029
1144388
7043386
7553886
7753666
7559999

1122229
1144029
1144333
7043386
7558886
7758666
7559999

1122229
1133029
1183337
4088877
4465857
4465557
6669999

7666559
7226059
7726558
7023888
1123844
1133444
1139999

2243889
2443089
2443388
2075356
1175556
1177666
1179999

2245559
2445059
2443666
2073886
1173386
1177388
1179999

2245559
2445059
2448666
2078886
1173386
1177333
1179999

