1114449
1114409
2222666
3332886
5533086
5777788
5579999

1116669
1116809
2556888
2577778
2557044
2233444
3339999

3884449
3384409
6388755
6377775
6662055
1112222
1119999

4446669
7446809
7556888
7753338
7552033
1112222
1119999

5576669
5776809
5576888
4473338
4442033
1112222
1119999

7556669
7756809
7556888
7443338
4442033
1112222
1119999

4446669
4476809
5576888
5773338
5572033
1112222
1119999

7111889
7111809
7738822
7433552
4463052
4463552
6669999

7111889
7111809
7738822
7433552
6443052
6443552
6669999

7111889
7111809
7738822
7334552
6344052
6344552
6669999

2111889
2111809
2558833
2253334
6557044
6777744
6669999

2277779
2557809
2533888
2553338
6111044
6111444
6669999

6111889
6111809
6668827
4422227
4433077
5453337
5559999

1114449
1114409
8666322
8886332
5586032
5777732
5579999

3377779
8333709
8886662
4485562
4445062
1115522
1119999

7111559
7111509
7738552
7338882
6344082
6344422
6669999

5577779
5666709
5586442
8886442
8333042
1113322
1119999

6111559
6111509
6668552
7448882
7444082
7733322
7339999

7777339
8733309
8886662
4485562
4445062
1115522
1119999

2553339
2533809
2557888
2277778
6111044
6111444
6669999

3377779
8333709
8882222
4482666
4445056
1115556
1119999

7777339
8733309
8882222
4482666
4445056
1115556
1119999

3884449
3384409
6388722
6377772
6665052
1115552
1119999

1116669
1116809
4446888
7443338
7552033
7752222
7559999

1116669
1116809
7556888
7753338
7552033
7442222
4449999

1116669
1116809
4446888
4473338
5572033
5772222
5579999

1116669
1116809
5576888
5773338
5572033
4472222
4449999

5577779
5444709
5544666
2222886
2333086
1113388
1119999

6877779
6888709
6668555
2222545
2333044
1113344
1119999

5554449
5754409
7777666
2222886
2333086
1113388
1119999

3555889
3565809
3368811
7366611
7742011
7442222
7449999

3877779
3888709
3358511
4355511
4462011
4462222
6669999

7555889
7565809
7768811
7366611
4332011
4432222
4439999

7555889
7565809
7768811
7366611
3342011
3442222
3449999

3555889
3565809
3368844
2366644
2222074
1117777
1119999

3377779
8333709
8882222
1185542
1165044
1165544
6669999

7777339
8733309
8882222
1185542
1165044
1165544
6669999

1177779
1144709
1144422
6663552
6883052
6833552
8839999

1177779
1144709
1144422
6668552
6888052
6833552
3339999

1144889
1144809
1148822
3336662
5533062
5777762
5579999

7777339
8733309
8882555
1182545
1162044
1162244
6669999

3377779
8333709
8882555
1182545
1162044
1162244
6669999

4443339
4433809
7777888
1175558
1165052
1162222
6669999

5577779
5444709
5544322
1188332
1168032
1168832
6669999

5554449
5754409
7777322
1188332
1168032
1168832
6669999

7777339
8733309
8884422
1184442
1165052
1165552
6669999

3377779
8333709
8884422
1184442
1165052
1165552
6669999

2222339
2733309
7777555
1188545
1168044
1168844
6669999

7777339
8733309
8884455
1184445
1162055
1162222
6669999

3377779
8333709
8884455
1184445
1162055
1162222
6669999

3377779
2333709
2222555
1188545
1168044
1168844
6669999

7777339
2733309
2222555
1188545
1168044
1168844
6669999

1144559
1144509
1124557
8822227
6833077
6883337
6669999

8666559
8886509
4486557
4443337
1133077
1122227
1129999

8844559
6844509
6884557
6663337
1133077
1122227
1129999

4488559
4486509
4886557
3336667
1133077
1122227
1129999

2222339
2433309
4411666
4411886
5511086
5777788
5579999

6664449
6884409
6811322
8811332
5511032
5777732
5579999

2234449
2334409
2311666
2311886
5511086
5777788
5579999

