3377779
8333709
8885556
4485056
4442666
1112222
1119999

1114449
1114409
2777788
2575086
2555886
2233666
3339999

4477779
4442709
1112222
1118055
6888335
6833355
6669999

7777339
8733309
8885556
4485056
4442666
1112222
1119999

4422229
4423309
4111333
7111086
7558886
7758666
7559999

6111889
6111809
6668844
7333044
7553342
7752222
7559999

4477779
4457509
2455588
2111086
2111886
2233666
3339999

5544889
5444809
5578832
7777032
6111332
6111322
6669999

7777889
4755809
4458832
4455032
6111332
6111322
6669999

7556669
7756309
7556332
7111032
4111832
4488822
4489999

1114449
1114409
6662222
6882055
6877775
8833755
3339999

2222889
2333809
3378844
7777044
6111545
6111555
6669999

1114449
1114409
6665552
6885052
6877772
8833722
3339999

1114449
1114409
8777732
8887032
6585332
6555322
6669999

3377779
8333709
8885522
4485062
4445562
1116662
1119999

1112559
1112509
6662554
6322044
6388744
3387777
3889999

7777339
8733309
8885522
4485062
4445562
1116662
1119999

1112559
1112509
6662557
6322077
6388447
3384447
3889999

2222559
6662509
6883557
6833077
8831117
4431117
4449999

2222559
3442509
3444557
3388077
6381117
6881117
6669999

2222559
3332509
4433557
4488077
6481117
6881117
6669999

6668559
6888509
6833554
3332044
2222744
1117777
1119999

6668559
6888509
6833557
3332077
2222447
1114447
1119999

6663559
6883509
6833554
8832044
2222744
1117777
1119999

6663559
6883509
6833557
8832077
2222447
1114447
1119999

2222889
2666809
3648811
3644011
3344711
5357777
5559999

8666559
8886509
3386557
2333077
2441117
2441117
2249999

3666559
3886509
3386557
2388077
2441117
2441117
2249999

6668559
6888509
6844557
2344077
2341117
2331117
2239999

2222559
2333509
3386554
8886044
8666744
1117777
1119999

2222559
2333509
3386557
8886077
8666447
1114447
1119999

2222559
2344509
3344557
3884077
3861117
8861117
6669999

2222559
2443509
4443557
8833077
6831117
6881117
6669999

2222559
2333509
3344557
8844077
6841117
6881117
6669999

2222559
2388509
3386557
3886077
3666447
1114447
1119999

2222559
2388509
3386554
3886044
3666744
1117777
1119999

2222889
5552809
5758811
7777011
6443311
6444333
6669999

2222889
5552809
5758811
7777011
6663311
6444333
6449999

7444889
7744809
7228811
7255011
6253311
6255333
6669999

7554449
7754409
7553388
7333086
2222886
1112666
1119999

1177779
1157509
1155588
2222086
4442886
4433666
3339999

1177779
1157509
1155588
2222086
3332886
4433666
4449999

2222559
3332509
6833557
6888077
6668447
1114447
1119999

2222559
3332509
6833554
6888044
6668744
1117777
1119999

2222559
8832509
6833554
6883044
6663744
1117777
1119999

2222559
8832509
6833557
6883077
6663447
1114447
1119999

3666559
3886509
3386554
2388044
2222744
1117777
1119999

3666559
3886509
3386557
2388077
2222447
1114447
1119999

8666559
8886509
3386554
2333044
2222744
1117777
1119999

8666559
8886509
3386557
2333077
2222447
1114447
1119999

1177779
1157509
1155588
2344086
2344886
2334666
2239999

7777339
8733309
8882244
1182044
1162545
1162555
6669999

3377779
8333709
8882244
1182044
1162545
1162555
6669999

1177779
1157509
1155588
2443086
2443886
2433666
2239999

3377779
8333709
8882222
1182055
1164445
1164455
6669999

7777339
8733309
8882222
1182055
1164445
1164455
6669999

1177779
1157509
1155522
6663042
6883442
6833442
8839999

7556669
7756309
7556332
7444032
1144832
1188822
1189999

1177779
1157509
1155522
6668042
6888442
6833442
3339999

1177779
1157509
1155522
8333062
8883362
4486662
4449999

1144889
1144809
1148822
7333062
7553362
7756662
7559999

2222559
3332509
1133557
1168077
1168887
4466687
4449999

7777339
8733309
8885544
1185044
1165542
1162222
6669999

4443339
4433809
7777888
1175058
1165552
1162222
6669999

8666559
8886509
1186557
1133077
1123337
4422227
4449999

3377779
8333709
8885544
1185044
1165542
1162222
6669999

1122229
1123309
1144333
7444086
7558886
7758666
7559999

1177779
1157509
1155532
8666032
8886332
4486322
4449999

1144889
1144809
1148832
7777032
6575332
6555322
6669999

1144889
1144809
1148832
7666032
7556332
7756322
7559999

1177779
1157509
1155532
8844032
6844332
6884322
6669999

1177779
1155709
1156662
3355062
4333862
4488822
4489999

7777339
8733309
8885552
1185052
1164442
1164422
6669999

3377779
8333709
8885552
1185052
1164442
1164422
6669999

2222559
2333509
3311557
8811077
6811447
6884447
6669999

2222559
2333509
3311554
8811044
6811744
6887777
6669999

6668559
6888509
6811557
2311077
2311447
2334447
2239999

6668559
6888509
6811554
2311044
2311744
2337777
2239999

