2222889
1112809
1118855
6663335
6033755
6447777
4449999

1114449
1114409
2833355
2888335
2068755
2267777
6669999

6663339
6833709
6888774
5558744
5052744
1112222
1119999

6877779
6888709
6668333
5553344
5052444
1112222
1119999

3377779
8333709
8882222
5582411
5064411
5564411
6669999

7777339
8733309
8882222
5582411
5064411
5564411
6669999

6877779
6888709
6668444
5553344
5052333
1112222
1119999

2553339
2533709
2557777
2288411
6084411
6884411
6669999

6663339
6833209
6888244
5558244
5052274
1117777
1119999

1114449
1114409
8777722
8887552
6083352
6333552
6669999

4446669
7446309
7886332
7785532
7088532
1115522
1119999

1116669
1116309
4446332
7445532
7088532
7785522
7889999

1116669
1116309
7886332
7785532
7088532
7445522
4449999

1114449
1114409
8333552
8883352
6087552
6777722
6669999

5577779
5666709
5586422
8886442
8033442
1113332
1119999

6877779
6888709
6668322
5553342
5053442
1113442
1119999

5577779
5333709
5583322
8886662
8044462
1114462
1119999

5577779
5333709
5583322
8884462
8044462
1116662
1119999

5577779
5666709
5586322
8886332
8044432
1114432
1119999

6877779
6888709
6668322
5554332
5054432
1114432
1119999

4477779
4442709
2222388
5553386
5053886
1113666
1119999

4477779
4442709
2222333
5553386
5058886
1118666
1119999

5577779
5333709
5583322
8886662
8011162
4411162
4449999

2277779
2666709
2655333
2653311
4055811
4488811
4489999

5577779
5666709
5586322
8886332
8011132
4411132
4449999

7777339
8733309
8881112
5581112
5064442
5564422
6669999

3377779
8333709
8881112
5581112
5064442
5564422
6669999

5556669
5356809
3376888
3771118
3071112
4472222
4449999

4443339
4433809
7777888
5571118
5061112
5562222
6669999

3377779
2333709
2222111
5588111
5068444
5568844
6669999

7777339
2733309
2222111
5588111
5068444
5568844
6669999

5556669
5356809
7336888
7731118
7031112
7442222
4449999

3377779
8333709
8884422
5584442
5061112
5561112
6669999

7777339
8733309
8884422
5584442
5061112
5561112
6669999

3377779
8333709
8882111
5582111
5062444
5562244
6669999

7777339
8733309
8882111
5582111
5062444
5562244
6669999

2555889
2575809
2778811
2273611
4073611
4433666
4439999

2222339
2733309
7777111
5588111
5068444
5568844
6669999

2222559
2333509
3387554
8887644
8077644
1117666
1119999

2222339
2733309
7777444
5556844
5056888
1116668
1119999

2222339
2733309
7777666
5554886
5054486
1114488
1119999

2222559
2388509
3387554
3887644
3077644
1117666
1119999

3377779
8333709
8882244
5582444
5062111
5562111
6669999

7777339
8733309
8882244
5582444
5062111
5562111
6669999

1177779
1132709
1132222
5533884
5063844
5568844
6669999

2222889
5572809
5778811
5573611
4073611
4433666
4439999

2553339
2533809
2557888
2277778
6044111
6444111
6669999

7777339
8733309
8884411
5584411
5062411
5562222
6669999

3377779
8333709
8884411
5584411
5062411
5562222
6669999

2222889
6662809
4468855
4463335
4033755
1117777
1119999

1177779
1124709
1124488
5524486
5022886
5533666
3339999

1177779
1127409
1124488
5524486
5022886
5533666
3339999

7777339
2733309
2222444
5556844
5056888
1116668
1119999

7777339
2733309
2222666
5554886
5054486
1114488
1119999

3377779
2333709
2222444
5556844
5056888
1116668
1119999

3377779
2333709
2222666
5554886
5054486
1114488
1119999

1177779
1144709
1144422
5586662
5088862
5533862
3339999

1144889
1144809
1148822
7777552
6073352
6333552
6669999

1177779
1157509
1155522
3336662
4033862
4488862
4489999

5576669
5776809
5576888
2273338
2033111
2444111
2449999

2277779
2557809
2533888
2553338
6044111
6444111
6669999

1177779
1122709
1124488
5524486
5024886
5533666
3339999

1177779
1122709
1126668
5526888
5026844
5533444
3339999

1177779
1133709
1183334
5588844
5062844
5562222
6669999

7777339
8733309
8881144
5581144
5061142
5562222
6669999

3377779
8333709
8881144
5581144
5061142
5562222
6669999

7777339
8733309
8882222
5581142
5061144
5561144
6669999

3377779
8333709
8882222
5581142
5061144
5561144
6669999

