1116229
1116209
8666244
8880244
5583334
5777733
5579999

1114449
1114409
7777666
5570886
5222286
5533288
3339999

2277779
2111709
2111444
2550844
6533888
6553338
6669999

6111889
6111809
6668822
7330552
7733352
7444552
7449999

7111889
7111809
7768822
7360552
3366652
3444552
3449999

7111889
7111809
7768822
7460552
4466652
4433552
3339999

3111889
3111809
3368822
7360552
7766652
7444552
7449999

7111889
7111809
7748822
7440552
6443352
6333552
6669999

6111889
6111809
6668822
3330442
5533442
5777742
5579999

7111889
7111809
7738822
7330552
6344452
6344552
6669999

8666229
8886209
5586244
5330244
5533374
1117777
1119999

6111889
6111809
6668844
2350544
2355574
2337777
2239999

6111889
6111809
6668842
3330442
5533442
5777722
5579999

7111229
7111209
7755288
7350286
3355886
3444666
3449999

7111229
7111209
7755288
7450286
4455886
4433666
3339999

3111229
3111209
3355288
7350286
7755886
7444666
7449999

1114449
1114409
2222666
2330886
5533386
5777788
5579999

1114449
1114409
8855562
7850562
7886662
7733322
7339999

3377779
8333709
8885522
4480562
4445562
1116662
1119999

7777339
8733309
8885522
4480562
4445562
1116662
1119999

6664449
6884409
6833322
8870332
5571112
5771112
5579999

2553339
2533709
2557777
2280666
8881116
8441116
4449999

2666339
2633309
2655511
2250511
4488711
4487777
4889999

2877779
2888709
2558111
2250111
6553344
6333444
6669999

7555889
7525809
7728811
7320611
3322611
3444666
3449999

7555889
7525809
7728811
7420611
4422611
4433666
3339999

3555889
3525809
3328811
7320611
7722611
7444666
7449999

6663559
6883509
6833557
8830477
2222447
1112447
1119999

7777339
4733309
4455588
4450586
2222886
1112666
1119999

2244889
2444809
2738811
2730611
7733611
5753666
5559999

6668559
6888509
6833557
3330477
2222447
1112447
1119999

3377779
4333709
4455588
4450586
2222886
1112666
1119999

7555889
7535809
7738822
7330112
6344112
6444112
6669999

7777339
8733309
8885544
1180544
1165542
1162222
6669999

3377779
8333709
8885544
1180544
1165542
1162222
6669999

2222889
6662809
6738844
6730444
7733111
5753111
5559999

1122229
1123309
1155333
8850444
6855744
6887777
6669999

1122229
1128809
1133855
3330885
6444755
6447777
6669999

1122229
1124409
1134447
8830557
6833577
6883557
6669999

1174449
1174409
1177666
5570886
5222286
5533288
3339999

1177779
1144709
1144666
5540886
5222286
5533288
3339999

7444889
7744809
7118822
7110552
6113352
6333552
6669999

8666559
8886509
4486557
4440337
1133377
1122227
1129999

8844559
6844509
6884557
6660337
1133377
1122227
1129999

