2222889
1112809
1118855
6663305
6333755
6447777
4449999

1116559
1116509
2666557
2448807
2444877
2233887
3339999

8844559
7844509
7884556
7733306
7332666
1112222
1119999

5576669
5776809
5576888
4473308
4442333
1112222
1119999

7556669
7756809
7556888
7443308
4442333
1112222
1119999

4446669
4476809
5576888
5773308
5572333
1112222
1119999

4446669
7446809
7556888
7753308
7552333
1112222
1119999

2222559
2111509
3111557
3348807
6344877
6344887
6669999

1116669
1116809
3336888
4433708
4477772
5452222
5559999

6111889
6111809
6668855
2344405
2344755
2337777
2239999

1116669
1116809
3446888
3444708
3377772
5352222
5559999

1116669
1116809
4446888
4433308
7777332
5752222
5559999

2111889
2111809
2338855
2233305
6444755
6447777
6669999

1114449
1114409
8666322
8886302
5586332
5777732
5579999

2443559
2443509
2433557
2238807
6111877
6111887
6669999

2344559
2344509
2334557
2238807
6111877
6111887
6669999

2222559
4442509
4433557
3338807
6111877
6111887
6669999

2222559
3332509
4433557
4448807
6111877
6111887
6669999

2666339
2633309
2611155
2211105
4488755
4487777
4889999

3377779
8333709
8886555
4486505
4446662
1112222
1119999

7777339
8733309
8886555
4486505
4446662
1112222
1119999

1116669
1116809
7556888
7753308
7552333
7442222
4449999

1116669
1116809
4446888
4473308
5572333
5772222
5579999

1116669
1116809
5576888
5773308
5572333
4472222
4449999

1116669
1116809
4446888
7443308
7552333
7752222
7559999

6877779
6888709
6668555
4433505
4443332
1112222
1119999

4477779
4448709
6888555
6833505
6663332
1112222
1119999

5556669
5756809
2776888
2711108
2711144
2233444
3339999

7555889
7565809
7768822
7366602
3341112
3441112
3449999

7555889
7565809
7768822
7366602
4331112
4431112
4439999

3555889
3565809
3368822
7366602
7741112
7441112
7449999

3877779
3888709
3358522
4355502
4461112
4461112
6669999

6877779
6888709
6668555
2222505
2333444
1113344
1119999

2222339
2833309
4888666
4458506
4455576
1117777
1119999

2553339
2533809
2557888
2247708
6447111
6447111
6669999

5556669
5756809
2776888
2744408
2744111
2233111
3339999

4477779
4488709
2486555
2886505
2666111
2233111
3339999

1126669
1126309
1126355
8223305
8883755
4487777
4449999

2222889
6662809
4468855
4463305
4333755
1117777
1119999

6877779
6888709
6668555
2344505
2344111
2334111
2239999

6877779
6888709
6668555
2443505
2443111
2433111
2239999

7777339
2733309
2666555
2886505
2286111
4488111
4449999

3377779
2333709
2666555
2886505
2286111
4488111
4449999

7777339
8733309
8882255
4482605
4442655
1112666
1119999

3377779
8333709
8882255
4482605
4442655
1112666
1119999

2277779
2333709
2883355
2844605
8844655
1114666
1119999

4477779
4442709
2222555
6663505
6883111
6833111
8839999

4477779
4442709
2222555
6668505
6888111
6833111
3339999

8877779
6822709
6882555
6662505
3332111
4433111
4449999

8877779
6822709
6882555
6662505
4442111
4433111
3339999

4443339
4433809
2222888
2777708
6575111
6555111
6669999

2222339
2733309
7777555
8666505
8886111
4486111
4449999

2222339
2733309
7777555
8844505
6844111
6884111
6669999

3377779
8333709
8882222
1185502
1165444
1165544
6669999

7777339
8733309
8882222
1185502
1165444
1165544
6669999

4477779
4442709
6662555
6882505
6822111
8833111
3339999

1177779
1157509
1155522
6663402
6883442
6833442
8839999

1177779
1157509
1155522
6668402
6888442
6833442
3339999

4666559
4426509
4426557
1128807
1122877
1133887
3339999

7777339
8733309
8882555
1182505
1162444
1162244
6669999

2222889
2333809
3378855
7777605
1144655
1144666
1149999

3377779
8333709
8882555
1182505
1162444
1162244
6669999

6877779
6888709
6668555
2222505
4442111
4433111
3339999

6877779
6888709
6668555
2222505
3332111
4433111
4449999

5577779
5444709
5544322
1188302
1168332
1168832
6669999

5554449
5754409
7777322
1188302
1168332
1168832
6669999

7777339
8733309
8884422
1184402
1165452
1165552
6669999

3377779
8333709
8884422
1184402
1165452
1165552
6669999

4477779
4447209
8222255
8883605
1183655
1133666
1139999

7777339
8733309
8886555
2286505
2666111
2444111
2449999

5576669
5776809
5576888
2273308
2333111
2444111
2449999

3377779
8333709
8886555
2286505
2666111
2444111
2449999

2222339
2733309
7777555
1188505
1168444
1168844
6669999

2116669
2116309
2116355
2283305
8883755
8447777
4449999

2277779
2666709
2886555
2386505
3388111
3444111
3449999

2277779
2666709
2886555
2486505
4488111
4433111
3339999

6668559
6888509
6844552
1144402
1177772
1133722
3339999

2277779
2666709
2688555
2683505
4883111
4433111
4439999

2666339
2633309
2688555
2278505
1178844
1177444
1179999

7777339
2733309
2222555
8666505
8886111
4486111
4449999

7777339
2733309
2222555
8844505
6844111
6884111
6669999

3377779
2333709
2222555
8666505
8886111
4486111
4449999

3377779
2333709
2222555
8844505
6844111
6884111
6669999

7777339
8733309
8884455
1184405
1162455
1162222
6669999

3377779
8333709
8884455
1184405
1162455
1162222
6669999

3377779
2333709
2222555
1188505
1168444
1168844
6669999

7777339
2733309
2222555
1188505
1168444
1168844
6669999

4446669
4486309
8886355
8223305
1123755
1127777
1129999

6668559
6888509
6833557
3334407
1144477
1122227
1129999

6663559
6883509
6833557
8834407
1144477
1122227
1129999

4446669
8446309
8886355
2283305
2113755
2117777
2119999

8822229
6824409
6884455
6663405
1133755
1137777
1139999

6664449
6884409
6811322
8811302
5511332
5777732
5579999

2222889
4472809
4478855
4773605
1173655
1133666
1139999

8844229
6844209
6884255
6663205
1133755
1137777
1139999

8666229
8886209
4486255
4443205
1133755
1137777
1139999

2277779
2333709
2883355
2811605
8811655
4411666
4449999

7777889
4722809
4428855
4423605
1123655
1133666
1139999

2277779
2666709
2655333
2653304
1155844
1188844
1189999

