4477779
4443709
1113322
1118362
0888362
5856662
5559999

4443339
4433709
1117722
1118762
0888762
5856662
5559999

6663339
6833709
6888755
4448775
0442755
1112222
1119999

3377779
8333709
8882222
5582411
0564411
5564411
6669999

7777339
8733309
8882222
5582411
0564411
5564411
6669999

2277779
2111709
2111388
2443386
0443886
5453666
5559999

2277779
2111709
2111344
2883344
0863545
8863555
6669999

2277779
2111709
2111333
2883355
0864445
8864455
6669999

2277779
2111709
2111333
2443386
0448886
5458666
5559999

2277779
2111709
2111444
2666844
0633888
5653338
5559999

7111889
7111809
7738822
7334462
0344462
5356662
5559999

7111889
7111809
7738822
7336662
0344462
5354462
5559999

7777229
3575209
3555288
3344286
0344886
1114666
1119999

1116669
1116709
3886744
3387744
0388742
5352222
5559999

1116669
1116709
5556744
5357744
0388742
3382222
3889999

6663559
6733509
6738552
7738882
0744482
1114422
1119999

7111559
7111509
7733552
7883332
0864442
8864422
6669999

7322559
7332509
7732554
7832644
0888644
1118666
1119999

7555889
7535809
7738822
7336662
0344462
1114462
1119999

7555889
7535809
7738822
7334462
0344462
1116662
1119999

6663339
6833709
6888722
4448772
0445752
1115552
1119999

6663559
6883509
6833552
8832222
0777744
1117444
1119999

6668559
6888509
6833552
3332222
0777744
1117444
1119999

5576669
5776809
5576888
3374448
0333442
1112222
1119999

6663339
6733809
6755888
7754448
0755442
1112222
1119999

8877779
3855709
3885644
3355644
0366642
1112222
1119999

6663559
6733509
6738552
7738882
0711182
4411122
4449999

2277779
2666709
2655333
2653311
0455811
4488811
4489999

7555889
7535809
7738822
7336662
0311162
4411162
4449999

5577779
5882709
5582222
3388611
0333611
4466611
4449999

7777339
8733309
8881112
5581112
0564442
5564422
6669999

3377779
8333709
8881112
5581112
0564442
5564422
6669999

4443339
4433809
7777888
5571118
0561112
5562222
6669999

4446669
4476809
3776888
3371118
0371112
5352222
5559999

3377779
2333709
2222111
5588111
0568444
5568844
6669999

7777339
2733309
2222111
5588111
0568444
5568844
6669999

3377779
8333709
8884422
5584442
0561112
5561112
6669999

7777339
8733309
8884422
5584442
0561112
5561112
6669999

3377779
8333709
8882111
5582111
0562444
5562244
6669999

7777339
8733309
8882111
5582111
0562444
5562244
6669999

4422229
4423309
5458333
5558886
0777786
1117666
1119999

2555889
2575809
2778811
2273611
0473611
4433666
4439999

2222339
2733309
7777111
5588111
0568444
5568844
6669999

2222339
2433309
4488557
4486577
0886557
1116667
1119999

2222339
2433309
4488666
4485556
0885756
1117777
1119999

3377779
8333709
8882244
5582444
0562111
5562111
6669999

7777339
8733309
8882244
5582444
0562111
5562111
6669999

2244559
2444509
2333557
2883377
0861117
8861117
6669999

1177779
1132709
1132222
5533884
0563844
5568844
6669999

2222889
5572809
5778811
5573611
0473611
4433666
4439999

7556669
7756809
7556888
7222248
0333244
1113344
1119999

2244889
2444809
2738811
2733611
0773611
5753666
5559999

7777339
8733309
8884411
5584411
0562411
5562222
6669999

3377779
8333709
8884411
5584411
0562411
5562222
6669999

2222889
6662809
4468855
4463335
0433755
1117777
1119999

2222889
6662809
6448855
6443335
0433755
1117777
1119999

2277779
2666709
2688344
2683344
0883545
1113555
1119999

2277779
2555709
2545388
2443386
0443886
1113666
1119999

2277779
2555709
2545333
2443386
0448886
1118666
1119999

2277779
2666709
2688333
2683355
0884445
1114455
1119999

2234449
2334409
2388557
2386577
0886557
1116667
1119999

2234449
2334409
2388666
2385556
0885756
1117777
1119999

5577779
5882709
5582222
3388666
0333446
1114446
1119999

1177779
1163709
1163344
6668344
0888342
5852222
5559999

1177779
1124709
1124488
5524486
0522886
5533666
3339999

1177779
1127409
1124488
5524486
0522886
5533666
3339999

4422229
4426809
4736888
7736668
0733111
5753111
5559999

4422229
4423809
4733888
7736668
0736111
5756111
5559999

1177779
1144709
1144422
5586662
0588862
5533862
3339999

1177779
1157509
1155522
3336662
0433862
4488862
4489999

2222889
6662809
6738844
6733444
0773111
5753111
5559999

1177779
1122709
1124488
5524486
0524886
5533666
3339999

1177779
1122709
1126668
5526888
0526844
5533444
3339999

1177779
1133709
1183334
5588844
0562844
5562222
6669999

7777229
3575209
3555288
3311286
0311886
4411666
4449999

4422229
4421109
4731188
7731186
0733886
5753666
5559999

7556669
7756809
7556888
7321148
0321144
3321144
3229999

7777339
8733309
8881144
5581144
0561142
5562222
6669999

3377779
8333709
8881144
5581144
0561142
5562222
6669999

7777339
8733309
8882222
5581142
0561144
5561144
6669999

3377779
8333709
8882222
5581142
0561144
5561144
6669999

