1114449
1114409
0755588
2753586
2773886
2733666
2239999

2222559
2111509
0111557
6663477
6883447
6833447
8839999

2222559
2111509
0111557
6668477
6888447
6833447
3339999

4477779
4447809
0333888
3322228
6111525
6111555
6669999

1116669
1116309
0446332
7445532
7488532
7785522
7889999

2222559
3332509
0733558
7777888
6111844
6111444
6669999

1114449
1114409
0333862
3388862
5586662
5777722
5579999

4443559
4433509
0738552
7738882
6711182
6711122
6669999

5556669
5356809
0376888
3371118
3771112
4472222
4449999

5554449
5754409
0733322
7788332
6781112
6881112
6669999

8666559
8886509
0486552
7441112
7441112
7733322
7339999

4422229
4423309
0486333
8886555
8666575
1117777
1119999

2222889
6662809
0468855
4463335
4433755
1117777
1119999

4477779
4457509
0455522
6663112
6883112
6833112
8839999

4477779
4457509
0455522
6668112
6888112
6833112
3339999

5556669
5356809
0326888
3322228
3777744
1117444
1119999

4477779
4447809
0333888
3322228
6525111
6555111
6669999

5556669
5456809
0446888
2443338
2222733
1117777
1119999

2222889
2666809
0638844
7633444
7553111
7753111
7559999

4477779
4457509
0455522
1186662
1188862
1133862
3339999

2222559
2666509
0886557
1186477
1188447
1133447
3339999

4477779
4457509
0455522
3336662
1133862
1188862
1189999

4477779
4411709
0411666
5511886
5222286
5533288
3339999

2222559
3332509
0733558
7711888
6711844
6711444
6669999

4422229
4423309
0411333
8811555
6811575
6887777
6669999

3226669
3326809
0326888
7321148
7551144
7751144
7559999

