2222889
1112809
1118855
6663350
6333755
6447777
4449999

1116669
1116309
4446388
7443380
7553882
7752222
7559999

1116669
1116309
5576388
5773380
5573882
4472222
4449999

1116669
1116309
7556388
7753380
7553882
7442222
4449999

1116669
1116309
4446388
4473380
5573882
5772222
5579999

6111889
6111809
6668855
2344450
2344755
2337777
2239999

2111889
2111809
2558833
2253330
6557444
6777744
6669999

4443339
4433709
6667777
6822220
6888525
1118555
1119999

2111889
2111809
2338855
2233350
6444755
6447777
6669999

2666339
2633309
2611155
2211150
4488755
4487777
4889999

4446669
7446309
7556388
7753380
7553882
1112222
1119999

5576669
5776309
5576388
4473380
4443882
1112222
1119999

7556669
7756309
7556388
7443380
4443882
1112222
1119999

4446669
4476309
5576388
5773380
5573882
1112222
1119999

2553339
2533709
2557777
2286660
8886111
8446111
4449999

1126669
1126309
1126355
8223350
8883755
4487777
4449999

2222889
6662809
4468855
4463350
4333755
1117777
1119999

7777339
8733309
8882255
4482650
4442655
1112666
1119999

3377779
8333709
8882255
4482650
4442655
1112666
1119999

2277779
2333709
2883355
2844650
8844655
1114666
1119999

4477779
4447209
8222233
8883330
6585111
6555111
6669999

1177779
1157509
1155588
6663380
6333882
6442222
4449999

2222889
2333809
3378855
7777650
1144655
1144666
1149999

2222889
5552809
5758833
7743330
6744111
6744111
6669999

2222889
4472809
4478833
4773330
6575111
6555111
6669999

4477779
4447209
8222255
8883650
1183655
1133666
1139999

7777889
4722809
4428833
4423330
6525111
6555111
6669999

2116669
2116309
2116355
2283350
8883755
8447777
4449999

7777339
8733309
8884455
1184450
1162455
1162222
6669999

3377779
8333709
8884455
1184450
1162455
1162222
6669999

4446669
4486309
8886355
8223350
1123755
1127777
1129999

4446669
8446309
8886355
2283350
2113755
2117777
2119999

8822229
6824409
6884455
6663450
1133755
1137777
1139999

2222889
4472809
4478855
4773650
1173655
1133666
1139999

8844229
6844209
6884255
6663250
1133755
1137777
1139999

8666229
8886209
4486255
4443250
1133755
1137777
1139999

2277779
2333709
2883355
2811650
8811655
4411666
4449999

7777889
4722809
4428855
4423650
1123655
1133666
1139999

2277779
2666709
2655333
2653340
1155844
1188844
1189999

