1116669
1116809
2556888
2577778
2550744
2233444
3339999

4422229
4428809
4558666
7588611
7550611
7733311
7339999

2277779
2111709
2111666
2333886
3350586
4455588
4449999

3377779
2333709
2111666
2111886
2250586
4455588
4449999

7777339
2733309
2111666
2111886
2250586
4455588
4449999

6111889
6111809
6668844
2355544
2350574
2337777
2239999

3377779
8333709
8886662
4485562
4440562
1115522
1119999

7777339
8733309
8886662
4485562
4440562
1115522
1119999

3111889
3111809
3328855
4322225
4460755
4467777
6669999

5577779
5333709
5583322
4488862
4440862
1116662
1119999

5577779
5883709
5583322
4488362
4440362
1116662
1119999

3555889
3565809
3368811
2366611
2440711
2447777
2249999

1177779
1157509
1155588
2233386
2330886
2444666
2449999

2222889
5552809
5758811
7777611
4440611
4433666
3339999

2222889
5552809
5758811
7777611
3330611
4433666
4449999

2553339
2533809
2557888
2277778
6440111
6444111
6669999

2553339
2533809
2557888
2277778
6660111
6444111
6449999

2277779
2333709
2883311
2855611
8850611
4455666
4449999

3444889
3344809
6328855
6322225
6660755
1117777
1119999

7556669
7756809
7556888
7422228
4420111
4433111
3339999

7556669
7756809
7556888
7322228
3320111
3444111
3449999

5577779
5666709
5586112
8886112
8330112
4433322
4449999

6664449
6884409
6833355
8822335
1120755
1127777
1129999

3377779
8333709
8882222
1185542
1160544
1165544
6669999

7777339
8733309
8882222
1185542
1160544
1165544
6669999

5577779
5883709
5583344
1188344
1160342
1162222
6669999

5577779
5333709
5583344
1188844
1160842
1162222
6669999

1134449
1134409
1133557
6663577
6880557
6822227
8829999

8666559
8886509
1186557
1133377
1120337
4422227
4449999

1122229
1123309
1144333
8844555
6840575
6887777
6669999

5577779
5227409
5524488
1124486
1120886
1133666
3339999

5577779
5224709
5524488
1124486
1120886
1133666
3339999

2277779
2557809
2533888
2553338
6440111
6444111
6669999

2277779
2557809
2533888
2553338
6660111
6444111
6449999

1177779
1127409
1124488
5524486
5220886
5533666
3339999

1177779
1124709
1124488
5524486
5220886
5533666
3339999

2553339
2533409
2554488
2274486
1170886
1177666
1179999

4422229
4425509
4333588
3375586
1170886
1177666
1179999

