6663339
6833709
6888755
4448775
4402755
1112222
1119999

4443339
4433709
6668755
6888775
6802755
1112222
1119999

8822229
6823309
6884333
6664411
5504411
5777711
5579999

7556669
7756809
7556888
7333448
3302444
1112222
1119999

4446669
4486709
8886755
8333775
3302755
1112222
1119999

1112559
1112509
6662557
6882277
6804447
8833447
3339999

6111889
6111809
6668822
7333552
7703352
7444552
7449999

6111889
6111809
6668822
7555442
7505442
7733342
7339999

8666229
8886209
5586244
5333244
5503374
1117777
1119999

6111559
6111509
6667558
2377888
2307844
2337444
2239999

5577779
5444709
5544666
2388611
2308611
2338811
2239999

5554449
5754409
7777666
2388611
2308611
2338811
2239999

7777339
8733309
8882666
4482611
4402611
5452211
5559999

4477779
4488709
3482666
3882611
3302611
5352211
5559999

3377779
8333709
8882666
4482611
4402611
5452211
5559999

7111559
7111509
7738552
7338882
6304482
6344422
6669999

6111889
6111809
6668842
7555442
7505442
7733322
7339999

6111559
6111509
6668552
7888442
7804442
7733322
7339999

7111559
7111509
7732558
7332888
6302844
6322444
6669999

1114449
1114409
2222666
2333886
5503386
5777788
5579999

4446669
4486709
8886722
8333772
3305752
1115552
1119999

4443339
4433709
6668722
6888772
6805752
1115552
1119999

6663339
6833709
6888722
4448772
4405752
1115552
1119999

2222339
2733309
7777666
4488611
4408611
5458811
5559999

7556669
7756809
7556888
7333448
3304442
1112222
1119999

1114449
1114409
3337777
8833575
6802555
6882222
6669999

4446669
7446809
7736888
7331118
7301112
5352222
5559999

7777339
8733309
8881116
4481116
4402666
5452222
5559999

4477779
4488709
3481116
3881116
3302666
5352222
5559999

3377779
8333709
8881116
4481116
4402666
5452222
5559999

7777339
2733309
2222666
4488611
4408611
5458811
5559999

3377779
2333709
2222666
4488611
4408611
5458811
5559999

3377779
8333709
8886111
4486111
4406662
5452222
5559999

7777339
8733309
8886111
4486111
4406662
5452222
5559999

4477779
4488709
3486111
3886111
3306662
5352222
5559999

5577779
5444709
5544111
8833111
6803332
6882222
6669999

5554449
5754409
7777111
8833111
6803332
6882222
6669999

6877779
6888709
6668111
4433111
4403332
5452222
5559999

6668559
6888509
6844557
2344477
2301117
2331117
2239999

7777339
8733309
8882222
4482666
4401116
5451116
5559999

4477779
4488709
3482222
3882666
3301116
5351116
5559999

3377779
8333709
8882222
4482666
4401116
5451116
5559999

2222559
2333509
3344557
8844477
6801117
6881117
6669999

2222889
7552809
7758811
7553611
7403611
4433666
4439999

4477779
4488709
3482211
3882611
3302611
5352666
5559999

7777339
8733309
8882211
4482611
4402611
5452666
5559999

2377779
2388709
2338444
2238844
6505111
6555111
6669999

3377779
8333709
8882211
4482611
4402611
5452666
5559999

2877779
2888709
2338444
2233344
6505111
6555111
6669999

2244889
2444809
2738811
2733611
7703611
5753666
5559999

2277779
2333709
2883311
2855611
8805611
4455666
4449999

1177779
1157509
1155544
8833444
6803332
6882222
6669999

2222889
1162809
1168844
1166644
5503334
5777733
5579999

2222889
2333809
3378844
7777444
6505111
6555111
6669999

8666559
8886509
1186552
1177772
1107332
4433322
4449999

7777339
8733309
8882222
4486662
4406111
5456111
5559999

4477779
4488709
3482222
3886662
3306111
5356111
5559999

1144889
1144809
1148822
7777552
6703352
6333552
6669999

3377779
8333709
8882222
4486662
4406111
5456111
5559999

2222889
6662809
6738844
6733444
7703111
5753111
5559999

1122229
1123309
1144333
8844555
6804575
6887777
6669999

7777559
8722509
8882554
1182644
1102644
1133666
3339999

1122229
1124409
1134447
8833557
6803577
6883557
6669999

2277779
2555709
2535444
2338844
6308111
6388111
6669999

5577779
5882709
5582222
1188446
1104446
1133666
3339999

5577779
5882709
5582222
1188666
1104446
1133446
3339999

2277779
2117809
2113888
2113348
6505344
6555344
6669999

1177779
1157509
1155544
8833344
6802334
6882222
6669999

6668559
6888509
6833557
3334447
1104477
1122227
1129999

6668559
6888509
6833557
3334477
1104447
1122227
1129999

6663559
6883509
6833557
8834477
1104447
1122227
1129999

6663559
6883509
6833557
8834447
1104477
1122227
1129999

6664449
6884409
6822227
8823557
1103577
1133557
1139999

8822229
6824409
6884447
6663557
1103577
1133557
1139999

5576669
5776809
5576888
2371148
2301144
2331144
2239999

8822229
6821109
6881144
6661144
5503334
5777733
5579999

3377779
8333709
8881122
4481162
4401162
5456662
5559999

4477779
4488709
3481122
3881162
3301162
5356662
5559999

7777339
8733309
8881122
4481162
4401162
5456662
5559999

4477779
4488709
3486662
3881162
3301162
5351122
5559999

7777339
8733309
8886662
4481162
4401162
5451122
5559999

3377779
8333709
8886662
4481162
4401162
5451122
5559999

