1116229
1116209
7666244
7703244
7883545
7833555
8839999

1116229
1116209
7666244
7708244
7888545
7833555
3339999

1114449
1114409
2222557
8802577
6833557
6883337
6669999

2222889
1112809
1118833
4403336
4477776
5457666
5559999

1117559
1117509
2677558
2607888
2666844
2233444
3339999

6663339
6833709
6888755
4408775
4442755
1112222
1119999

4422229
4423309
4666333
7605511
7688511
7785511
7889999

6111889
6111809
6668822
7505442
7555442
7733342
7339999

1112559
1112509
6662554
6302244
6388744
3387777
3889999

1112559
1112509
6662557
6302277
6388447
3384447
3889999

2222559
2111509
7111554
7703644
7883644
7833666
8839999

2222559
2111509
7111554
7708644
7888644
7833666
3339999

6111559
6111509
6667558
2307888
2377844
2337444
2239999

2237559
2337509
2377558
2307888
6111844
6111444
6669999

6111889
6111809
6668842
7505442
7555442
7733322
7339999

1114449
1114409
6662222
6302555
6388575
3387777
3889999

4446669
4486309
8886332
8705532
7777532
1115522
1119999

2553339
2533709
2557777
2208844
6111844
6111884
6669999

7111229
7111209
7755288
7305286
3355886
3444666
3449999

7111229
7111209
7755288
7405286
4455886
4433666
3339999

3111229
3111209
3355288
7305286
7755886
7444666
7449999

6111889
6111809
6668855
2203335
2433755
2447777
2449999

1116559
1116509
7666552
7708442
7888442
7833422
3339999

1116559
1116509
7666552
7703442
7883442
7833422
8839999

6663339
6833709
6888722
4408772
4445752
1115552
1119999

5577779
5444709
5544666
2208611
2888611
2833311
2339999

5554449
5754409
7777666
2208611
2888611
2833311
2339999

5577779
5444709
5544333
2203311
2666811
2688811
2689999

6877779
6888709
6668333
2203311
2554411
2544411
2559999

5554449
5754409
7777333
2203311
2666811
2688811
2689999

3377779
2333709
2555666
2505886
2211186
4411188
4449999

7777339
2733309
2555666
2505886
2211186
4411188
4449999

4477779
4442709
6662222
6305511
6388511
3385511
3889999

7777339
2733309
2555666
2505886
2244486
1114488
1119999

2222889
5552809
5758833
7703334
6711144
6711144
6669999

3377779
2333709
2555666
2505886
2244486
1114488
1119999

4436669
4436809
4336888
7301118
7551112
7752222
7559999

7556669
7756809
7556888
7301118
4331112
4432222
4439999

3446669
3446809
3346888
7301118
7551112
7752222
7559999

7556669
7756809
7556888
7301118
3341112
3442222
3449999

6664229
6344209
6344211
3308211
3888711
5857777
5559999

6664449
6884409
6833355
8802335
2222755
1117777
1119999

8844559
3844509
3884552
3301112
6371112
6777722
6669999

5554449
5754409
2778811
2708611
2788611
2233666
3339999

1177779
1157509
1155533
2203334
2666844
2688844
2689999

1177779
1157509
1155588
2203386
2333886
2444666
2449999

1177779
1137809
1133888
2203648
2553644
2566644
2559999

5554449
5254409
7222211
7703611
7883611
7833666
8839999

5554449
5254409
7222211
7708611
7888611
7833666
3339999

2222889
5552809
5458833
4403336
4477776
1117666
1119999

1177779
1157509
1155522
8804442
6833442
6883332
6669999

1177779
1157509
1155522
8803332
6833442
6884442
6669999

1177779
1157509
1155522
3306662
4333862
4488862
4489999

1122229
1123309
1155333
8805444
6855744
6887777
6669999

1122229
1124409
1144455
8803335
6833755
6887777
6669999

2116669
2116809
2116888
2203338
5533444
5777744
5579999

2114449
2114409
2117777
2208755
6888335
6833355
6669999

4488559
4486509
4886552
1106662
1177772
1133722
3339999

1177779
1144709
1144666
5504886
5222286
5533288
3339999

5577779
5444709
5544388
2203386
2113886
2113666
2119999

5554449
5754409
7777388
2203386
2113886
2113666
2119999

6877779
6888709
6668344
2203344
2113545
2113555
2119999

5577779
5444709
5544333
2203386
2118886
2118666
2119999

5554449
5754409
7777333
2203386
2118886
2118666
2119999

6877779
6888709
6668333
2203355
2114445
2114455
2119999

6668559
6888509
6833557
2203337
2114477
2114447
2119999

