2222559
2666509
1116553
1116883
7777833
4478830
4449999

2222559
2666509
1116558
1116888
7777833
4473330
4449999

4443339
4433709
1117777
1118555
6888525
6822220
6669999

2222559
1112509
1117553
8877773
6844433
6884430
6669999

1116669
1116809
2556888
2577778
2557444
2233440
3339999

6111889
6111809
6668855
7777335
4733355
4422220
4429999

6111889
6111809
6668855
3377775
4333755
4422220
4429999

2222559
6662509
6111553
6111883
7777833
4478830
4449999

2222559
6662509
6111558
6111888
7777833
4473330
4449999

7777559
2274509
2644553
2644883
2666833
1118830
1119999

1112559
1112509
3882554
3382244
6388744
6377770
6669999

7777559
2274509
2644558
2644888
2666833
1113330
1119999

1116559
1116509
8666552
8882222
4487777
4433370
4339999

2111559
2111509
2666553
2276883
4776833
4478830
4479999

2111559
2111509
2666558
2276888
4776833
4473330
4479999

2277779
2557809
2533888
2553338
6111444
6111440
6669999

6111559
6111509
6662553
2222883
7777833
4478830
4449999

6111559
6111509
6662558
2222888
7777833
4473330
4449999

6662559
4462509
4462553
4722883
7777833
1118830
1119999

6662559
4462509
4462558
4722888
7777833
1113330
1119999

2553339
2533809
2557888
2277778
6111444
6111440
6669999

6111889
6111809
6668844
2233344
2557334
2577770
2559999

6111889
6111809
6668855
2277775
2433755
2443330
2449999

7111889
7111809
7738855
7334445
6324455
6322220
6669999

8666559
8886509
4486552
4472222
4777733
1113330
1119999

1116669
1116809
3336888
2233448
2557444
2577770
2559999

6664449
6884409
6822223
8811123
5511133
5777730
5579999

2666559
2644509
2644553
2274883
7777833
1118830
1119999

2666559
2644509
2644558
2274888
7777833
1113330
1119999

1116559
1116509
2666558
2222888
7777833
4473330
4449999

1116559
1116509
2666553
2222883
7777833
4478830
4449999

2222559
6662509
6887553
6877773
8811133
4411130
4449999

5574449
5774409
5571113
2271113
2666833
2688830
2689999

5577779
5666709
5586444
8886244
8222233
1113330
1119999

7666559
7746509
7446553
7442883
2222833
1118830
1119999

7777559
6744509
6444553
6662883
2222833
1118830
1119999

3555889
3565809
3368811
2366611
2222711
4477770
4449999

7666559
7746509
7446558
7442888
2222833
1113330
1119999

7777559
6744509
6444558
6662888
2222833
1113330
1119999

4477779
4448709
3888666
3822226
3321116
5351110
5559999

3666229
3886209
3386211
7388211
7554411
7754440
7559999

7777229
3575209
3555211
3388211
6384411
6884440
6669999

5544229
5444209
5533211
3338211
6888711
6877770
6669999

7777229
5753209
5553211
8833211
6834411
6884440
6669999

5553229
5453209
4433211
4438211
6888711
6877770
6669999

5557229
5357209
3377211
3887211
3864411
8864440
6669999

8666229
8886209
3386211
7333211
7554411
7754440
7559999

2222889
2444809
3448811
3355511
6357511
6377770
6669999

2222339
2433309
4455511
4458511
6888711
6877770
6669999

7777559
4722509
4462553
4462883
6662833
1118830
1119999

7777559
4722509
4462558
4462888
6662833
1113330
1119999

8877779
3855709
3885611
3355611
4366611
4422220
4429999

5554449
5754409
2788111
2778111
2768833
2263330
6669999

2553339
2533709
2557711
2286711
8886711
8446660
4449999

5577779
5444709
5544211
6663211
6883211
6833220
8839999

6877779
6888709
6668211
5553211
5453211
4433220
4439999

5554449
5754409
7777211
6663211
6883211
6833220
8839999

8877779
3855709
3885211
3355211
6344211
6444220
6669999

6664449
8864409
3867211
3887211
3377211
5357220
5559999

5577779
5444709
5544211
6668211
6888211
6833220
3339999

6877779
6888709
6668211
5544211
5444211
5533220
3339999

5554449
5754409
7777211
6668211
6888211
6833220
3339999

5574449
5774409
5572222
8872111
6833111
6883330
6669999

2222559
2447509
6447553
6477883
6667833
1118830
1119999

2222559
2666509
4446553
4476883
7777833
1118830
1119999

2553339
2533709
2557777
2286111
8886111
8446660
4449999

2222559
2447509
6447558
6477888
6667833
1113330
1119999

2222559
2666509
4446558
4476888
7777833
1113330
1119999

7777229
3575209
3555244
3388244
6381114
6881110
6669999

3666229
3886209
3386244
7388244
7551114
7751110
7559999

7777229
5753209
5553244
8833244
6831114
6881110
6669999

5557229
5357209
3377244
3887244
3861114
8861110
6669999

8666229
8886209
3386244
7333244
7551114
7751110
7559999

6664449
6884409
6822223
8875523
7777533
1115530
1119999

2222889
4442809
3448811
3355511
6357511
6377770
6669999

1177779
1168709
1168883
2266683
2554433
2544430
2559999

1144559
1144509
1147553
2277773
2666833
2688830
2689999

1177779
1155709
1154443
2255443
2666833
2688830
2689999

4446669
8446309
8886311
2283311
2553711
2577770
2559999

2234449
2334409
2355511
2358511
6888711
6877770
6669999

2277779
2344709
2344411
2338811
6535811
6555880
6669999

2277779
2333709
2443311
2448811
6545811
6555880
6669999

1124449
1124409
1126663
7226883
7556833
7758830
7559999

1126669
1126809
1126888
7224448
7554433
7753330
7559999

1124449
1124409
1126668
7226888
7556833
7753330
7559999

1126669
1126809
1126888
7223338
7554433
7754440
7559999

2222559
6662509
6444558
6744888
7777833
1113330
1119999

2222559
7442509
7446558
7746888
7666833
1113330
1119999

2222559
6662509
6887553
6877773
8844433
1114430
1119999

2222559
7442509
7446553
7746883
7666833
1118830
1119999

2222559
6662509
6444553
6744883
7777833
1118830
1119999

2877779
2888709
2558666
2253116
4553116
4433110
4439999

1122559
1162509
1162553
6662883
7777833
4478830
4449999

1122559
1162509
1162558
6662888
7777833
4473330
4449999

2277779
2666709
2886444
2856544
8855533
1113330
1119999

2244559
2444509
2887556
2877776
8833666
1113330
1119999

6662559
1162509
1162558
1122888
7777833
4473330
4449999

6662559
1162509
1162553
1122883
7777833
4478830
4449999

7777559
4476509
4446553
2666883
2222833
1118830
1119999

6667559
6477509
6447553
2447883
2222833
1118830
1119999

6664449
6554409
6577773
2557883
2222833
1118830
1119999

6667559
6477509
6447558
2447888
2222833
1113330
1119999

6664449
6554409
6577778
2557888
2222833
1113330
1119999

7777559
4476509
4446558
2666888
2222833
1113330
1119999

1124449
1124409
1127777
8822575
6833555
6883330
6669999

1177779
1157509
1155523
8822223
6844433
6884430
6669999

1177779
1157509
1155583
4448883
6448233
6222230
6669999

2222559
2666509
1176558
1176888
1177833
4473330
4449999

2222559
2666509
1176553
1176883
1177833
4478830
4449999

2222889
6662809
1168855
1163335
1133755
4477770
4449999

2222559
2666509
4446558
4476888
1177833
1173330
1179999

2222339
2433309
4488666
4478556
1178856
1177550
1179999

2222559
2666509
4446553
4476883
1177833
1178830
1179999

1134449
1134409
1133555
6663575
6887777
6822220
8829999

1122229
1123709
1133744
8837744
6835754
6885550
6669999

1122229
1124709
1144755
8844775
6833755
6883330
6669999

1122229
1124409
1144455
8877775
6833755
6883330
6669999

1177779
1168709
1168883
6665583
2222533
2445530
4449999

2222559
2447509
4447553
1177883
1167833
1168830
6669999

2222559
2447509
4447558
1177888
1167833
1163330
6669999

2116669
2116809
2116888
2273338
5574433
5774440
5579999

7777559
4726509
4426553
4426663
1122833
1188830
1189999

2114449
2114409
2116668
2276888
5576833
5773330
5579999

2116669
2116809
2116888
2274448
5574433
5773330
5579999

2114449
2114409
2116663
2276883
5576833
5778830
5579999

2666559
2644509
2644553
2274883
1177833
1178830
1179999

2666559
2644509
2644558
2274888
1177833
1173330
1179999

1177779
1155709
1152222
8855442
6833444
6883330
6669999

2277779
2118709
2118883
2115583
6444533
6445530
6669999

1177779
1122709
1125553
8825453
6824433
6884430
6669999

1177779
1122709
1126663
4426883
4426833
5458830
5559999

1177779
1122709
1125544
8825444
6825533
6883330
6669999

1177779
1122709
1126668
4426888
4426833
5453330
5559999

7444559
7744509
7666558
7226888
1126833
1123330
1129999

7554449
7754409
7556668
7226888
1126833
1123330
1129999

7556669
7756809
7556888
7224448
1124433
1123330
1129999

7554449
7754409
7556663
7226883
1126833
1128830
1129999

7444559
7744509
7666553
7226883
1126833
1128830
1129999

7556669
7756809
7556888
7223338
1124433
1124440
1129999

5576669
5776809
5576888
2273338
2114433
2114440
2119999

2211559
2611509
2611558
2666888
7777833
4473330
4449999

6444559
6447509
6667558
2277888
2117833
2113330
2119999

5574449
5774409
5576668
2276888
2116833
2113330
2119999

5576669
5776809
5576888
2274448
2114433
2113330
2119999

2211559
2611509
2611553
2666883
7777833
4478830
4449999

1177779
1188709
1185553
2885653
2222633
4466630
4449999

4443339
4433709
8666755
8886775
1186755
1122220
1129999

2666559
2611509
2611553
2211883
7777833
4478830
4449999

2666559
2611509
2611558
2211888
7777833
4473330
4449999

5574449
5774409
5576663
2276883
2116833
2118830
2119999

6444559
6447509
6667553
2277883
2117833
2118830
2119999

7554449
7754409
7558666
7338886
1133386
1122220
1129999

2222559
2666509
7611558
7611888
7711833
7443330
4449999

2222559
2666509
7611553
7611883
7711833
7448830
4449999

4411559
4411509
4311556
3377776
3887666
3822220
8829999

7444559
7744509
7211558
7211888
6211833
6223330
6669999

7444559
7744509
7211553
7211883
6211833
6228830
6669999

6664449
6884409
6822223
8875523
1177533
1175530
1179999

4422229
4428809
3411855
3311885
6311755
6377770
6669999

2222889
5552809
5758844
7777444
1166633
1163330
1169999

2277779
2666709
2655333
2653344
1155844
1188840
1189999

2277779
2666709
2655443
2654443
1155833
1188830
1189999

2234449
2334409
2388666
2378556
1178856
1177550
1179999

6664449
6884409
6822223
8871123
5571133
5771130
5579999

