1114449
1114409
2233355
2666335
2688755
2687777
0889999

1114449
1114409
2255588
2753586
2773886
2733666
0739999

6663339
6833709
6888722
1118772
1115752
4445552
0449999

1114449
1114409
2222666
5572886
5777786
5533388
0339999

2222889
1112809
1118855
6663335
6433755
6447777
0449999

6663339
6833709
6888755
1118775
1112755
4442222
0449999

1116669
1116809
2556888
2577778
2557444
2233344
0339999

1114449
1114409
2555666
2575886
2777786
2233388
0339999

7111559
7111509
7768552
7468882
4466682
4433322
0339999

1114449
1114409
6662222
6882755
6877775
8833355
0339999

1114449
1114409
6665552
6885752
6877772
8833322
0339999

1116669
1116309
7886332
7785532
7488532
7445522
0449999

5556669
5756809
2776888
2711148
2711144
2233344
0339999

2277779
2666709
2655333
2653311
4455811
4488811
0489999

3555889
3565809
3368811
2366611
2222711
4447777
0449999

5556669
5356809
7336888
7731118
7431112
7442222
0449999

2553339
2533709
2557777
2281116
8881116
8444666
0449999

2222889
2355809
3358811
3755611
3744611
7744666
0749999

2222889
2755809
7758811
3755611
3744611
3344666
0349999

2555889
2575809
2778811
2273611
4473611
4433666
0439999

2222889
5572809
5778811
5573611
4473611
4433666
0439999

5554449
5754409
7777112
6668112
6888112
6833322
0339999

6877779
6888709
6668112
5544112
5444112
5533322
0339999

5577779
5444709
5544112
6668112
6888112
6833322
0339999

5577779
5666709
5586112
8886112
8333112
4443322
0449999

2222339
2733309
7777444
6668844
6558111
6588111
0559999

1134449
1134409
1133887
6663877
6558827
6522227
0559999

1144889
1144809
1148822
5576662
5777762
5533362
0339999

1177779
1157509
1155522
6668442
6888442
6833342
0339999

1177779
1157509
1155522
3446662
3444862
3388862
0389999

1177779
1157509
1155522
3336662
4433862
4488862
0489999

2222889
6662809
1168855
1163335
1133755
4447777
0449999

1122229
1123309
1186333
8886555
8666575
4447777
0449999

1177779
1157509
1155588
3222286
3244886
3344666
0349999

1177779
1157509
1155542
6668442
6888442
6833322
0339999

1177779
1144709
1144482
6668882
6558332
6533322
0559999

5577779
5444709
5544862
1188862
1186662
1133322
0339999

6877779
6888709
6668552
1144452
1144552
1133322
0339999

5554449
5754409
7777862
1188862
1186662
1133322
0339999

4476669
4476309
4776332
1175532
1188532
1185522
0889999

1177779
1144709
1144432
6668832
6558332
6588322
0559999

5556669
5756809
7726888
3722228
3744111
3344111
0349999

5556669
5356809
3326888
3722228
3744111
7744111
0749999

6668559
6888509
6833557
1123337
1124477
1124447
0229999

5577779
5444709
5544388
1123386
1123886
1123666
0229999

6877779
6888709
6668344
1123344
1123545
1123555
0229999

5554449
5754409
7777388
1123386
1123886
1123666
0229999

5554449
5754409
7777333
1123386
1128886
1128666
0229999

6877779
6888709
6668333
1123355
1124445
1124455
0229999

5577779
5444709
5544333
1123386
1128886
1128666
0229999

7777339
2733309
2222444
6668844
6558111
6588111
0559999

3377779
2333709
2222444
6668844
6558111
6588111
0559999

6668559
6888509
6844557
1144477
1122227
1133327
0339999

6664449
6884409
6387777
3388575
3112555
3112222
0119999

