6664449
6884409
6087777
5588711
5222211
5533211
3339999

6664449
2264409
2063337
2833557
2888577
1118557
1119999

6664449
2264409
2068557
2888577
2833557
1113337
1119999

2111889
2111809
2068833
2263334
5566644
5777744
5579999

8666559
8886509
2086557
2111477
2111447
2233447
3339999

2277779
2557809
2053888
2553348
6111344
6111344
6669999

1116669
1116809
5056888
5553338
2222733
2447777
4449999

2877779
2888709
2068344
2263344
6663545
1113555
1119999

2877779
2888709
2068333
2263355
6664445
1114455
1119999

7444559
7744509
7038552
7338882
6311182
6311122
6669999

4446669
7446809
7036888
7731118
7331112
5352222
5559999

4446669
4476809
3076888
3771118
3371112
5352222
5559999

8666229
8886209
3086211
3444211
3344711
5357777
5559999

4422229
4423309
4086333
8886555
8666575
1117777
1119999

2877779
2888709
2058511
2255511
6443311
6444333
6669999

2877779
2888709
2058511
2255511
6663311
6444333
6449999

4477779
4447809
2088811
2585611
2555611
2233666
3339999

2222889
5552809
5058811
6663311
6333711
6447777
4449999

2222889
6662809
4068855
4463335
4433755
1117777
1119999

2222889
5552809
5058833
4443336
4477776
1117666
1119999

4443339
4433709
8077772
8882222
6585111
6555111
6669999

4477779
4457509
4055522
6663112
6883112
6833112
8839999

4477779
4457509
4055522
6668112
6888112
6833112
3339999

7777889
3755809
3058822
3355112
6344112
6444112
6669999

3377779
6333709
6055442
6665442
1155842
1188822
1189999

7777339
6733309
6055442
6665442
1155842
1188822
1189999

4477779
4457509
4055522
1186662
1188862
1133862
3339999

4477779
4457509
4055522
3336662
1133862
1188862
1189999

7777339
6733309
6055444
6665844
1155888
1122228
1129999

3377779
6333709
6055444
6665844
1155888
1122228
1129999

4477779
4411709
4011666
5511886
5222286
5533288
3339999

4422229
4423309
4011333
8811555
6811575
6887777
6669999

