1116669
1116809
2556888
2577778
2557440
2233444
3339999

2277779
2111709
2111666
2388655
3348650
3448855
3449999

2277779
2111709
2111666
2388655
4338650
4438855
4439999

2222559
2111509
3111558
3344888
6344870
6347777
6669999

6111559
6111509
6664558
2344888
2344870
2337777
2239999

2277779
2557809
2533888
2553338
6111440
6111444
6669999

2553339
2533809
2557888
2277778
6111440
6111444
6669999

1116669
1116809
4446888
4422228
5523330
5777733
5579999

1114449
1114409
3337777
2233755
2666850
2688855
2689999

1114449
1114409
7777666
2278655
2888650
2833355
2339999

1114449
1114409
7777333
2273355
2666850
2688855
2689999

7777339
8733309
8882666
4482655
4442650
1112255
1119999

3377779
8333709
8882666
4482655
4442650
1112255
1119999

4477779
4455709
3452222
3355882
6311180
6311188
6669999

2222339
2733309
7777666
4488655
4448650
1118855
1119999

1177779
1162709
1162222
3366655
4333850
4488855
4489999

1177779
1162709
1162222
6663355
4333850
4488855
4489999

1174449
1174409
1177666
2278655
2888650
2833355
2339999

1177779
1144709
1144666
2248655
2888650
2833355
2339999

1177779
1144709
1144333
2243355
2666850
2688855
2689999

1174449
1174409
1177333
2273355
2666850
2688855
2689999

2222559
1132509
1133558
1143888
6443870
6447777
6669999

3555889
3565809
3368844
2366644
2222740
1117777
1119999

7777339
2733309
2222666
4488655
4448650
1118855
1119999

1126669
1126809
1126888
4422338
4433370
5457777
5559999

3377779
2333709
2222666
4488655
4448650
1118855
1119999

3377779
8333709
8882222
1182455
1164450
1164455
6669999

7777339
8733309
8882222
1182455
1164450
1164455
6669999

2222559
6662509
1163558
1163888
1133870
4437777
4449999

1177779
1122709
1182666
8882655
8332650
4433355
4449999

2222559
2333509
3344558
1144888
1164870
1167777
6669999

2555889
2575809
2778844
2273644
1173640
1133666
1139999

2666339
2633309
2647777
2244755
1144850
1188855
1189999

2666559
2446509
2446558
2243888
1133870
1137777
1139999

2666559
2644509
2644558
2243888
1133870
1137777
1139999

5577779
5883709
5583344
1188344
1162340
1162222
6669999

5577779
5333709
5583344
1188844
1162840
1162222
6669999

4443339
4433809
2222888
2115558
6115750
6117777
6669999

4666559
4436509
4436558
2233888
2113870
2117777
2119999

2222559
4432509
4433558
4113888
6113870
6117777
6669999

2222559
6662509
6311558
6311888
3311870
3447777
4449999

2222889
5572809
5778844
5573644
1173640
1133666
1139999

2222559
6442509
6444558
6663888
1133870
1137777
1139999

2222559
6662509
6444558
6443888
1133870
1137777
1139999

