1116669
1116809
4446888
2443338
2222733
5057777
5559999

4477779
4442709
2222388
1113386
1113886
5053666
5559999

4477779
4442709
2222333
1113386
1118886
5058666
5559999

6877779
6888709
6668322
1113342
1113442
5053442
5559999

6877779
6888709
6668322
1114332
1114432
5054432
5559999

2222339
2733309
7777444
1116844
1116888
5056668
5559999

2222339
2733309
7777666
1114886
1114486
5054488
5559999

6663339
6833209
6888244
1118244
1112274
5057777
5559999

2222889
1112809
1118833
4443336
4477776
5057666
5559999

6877779
6888709
6668333
1113344
1112444
5052222
5559999

6663339
6833709
6888774
1118744
1112744
5052222
5559999

6877779
6888709
6668444
1113344
1112333
5052222
5559999

7777339
2733309
2222444
1116844
1116888
5056668
5559999

7777339
2733309
2222666
1114886
1114486
5054488
5559999

3377779
2333709
2222666
1114886
1114486
5054488
5559999

3377779
2333709
2222444
1116844
1116888
5056668
5559999

2277779
2111709
2111388
2443386
4443886
5053666
5559999

2277779
2111709
2111333
2443386
4448886
5058666
5559999

2277779
2111709
2111666
2333886
3344486
5054488
5559999

3377779
2333709
2111666
2111886
2244486
5054488
5559999

7777339
2733309
2111666
2111886
2244486
5054488
5559999

1116669
1116709
5556744
5357744
3388742
3082222
3889999

2666339
2633309
2647777
2244711
5544811
5088811
5589999

6111559
6111509
6667558
2377888
2337844
2037444
2239999

2877779
2888709
2558333
2253311
6554411
6044411
6669999

8666559
8886509
2286557
2111477
2111447
2033447
3339999

2111559
2111509
2666557
2286477
8886447
8033447
3339999

2111889
2111809
2338844
2233344
5566674
5067777
5569999

5554449
5754409
7777666
2388611
2338611
2038811
2239999

5577779
5444709
5544666
2388611
2338611
2038811
2239999

7777339
8733309
8882666
4482611
4442611
5052211
5559999

3377779
8333709
8882666
4482611
4442611
5052211
5559999

1116669
1116309
4446332
7445532
7788532
7085522
7889999

3377779
4333709
4411188
4411186
2222886
5052666
5559999

7777339
4733309
4411188
4411186
2222886
5052666
5559999

2222339
2733309
7777666
4488611
4448611
5058811
5559999

1114449
1114409
3337777
2233786
2558886
2058666
2559999

1114449
1114409
7777333
2273386
2558886
2058666
2559999

1114449
1114409
7777388
2273386
2553886
2053666
2559999

8844559
3844509
3884557
3311177
6311127
6022227
6669999

8877779
3855709
3885442
3355442
6311142
6011122
6669999

7554449
7754409
7558322
7888332
6811132
6011132
6669999

7777339
8733309
8881116
4481116
4442666
5052222
5559999

3377779
8333709
8881116
4481116
4442666
5052222
5559999

7777339
2733309
2222666
4488611
4448611
5058811
5559999

3377779
2333709
2222666
4488611
4448611
5058811
5559999

7777889
4722809
4428811
4423611
5523611
5033666
5539999

8666229
8886209
4486211
4443211
5533711
5037777
5539999

8844229
6844209
6884211
6663211
5533711
5037777
5539999

6877779
6888709
6668111
2222111
2333444
5053344
5559999

3884449
3384409
6388722
6377772
6661112
5051112
5559999

2222889
2333809
3378811
7777611
5544611
5044666
5549999

3377779
8333709
8886111
4486111
4446662
5052222
5559999

5544889
5444809
5578811
7777611
2222611
2033666
3339999

7777889
4755809
4458811
4455611
2222611
2033666
3339999

7777339
8733309
8886111
4486111
4446662
5052222
5559999

4477779
4448709
6888111
6833111
6663332
5052222
5559999

6877779
6888709
6668111
4433111
4443332
5052222
5559999

6668559
6888509
6844557
2344477
2331117
2031117
2239999

2666339
2633309
2688111
2278111
5578844
5077444
5579999

7777889
3755809
3358811
2355611
2344611
2044666
2249999

7777339
8733309
8882222
4482666
4441116
5051116
5559999

3377779
8333709
8882222
4482666
4441116
5051116
5559999

4477779
4447209
8222211
8883611
5583611
5033666
5539999

4446669
4486309
8886311
8223311
5523711
5027777
5529999

8822229
6824409
6884411
6663411
5533711
5037777
5539999

1177779
1162709
1162222
6663884
5533844
5038844
5539999

1177779
1162709
1162222
6663334
5533844
5088844
5589999

2222889
4472809
4478811
4773611
5573611
5033666
5539999

2222889
6662809
4468811
4463311
4333711
5057777
5559999

2553339
2533809
2557888
2277778
6444111
6044111
6669999

7777339
8733309
8882211
4482611
4442611
5052666
5559999

3377779
8333709
8882211
4482611
4442611
5052666
5559999

1177779
1144709
1144333
2243386
2558886
2058666
2559999

1174449
1174409
1177333
2273386
2558886
2058666
2559999

4446669
8446309
8886311
2283311
2553711
2057777
2559999

1177779
1144709
1144388
2243386
2553886
2053666
2559999

1174449
1174409
1177388
2273386
2553886
2053666
2559999

4477779
4447809
2288811
2585611
2555611
2033666
3339999

2277779
2333709
2883311
2844611
8844611
5054666
5559999

5577779
5883709
5583311
4488311
4462311
4062222
6669999

5577779
5333709
5583311
4488811
4462811
4062222
6669999

6662559
1162509
1162557
1182277
8884447
8033447
3339999

8877779
6833709
6883332
6662222
5544111
5044111
5549999

7555889
7535809
7738822
7334112
6344112
6044112
6669999

4447229
4477209
1137288
1137286
1133886
5053666
5559999

4443229
4433209
1137288
1137286
1177886
5057666
5559999

8877779
3855709
3885112
3355112
6344112
6044422
6669999

4446669
4426809
1126888
1123338
1122733
5057777
5559999

1144559
1144509
1184557
3388877
6333827
6022227
6669999

7777339
8733309
8882222
4486662
4446111
5056111
5559999

1177779
1157509
1155522
4486662
4488862
4033862
3339999

1144889
1144809
1148822
6667552
6777752
6033552
3339999

3377779
8333709
8882222
4486662
4446111
5056111
5559999

1177779
1144709
1144422
3336662
5533862
5088862
5589999

1122229
1123309
1186333
8886444
8666744
5057777
5559999

4443339
4433809
7777888
2276668
2556111
2056111
2559999

2114449
2114409
2118666
2278886
5573386
5077333
5579999

2277779
2557809
2533888
2553338
6444111
6044111
6669999

1177779
1157509
1155582
4448882
6448332
6033322
6669999

2114449
2114409
2113666
2273886
5573386
5077388
5579999

1177779
1157509
1155532
4448832
6448332
6088322
6669999

2114449
2114409
2117777
2285756
8885556
8033666
3339999

2114449
2114409
2116667
2286557
8886577
8033557
3339999

2114449
2114409
2117777
2233786
3338886
5058666
5559999

1177779
1167809
1163888
6663348
2222344
5052344
5559999

2277779
2333709
2113344
2118844
6118545
6088555
6669999

2222559
2666509
7611558
7611888
7711844
7033444
3339999

8822229
3824409
3884447
3311557
6311577
6011557
6669999

5576669
5776809
5576888
2371148
2331144
2031144
2239999

3377779
8333709
8881122
4481162
4441162
5056662
5559999

7777339
8733309
8881122
4481162
4441162
5056662
5559999

7777339
8733309
8886662
4481162
4441162
5051122
5559999

3377779
8333709
8886662
4481162
4441162
5051122
5559999

7556669
7756809
7556888
7321148
3321144
3021144
3229999

