2222559
2666509
1116558
1116888
7777844
0733444
3339999

6663339
6833709
6888722
1118772
1115752
0445552
4449999

6663339
6833709
6888755
1118775
1112755
0442222
4449999

2222559
6662509
6111558
6111888
7777844
0733444
3339999

2666339
2633309
2647777
2244711
5544811
0588811
5589999

2111889
2111809
2338844
2233344
5566674
0567777
5569999

6111559
6111509
6662558
2222888
7777844
0733444
3339999

1116669
1116809
4446888
4422228
7777525
0733555
3339999

1116559
1116509
2666558
2222888
7777844
0733444
3339999

3555889
3565809
3368811
2366611
2222711
0447777
4449999

7777889
4722809
4428811
4423611
5523611
0533666
5539999

4455229
4445209
3855211
3888211
3368711
0367777
6669999

8666229
8886209
4486211
4443211
5533711
0537777
5539999

8844229
6844209
6884211
6663211
5533711
0537777
5539999

5577779
5666709
5586111
8886111
8222244
0233444
3339999

2222889
2333809
3378811
7777611
5544611
0544666
5549999

2222889
2455809
4458811
4455611
7777611
0733666
3339999

2666339
2633309
2688111
2278111
5578844
0577444
5579999

4477779
4447209
8222211
8883611
5583611
0533666
5539999

2222559
2488509
3448557
3448877
3361117
0361117
6669999

4446669
4486309
8886311
8223311
5523711
0527777
5529999

8822229
6824409
6884411
6663411
5533711
0537777
5539999

1177779
1162709
1162222
6663884
5533844
0538844
5539999

1177779
1162709
1162222
6663334
5533844
0588844
5589999

2222889
4472809
4478811
4773611
5573611
0533666
5539999

2666889
2655809
2658844
2255444
7777111
0733111
3339999

5577779
5883709
5583311
4488311
4462311
0462222
6669999

5577779
5333709
5583311
4488811
4462811
0462222
6669999

8877779
6833709
6883332
6662222
5544111
0544111
5549999

8666559
8886509
4486552
4442222
7777111
0733111
3339999

8844559
6844509
6884552
6662222
7777111
0733111
3339999

1122559
1162509
1162558
6662888
7777844
0733444
3339999

6662559
1162509
1162558
1122888
7777844
0733444
3339999

2222889
1162809
1168844
1166644
7777545
0733555
3339999

4422229
4426809
5456888
5556668
7777111
0733111
3339999

8822229
6825509
6885444
6665544
7777111
0733111
3339999

5577779
5666709
5586112
8886112
8333112
0443322
4449999

1177779
1157509
1155522
4486662
4488862
0433862
3339999

1177779
1144709
1144422
3336662
5533862
0588862
5589999

2222889
6662809
1168855
1163335
1133755
0447777
4449999

1122229
1123309
1186333
8886555
8666575
0447777
4449999

2114449
2114409
2118666
2278886
5573386
0577333
5579999

2114449
2114409
2113666
2273886
5573386
0577388
5579999

5556669
5456809
4426888
4422228
7777111
0733111
3339999

2211559
2611509
2611558
2666888
7777844
0733444
3339999

2666559
2611509
2611558
2211888
7777844
0733444
3339999

2222559
6662509
6711558
6711888
7711844
0733444
3339999

8822229
6821109
6881144
6661144
7777545
0733555
3339999

4422229
4421109
5451188
5551186
7777886
0733666
3339999

