6111889
6111809
6668822
3334442
5533442
5777702
5579999

2222559
2111509
3111557
3344887
6344877
6348807
6669999

6111559
6111509
6664557
2344887
2344877
2338807
2239999

3377779
8333709
8882222
4486662
4446555
1116505
1119999

7556669
7756309
7556322
7111332
4111832
4488802
4489999

7777339
8733309
8882222
4486662
4446555
1116505
1119999

2877779
2888709
2338444
2233344
6111555
6111505
6669999

2377779
2388709
2338444
2238844
6111555
6111505
6669999

2222889
2333809
3378844
7777444
6111555
6111505
6669999

2222889
2455809
4458837
4455337
6111377
6111307
6669999

5577779
5666709
5586422
8886442
8333442
1113302
1119999

3377779
2333709
2222111
8666111
8886555
4486505
4449999

3377779
2333709
2222111
8844111
6844555
6884505
6669999

7777339
2733309
2222111
8666111
8886555
4486505
4449999

7777339
2733309
2222111
8844111
6844555
6884505
6669999

5577779
5666709
5586111
8886111
8332222
4433302
4449999

4477779
4488709
2486111
2886111
2666555
2233505
3339999

6877779
6888709
6668111
2443111
2443555
2433505
2239999

6877779
6888709
6668111
2344111
2344555
2334505
2239999

7777339
2733309
2666111
2886111
2286555
4488505
4449999

3377779
2333709
2666111
2886111
2286555
4488505
4449999

4477779
4442709
2222111
6663111
6883555
6833505
8839999

4477779
4442709
2222111
6668111
6888555
6833505
3339999

8877779
6822709
6882111
6662111
3332555
4433505
4449999

8877779
6822709
6882111
6662111
4442555
4433505
3339999

2222339
2733309
7777111
8666111
8886555
4486505
4449999

2222339
2733309
7777111
8844111
6844555
6884505
6669999

4477779
4442709
6662111
6882111
6822555
8833505
3339999

6877779
6888709
6668111
2222111
3332555
4433505
4449999

6877779
6888709
6668111
2222111
4442555
4433505
3339999

7777339
8733309
8886111
2286111
2666555
2444505
2449999

3377779
8333709
8886111
2286111
2666555
2444505
2449999

2277779
2666709
2688111
2683111
4883555
4433505
4439999

2277779
2666709
2886111
2486111
4488555
4433505
3339999

2277779
2666709
2886111
2386111
3388555
3444505
3449999

5554449
5354409
3322227
3866627
3888677
1118607
1119999

1122559
1126509
1126557
3326667
4333877
4488807
4489999

1126669
1126809
1126888
7223338
7733555
7444505
7449999

2222559
1132509
1133557
1143887
6443877
6448807
6669999

7777339
8733309
8882244
1182444
1162555
1162505
6669999

3377779
8333709
8882244
1182444
1162555
1162505
6669999

1177779
1157509
1155522
6663442
6883442
6833402
8839999

1177779
1157509
1155522
6668442
6888442
6833402
3339999

2222559
6662509
1163557
1163887
1133877
4438807
4449999

2222559
2446509
4446557
3336667
1133877
1188807
1189999

8877779
6833709
6883332
6662222
1144555
1144505
1149999

4422229
4423309
4333557
1188577
1168557
1168807
6669999

2116669
2116809
2116888
2277778
3337555
4433505
4449999

2222559
2446509
4446557
1186667
1188877
1133807
3339999

2222559
2333509
3344557
1144887
1164877
1168807
6669999

2116669
2116809
2116888
2277778
4447555
4433505
3339999

2666889
2655809
2658837
2255337
1144377
1144307
1149999

2666559
2644509
2644557
2243337
1133877
1188807
1189999

2666559
2446509
2446557
2243337
1133877
1188807
1189999

2666339
2633309
2655447
2254447
1155877
1188807
1189999

2666559
2446509
2446557
2243887
1133877
1138807
1139999

2666559
2644509
2644557
2243887
1133877
1138807
1139999

7556669
7756309
7556322
7444332
1144832
1188802
1189999

7777339
4733309
4466622
4465552
1165852
1188802
1189999

3377779
4333709
4466622
4465552
1165852
1188802
1189999

4666559
4436509
4436557
2233887
2113877
2118807
2119999

2222559
4432509
4433557
4113887
6113877
6118807
6669999

4443339
4433809
7777888
2276668
2116555
2116505
2119999

2222559
6662509
6311557
6311887
3311877
3448807
4449999

2666339
2633309
2611444
2211844
5511888
5777708
5579999

2222559
6662509
6444557
6443337
1133877
1188807
1189999

2222559
6442509
6444557
6663337
1133877
1188807
1189999

2222559
6442509
6444557
6663887
1133877
1138807
1139999

2222559
6662509
6444557
6443887
1133877
1138807
1139999

2277779
2666709
2655333
2653344
1155844
1188804
1189999

5554449
5354409
3322227
3881127
3861177
8861107
6669999

