6663339
6833709
6888722
1118772
1115752
4405552
4449999

6663339
6833709
6888755
1118775
1112755
4402222
4449999

1112559
1112509
3882554
3382244
6388744
6307777
6669999

1112559
1112509
3882557
3382277
6388447
6304447
6669999

7111559
7111509
7738552
7338882
6344482
6304422
6669999

1114449
1114409
3882222
3382555
6388575
6307777
6669999

1114449
1114409
3337777
2233786
2558886
2508666
2559999

1114449
1114409
7777333
2273386
2558886
2508666
2559999

1114449
1114409
7777388
2273386
2553886
2503666
2559999

4477779
4442709
3882222
3385511
6388511
6305511
6669999

3555889
3565809
3368811
2366611
2222711
4407777
4449999

5544229
5444209
5533211
3338211
6888711
6807777
6669999

5553229
5453209
4433211
4438211
6888711
6807777
6669999

2222339
2433309
4455511
4458511
6888711
6807777
6669999

2222559
2488509
4438557
4438877
6331117
6301117
6669999

2377779
2388709
2338444
2238844
6555111
6505111
6669999

1177779
1144709
1144333
2243386
2558886
2508666
2559999

1174449
1174409
1177333
2273386
2558886
2508666
2559999

2877779
2888709
2338444
2233344
6555111
6505111
6669999

4446669
8446309
8886311
2283311
2553711
2507777
2559999

1177779
1144709
1144388
2243386
2553886
2503666
2559999

1174449
1174409
1177388
2273386
2553886
2503666
2559999

2234449
2334409
2355511
2358511
6888711
6807777
6669999

5577779
5666709
5586112
8886112
8333112
4403322
4449999

2222889
2333809
3378844
7777444
6555111
6505111
6669999

2222889
6662809
1168855
1163335
1133755
4407777
4449999

1122229
1123309
1186333
8886555
8666575
4407777
4449999

4443339
4433809
7777888
2276668
2556111
2506111
2559999

2277779
2117809
2113888
2113348
6555344
6505344
6669999

4422229
4428809
3411855
3311885
6311755
6307777
6669999

