1114449
1114409
2222666
5572886
5777786
5533088
3339999

1114449
1114409
2555666
2575886
2777786
2233088
3339999

1116669
1116809
2556888
2577778
2557444
2233044
3339999

2877779
2888709
2558666
2253611
4553611
4433011
4439999

2277779
2557809
2533888
2553338
6111444
6111044
6669999

6111559
6111509
6668552
7338882
7733382
7444022
7449999

7111559
7111509
7738552
7338882
6344482
6344022
6669999

7111559
7111509
7768552
7468882
4466682
4433022
3339999

7111559
7111509
7748552
7448882
6443382
6333022
6669999

3111559
3111509
3368552
7368882
7766682
7444022
7449999

7111559
7111509
7768552
7368882
3366682
3444022
3449999

1114449
1114409
6662222
6882755
6877775
8833055
3339999

2553339
2533809
2557888
2277778
6111444
6111044
6669999

4446559
7446509
7666552
7733382
7338882
1118022
1119999

6668559
6888509
6833552
4443332
4477772
1117022
1119999

1116559
1116509
7666552
7733382
7338882
7448022
4449999

3377779
8333709
8882222
4482666
4445556
1115056
1119999

7777339
8733309
8882222
4482666
4445556
1115056
1119999

1114449
1114409
6665552
6885752
6877772
8833022
3339999

3884449
3384409
6388722
6377772
6665552
1115052
1119999

5556669
5756809
2776888
2711148
2711144
2233044
3339999

6664449
8864409
3861112
3881112
3377772
5357022
5559999

4477779
4442709
6662222
6833355
6888335
1118055
1119999

5577779
5444709
5544112
6663112
6883112
6833022
8839999

5554449
5754409
7777112
6663112
6883112
6833022
8839999

6877779
6888709
6668112
5553112
5453112
4433022
4439999

8877779
3855709
3885112
3355112
6344112
6444022
6669999

6664449
8864409
3867112
3887112
3377112
5357022
5559999

5577779
5444709
5544112
6668112
6888112
6833022
3339999

6877779
6888709
6668112
5544112
5444112
5533022
3339999

5554449
5754409
7777112
6668112
6888112
6833022
3339999

1177779
1157509
1155522
6663442
6883442
6833042
8839999

1144889
1144809
1148822
5576662
5777762
5533062
3339999

1177779
1157509
1155522
6668442
6888442
6833042
3339999

7777339
8733309
8884422
1184442
1165552
1165052
6669999

1122229
1123309
1144333
8844455
6877775
6887055
6669999

3377779
8333709
8884422
1184442
1165552
1165052
6669999

1177779
1157509
1155542
6668442
6888442
6833022
3339999

5577779
5444709
5544862
1188862
1186662
1133022
3339999

1177779
1157509
1155542
6663442
6883442
6833022
8839999

6877779
6888709
6668552
1144452
1144552
1133022
3339999

5554449
5754409
7777862
1188862
1186662
1133022
3339999

5577779
5444709
5544332
1133382
1168882
1168022
6669999

5554449
5754409
7777332
1133382
1168882
1168022
6669999

2666339
2633309
2688555
2278545
1178844
1177044
1179999

6668559
6888509
6844557
1144477
1122227
1133027
3339999

7444559
7744509
7118552
7118882
6113382
6333022
6669999

7444559
7744509
7333552
7113382
6118882
6118022
6669999

