1116559
1116509
2666557
2448877
2444807
2233887
3339999

2277779
2111709
2111666
2388655
3348605
3448855
3449999

2277779
2111709
2111666
2388655
4338605
4438855
4439999

6111889
6111809
6668822
4477772
4433702
5453332
5559999

7111889
7111809
7738822
7433552
4463502
4463552
6669999

7111889
7111809
7738822
7433552
6443502
6443552
6669999

7111889
7111809
7738822
7334552
6344502
6344552
6669999

6111889
6111809
6668844
7333444
7553302
7752222
7559999

2222559
2111509
3111557
3348877
6344807
6344887
6669999

3377779
8333709
8882222
4486662
4446505
1116555
1119999

7777339
8733309
8882222
4486662
4446505
1116555
1119999

5544889
5444809
5578832
7777332
6111302
6111322
6669999

7777889
4755809
4458832
4455332
6111302
6111322
6669999

6111559
6111509
6667552
3377772
4333802
4488822
4489999

8666559
8886509
4486552
4477772
4333702
1113322
1119999

5577779
5666709
5586442
8886442
8333402
1113322
1119999

2877779
2888709
2338444
2233344
6111505
6111555
6669999

2443559
2443509
2433557
2238877
6111807
6111887
6669999

2377779
2388709
2338444
2238844
6111505
6111555
6669999

2344559
2344509
2334557
2238877
6111807
6111887
6669999

2222889
2333809
3378844
7777444
6111505
6111555
6669999

2222559
4442509
4433557
3338877
6111807
6111887
6669999

2222559
3332509
4433557
4448877
6111807
6111887
6669999

1114449
1114409
3777782
3378882
6358502
6355522
6669999

1114449
1114409
8777732
8887332
6585302
6555322
6669999

1114449
1114409
3337777
2233755
2666805
2688855
2689999

1114449
1114409
7777666
2278655
2888605
2833355
2339999

1114449
1114409
7777333
2273355
2666805
2688855
2689999

7777339
8733309
8882666
4482655
4442605
1112255
1119999

3377779
8333709
8882666
4482655
4442605
1112255
1119999

3377779
2333709
2222111
8666111
8886505
4486555
4449999

3377779
2333709
2222111
8844111
6844505
6884555
6669999

7777339
2733309
2222111
8666111
8886505
4486555
4449999

7777339
2733309
2222111
8844111
6844505
6884555
6669999

7554449
7754409
7558111
7888111
6833302
6332222
6669999

8877779
3855709
3885111
3355111
4366602
4462222
4469999

4477779
4488709
2486111
2886111
2666505
2233555
3339999

6877779
6888709
6668111
2443111
2443505
2433555
2239999

6877779
6888709
6668111
2344111
2344505
2334555
2239999

7777339
2733309
2666111
2886111
2286505
4488555
4449999

3377779
2333709
2666111
2886111
2286505
4488555
4449999

4477779
4442709
2222111
6663111
6883505
6833555
8839999

4477779
4442709
2222111
6668111
6888505
6833555
3339999

8877779
6822709
6882111
6662111
3332505
4433555
4449999

8877779
6822709
6882111
6662111
4442505
4433555
3339999

2222339
2733309
7777111
8666111
8886505
4486555
4449999

2222339
2733309
7777111
8844111
6844505
6884555
6669999

4477779
4442709
6662111
6882111
6822505
8833555
3339999

2222339
2733309
7777666
4488655
4448605
1118855
1119999

6877779
6888709
6668111
2222111
3332505
4433555
4449999

6877779
6888709
6668111
2222111
4442505
4433555
3339999

7777339
8733309
8886111
2286111
2666505
2444555
2449999

3377779
8333709
8886111
2286111
2666505
2444555
2449999

2277779
2666709
2688111
2683111
4883505
4433555
4439999

2277779
2666709
2886111
2486111
4488505
4433555
3339999

2277779
2666709
2886111
2386111
3388505
3444555
3449999

1177779
1162709
1162222
3366655
4333805
4488855
4489999

1177779
1162709
1162222
6663355
4333805
4488855
4489999

1174449
1174409
1177666
2278655
2888605
2833355
2339999

1177779
1144709
1144666
2248655
2888605
2833355
2339999

1177779
1144709
1144333
2243355
2666805
2688855
2689999

1174449
1174409
1177333
2273355
2666805
2688855
2689999

6664449
1164409
1163332
1133882
7777802
5758822
5559999

1126669
1126809
1126888
7223338
7733505
7444555
7449999

6664449
1164409
1163338
1133888
7777802
5752222
5559999

3555889
3565809
3368844
2366644
2222704
1117777
1119999

7777339
2733309
2222666
4488655
4448605
1118855
1119999

3377779
2333709
2222666
4488655
4448605
1118855
1119999

7777339
8733309
8882244
1182444
1162505
1162555
6669999

3377779
8333709
8882244
1182444
1162505
1162555
6669999

3377779
8333709
8882222
1182455
1164405
1164455
6669999

7777339
8733309
8882222
1182455
1164405
1164455
6669999

7777559
4476509
4446552
3336662
1133802
1188822
1189999

1177779
1144709
1144422
6663552
6883502
6833552
8839999

7666559
7746509
7446552
7443332
1133802
1188822
1189999

7777559
6744509
6444552
6663332
1133802
1188822
1189999

1177779
1144709
1144422
6668552
6888502
6833552
3339999

4666559
4426509
4426557
1128877
1122807
1133887
3339999

7777559
6744509
6444552
6663882
1133802
1138822
1139999

7666559
7746509
7446552
7443882
1133802
1138822
1139999

7777339
8733309
8885544
1185444
1165502
1162222
6669999

1177779
1122709
1182666
8882655
8332605
4433355
4449999

3377779
8333709
8885544
1185444
1165502
1162222
6669999

8877779
6833709
6883332
6662222
1144505
1144555
1149999

7666559
7746509
7446558
7443888
1133802
1132222
1139999

7777559
6744509
6444558
6663888
1133802
1132222
1139999

2116669
2116809
2116888
2277778
3337505
4433555
4449999

7777559
4476509
4446552
1186662
1188802
1133822
3339999

2116669
2116809
2116888
2277778
4447505
4433555
3339999

1144889
1144809
1148832
7777332
6575302
6555322
6669999

1144889
1144809
1148832
7666332
7556302
7756322
7559999

1177779
1157509
1155532
8844332
6844302
6884322
6669999

1177779
1157509
1155532
8666332
8886302
4486322
4449999

7777339
8733309
8885552
1185452
1164402
1164422
6669999

2555889
2575809
2778844
2273644
1173604
1133666
1139999

3377779
8333709
8885552
1185452
1164402
1164422
6669999

2666339
2633309
2647777
2244755
1144805
1188855
1189999

5577779
5883709
5583344
1188344
1162304
1162222
6669999

5577779
5333709
5583344
1188844
1162804
1162222
6669999

6668559
6888509
6833557
3334477
1144407
1122227
1129999

4443339
4433809
7777888
2276668
2116505
2116555
2119999

6663559
6883509
6833557
8834477
1144407
1122227
1129999

2222889
5572809
5778844
5573644
1173604
1133666
1139999

