2277779
2111709
2111666
2333886
3355586
4450588
4449999

6111889
6111809
6668822
7333552
7743352
7440552
7449999

3377779
2333709
2111666
2111886
2255586
4450588
4449999

7777339
2733309
2111666
2111886
2255586
4450588
4449999

4443229
7443209
7733288
7535286
7555886
1110666
1119999

3444229
3447209
3377288
5357286
5557886
1110666
1119999

7555229
7535209
7733288
7443286
4443886
1110666
1119999

5557229
5357209
3377288
3447286
3444886
1110666
1119999

2553339
2533709
2557777
2266611
4488611
4480611
4889999

5556669
5356809
3376888
3777748
3222244
1110244
1119999

6111889
6111809
6668827
4422227
4433377
5450337
5559999

6668559
6888509
6833552
4443332
4477772
1110722
1119999

3111229
3111209
3344288
7344286
7554886
7750666
7559999

7111889
7111809
7728855
7422225
4463355
4460333
6669999

7111889
7111809
7728855
7422225
6443355
6440333
6669999

2234449
2334409
2311188
2311186
7777886
5750666
5559999

2222339
2433309
4411188
4411186
7777886
5750666
5559999

1112559
1112509
6662557
6322477
6388447
3380447
3889999

6664449
6884409
6811132
8811132
7777332
5750322
5559999

2553339
2533409
2554488
2274486
7777886
1110666
1119999

6664449
8864409
3861112
3881112
3377772
5350722
5559999

6668559
6888509
6833557
3332477
2222447
1110447
1119999

7777339
4733309
4455588
4452586
2222886
1110666
1119999

6663559
6883509
6833557
8832477
2222447
1110447
1119999

2553339
2533709
2557777
2281116
8881116
8440666
4449999

3377779
4333709
4455588
4452586
2222886
1110666
1119999

7777229
5756209
5556211
8666211
8883311
4480333
4449999

6667229
6557209
6577211
8557211
8883311
4480333
4449999

4488229
4486209
4886211
7666211
7553311
7750333
7559999

6668229
6888209
6844211
7444211
7553311
7750333
7559999

5577779
5227409
5524411
8824411
6823311
6880333
6669999

5577779
5224709
5524411
8824411
6823311
6880333
6669999

2666339
2633309
2688111
2278111
5578844
5770444
5579999

4422229
4425509
4333588
3375586
7777886
1110666
1119999

5574449
5774409
5578811
2378611
2388611
2330666
2239999

2222559
2333509
3386557
8886477
8666447
1110447
1119999

2222559
2388509
3386557
3886477
3666447
1110447
1119999

4422229
4428609
4888611
7866611
7553311
7750333
7559999

5577779
5227309
5523344
8823444
6823111
6880111
6669999

2222889
4462809
4468811
7466611
7553311
7750333
7559999

2222889
4432809
4438811
7433611
7553611
7750666
7559999

2222889
7552809
7758811
7553611
7433611
4430666
4439999

2553339
2533809
2557888
2277778
6444111
6440111
6669999

1124449
1124409
1128666
7228886
7553386
7750333
7559999

2222889
6662809
6338844
6733344
7777545
1110555
1119999

1124449
1124409
1123666
7223886
7553386
7750388
7559999

2222559
3332509
6833557
6888477
6668447
1110447
1119999

2222559
8832509
6833557
6883477
6663447
1110447
1119999

6663559
6883509
6833552
8832222
7777111
4470111
4449999

6668559
6888509
6833552
3332222
7777111
4470111
4449999

4666559
4436509
4436552
7332222
7388111
7780111
7889999

1122559
1132509
1132554
7332644
7388644
7780666
7889999

7555889
7535809
7738822
7433112
4463112
4460112
6669999

7555889
7535809
7738822
7433112
6443112
6440112
6669999

5577779
5333709
5543322
8844112
6844112
6880112
6669999

6664449
6334409
6833322
7888112
7558112
7750112
7559999

3666559
3886509
3386557
2388477
2222447
1110447
1119999

8666559
8886509
3386557
2333477
2222447
1110447
1119999

4477779
4447809
2222888
2553338
6533111
6550111
6669999

1177779
1157509
1155588
2344486
2344886
2330666
2239999

1144889
1144809
1148822
7777552
6733352
6330552
6669999

5574449
5774409
5572222
8873332
6833111
6880111
6669999

1177779
1144709
1144455
8822225
6823355
6880333
6669999

1122229
1123309
1155333
8857777
6855744
6880444
6669999

1122229
1123309
1144333
8844455
6877775
6880755
6669999

1122229
1125509
1133588
3335586
7777886
4470666
4449999

5576669
5776809
5576888
2273338
2433111
2440111
2449999

2114449
2114409
2118666
2278886
5573386
5770333
5579999

2277779
2557809
2533888
2553338
6444111
6440111
6669999

2114449
2114409
2113666
2273886
5573386
5770388
5579999

1177779
1157509
1155532
8844432
6844332
6880322
6669999

2277779
2447809
2444888
2553338
6533111
6550111
6669999

2553339
2533409
2554488
2274486
1177886
1170666
1179999

2553339
2533809
2557888
2277778
1166644
1160444
1169999

1177779
1155709
1152222
8855332
6833344
6880444
6669999

5577779
5882709
5582222
1188444
1163344
1160333
6669999

5577779
5882709
5582222
1188333
1163344
1160444
6669999

7554449
7754409
7558666
7228886
1123386
1120333
1129999

1177779
1122709
1124455
8824445
6823355
6880333
6669999

1177779
1122709
1128666
4428886
4423386
5450333
5559999

1177779
1122709
1123555
8823545
6823344
6880344
6669999

7554449
7754409
7553666
7223886
1123386
1120388
1129999

1177779
1122709
1123666
4423886
4423386
5450388
5559999

1144559
1144509
1124557
8822227
6833377
6880337
6669999

5574449
5774409
5573666
2273886
2113386
2110388
2119999

6664449
6884409
6822227
8823557
1133577
1130557
1139999

5574449
5774409
5578666
2278886
2113386
2110333
2119999

4422229
4425509
4333588
3375586
1177886
1170666
1179999

2222559
2333509
3311557
8811477
6811447
6880447
6669999

8822229
6824409
6884447
6663557
1133577
1130557
1139999

6668559
6888509
6811557
2311477
2311447
2330447
2239999

2277779
2557809
2533888
2553338
1166644
1160444
1169999

