6663339
6833709
6888722
1118772
1115752
4445552
4409999

6663339
6833709
6888755
1118775
1112755
4442222
4409999

8822229
6823309
6884333
6664411
5574411
5777711
5509999

1113559
1113509
8833557
2836477
2886447
2666447
2209999

3111559
3111509
3388557
2386477
2886447
2666447
2209999

8666559
8886509
2286557
2111477
2111447
2333447
3309999

5577779
5444709
5544333
2683311
2688811
2666811
2209999

6877779
6888709
6668333
2553311
2544411
2554411
2209999

5554449
5754409
7777333
2683311
2688811
2666811
2209999

2111559
2111509
2666557
2286477
8886447
8333447
3309999

8666559
8886509
3386557
2333477
2111447
2111447
2209999

3666559
3886509
3386557
2388477
2111447
2111447
2209999

1114449
1114409
2222666
2333886
5573386
5777788
5509999

7556669
7756809
7556888
7311148
3311144
3222244
3209999

6663559
6733509
6738552
7738882
4711182
4411122
4409999

5577779
5333709
5583322
8886662
8411162
4411162
4409999

5577779
5666709
5586322
8886332
8411132
4411132
4409999

7555889
7535809
7738822
7336662
4311162
4411162
4409999

5577779
5882709
5582222
3388611
4333611
4466611
4409999

5556669
5356809
3376888
3771118
3471112
4472222
4409999

3555889
3565809
3368811
2366611
2222711
4447777
4409999

2222889
2333809
3378811
7777611
5544611
5444666
5509999

5544889
5444809
5578811
7777611
2222611
2333666
3309999

7777889
4755809
4458811
4455611
2222611
2333666
3309999

3555889
3565809
3368811
2366611
2444711
2447777
2209999

7777889
3755809
3358811
2355611
2344611
2444666
2209999

5577779
5444709
5544811
2688811
2683311
2666333
2209999

5554449
5754409
7777811
2688811
2683311
2666333
2209999

4443339
4433209
7222211
7755611
7885611
7855666
8809999

4477779
4447809
2288811
2585611
2555611
2333666
3309999

7777339
4733309
4466611
4488611
5582611
5882222
5509999

3377779
4333709
4466611
4488611
5582611
5882222
5509999

6662559
1162509
1162557
1182277
8884447
8333447
3309999

8877779
6833709
6883332
6662222
5544111
5444111
5509999

4477779
4433709
5453332
5552222
6668111
6888111
6809999

6664449
1164409
1167777
1188733
5583332
5882222
5509999

6664559
6344509
6344552
7332222
7738111
7888111
7809999

7554449
7754409
7553322
7333112
6668112
6888112
6809999

2222889
1162809
1168844
1166644
5533374
5337777
5509999

2222889
1162809
1168844
1166644
5573334
5777733
5509999

1177779
1157509
1155533
2683334
2688844
2666844
2209999

1144889
1144809
1148833
2553336
2577776
2557666
2209999

5577779
5666709
5586112
8886112
8333112
4443322
4409999

6668559
6888509
6833557
3334477
1124447
1122227
1109999

6668559
6888509
6833557
3334447
1124477
1122227
1109999

6663559
6883509
6833557
8834477
1124447
1122227
1109999

6663559
6883509
6833557
8834447
1124477
1122227
1109999

1177779
1144709
1144666
3334886
5533286
5222288
5509999

1177779
1157509
1155522
4486662
4488862
4333862
3309999

1144889
1144809
1148822
6667552
6777752
6333552
3309999

4446669
4486309
8886332
8777732
1157532
1155522
1109999

7556669
7756309
7556332
7884432
1184432
1188422
1109999

2222889
6662809
1168855
1163335
1133755
4447777
4409999

1122229
1123309
1186333
8886555
8666575
4447777
4409999

2114449
2114409
2117777
2285756
8885556
8333666
3309999

2114449
2114409
2116667
2286557
8886577
8333557
3309999

2114449
2114409
2113337
2233557
6668577
6888557
6809999

6663559
6883509
6833557
8834477
1144427
1122227
1109999

6668559
6888509
6833557
3334477
1144427
1122227
1109999

7556669
7756309
7556322
7883342
1183442
1188442
1109999

6664449
6114409
6117777
2118755
2888335
2833355
2209999

7554449
7754409
7553322
7333862
1188862
1186662
1109999

5577779
5444709
5544388
2113386
2113886
2113666
2209999

6877779
6888709
6668344
2113344
2113545
2113555
2209999

5554449
5754409
7777388
2113386
2113886
2113666
2209999

6877779
6888709
6668333
2113355
2114445
2114455
2209999

5554449
5754409
7777333
2113386
2118886
2118666
2209999

5577779
5444709
5544333
2113386
2118886
2118666
2209999

6668559
6888509
6833557
2113337
2114477
2114447
2209999

2222559
2666509
7611558
7611888
7711844
7333444
3309999

3377779
4333709
4411666
4411886
5511286
5222288
5509999

7777339
4733309
4411666
4411886
5511286
5222288
5509999

2222559
6662509
6333557
6883377
1184447
1188447
1109999

7777229
3575209
3555288
3311286
4311886
4411666
4409999

8822229
6821109
6881144
6661144
5533374
5337777
5509999

8822229
6821109
6881144
6661144
5573334
5777733
5509999

2236669
2336809
2376888
2375548
1177544
1175544
1109999

