1116669
1116809
4446888
2443338
2222733
5557777
5059999

4477779
4442709
2222388
1113386
1113886
5553666
5059999

4477779
4442709
2222333
1113386
1118886
5558666
5059999

6877779
6888709
6668322
1113342
1113442
5553442
5059999

6877779
6888709
6668322
1114332
1114432
5554432
5059999

2222339
2733309
7777444
1116844
1116888
5556668
5059999

2222339
2733309
7777666
1114886
1114486
5554488
5059999

6663339
6833209
6888244
1118244
1112274
5557777
5059999

2222889
1112809
1118833
4443336
4477776
5557666
5059999

6877779
6888709
6668333
1113344
1112444
5552222
5059999

6663339
6833709
6888774
1118744
1112744
5552222
5059999

6877779
6888709
6668444
1113344
1112333
5552222
5059999

7777339
2733309
2222444
1116844
1116888
5556668
5059999

7777339
2733309
2222666
1114886
1114486
5554488
5059999

3377779
2333709
2222666
1114886
1114486
5554488
5059999

3377779
2333709
2222444
1116844
1116888
5556668
5059999

2277779
2111709
2111388
2443386
4443886
5553666
5059999

2277779
2111709
2111333
2443386
4448886
5558666
5059999

2277779
2111709
2111666
2333886
3344486
5554488
5059999

3377779
2333709
2111666
2111886
2244486
5554488
5059999

7777339
2733309
2111666
2111886
2244486
5554488
5059999

7777339
8733309
8882666
4482611
4442611
5552211
5059999

3377779
8333709
8882666
4482611
4442611
5552211
5059999

3377779
4333709
4411188
4411186
2222886
5552666
5059999

7777339
4733309
4411188
4411186
2222886
5552666
5059999

2222339
2733309
7777666
4488611
4448611
5558811
5059999

6664449
6224409
6255333
7253311
7255811
7788811
7089999

2277779
2666709
2655333
2653311
4455811
4488811
4089999

7777339
8733309
8881116
4481116
4442666
5552222
5059999

3377779
8333709
8881116
4481116
4442666
5552222
5059999

7777339
2733309
2222666
4488611
4448611
5558811
5059999

3377779
2333709
2222666
4488611
4448611
5558811
5059999

6877779
6888709
6668111
2222111
2333444
5553344
5059999

3884449
3384409
6388722
6377772
6661112
5551112
5059999

3377779
8333709
8886111
4486111
4446662
5552222
5059999

7777339
8733309
8886111
4486111
4446662
5552222
5059999

4477779
4448709
6888111
6833111
6663332
5552222
5059999

6877779
6888709
6668111
4433111
4443332
5552222
5059999

2555889
2575809
2778811
2273611
4473611
4433666
4039999

7777339
8733309
8882222
4482666
4441116
5551116
5059999

3377779
8333709
8882222
4482666
4441116
5551116
5059999

2222889
5572809
5778811
5573611
4473611
4433666
4039999

2222889
5552809
5458811
7443611
7443611
7733666
7039999

2222889
6662809
4468811
4463311
4333711
5557777
5059999

7777339
8733309
8882211
4482611
4442611
5552666
5059999

3377779
8333709
8882211
4482611
4442611
5552666
5059999

2277779
2333709
2883311
2844611
8844611
5554666
5059999

4447229
4477209
1137288
1137286
1133886
5553666
5059999

4443229
4433209
1137288
1137286
1177886
5557666
5059999

4446669
4426809
1126888
1123338
1122733
5557777
5059999

7777339
8733309
8882222
4486662
4446111
5556111
5059999

3377779
8333709
8882222
4486662
4446111
5556111
5059999

1177779
1157509
1155522
3336662
4433862
4488862
4089999

1122229
1123309
1186333
8886444
8666744
5557777
5059999

2114449
2114409
2117777
2233786
3338886
5558666
5059999

1177779
1167809
1163888
6663348
2222344
5552344
5059999

3377779
8333709
8881122
4481162
4441162
5556662
5059999

7777339
8733309
8881122
4481162
4441162
5556662
5059999

7777339
8733309
8886662
4481162
4441162
5551122
5059999

3377779
8333709
8886662
4481162
4441162
5551122
5059999

