6664449
6884409
6807777
8833575
3332555
1112222
1119999

3877779
3888709
3308666
5354446
5552446
1112222
1119999

3877779
3888709
3308446
5354446
5552666
1112222
1119999

7777559
8873509
6803554
6883344
6662344
1112222
1119999

3444889
3344809
6308855
6377775
6662755
1112222
1119999

7111889
7111809
7708822
7554442
6533442
6553332
6669999

7111889
7111809
7708822
7333552
6443352
6444552
6669999

7111889
7111809
7708822
7333552
6663352
6444552
6449999

7111889
7111809
7708822
7553332
6533442
6554442
6669999

3111889
3111809
3308822
7344462
7554462
7756662
7559999

3111889
3111809
3308822
4377772
4465752
4465552
6669999

7111889
7111809
7708822
7444552
6443352
6333552
6669999

1116669
1116809
3306888
7333448
7554442
7752222
7559999

2277779
2557809
2503888
2553348
6111344
6111344
6669999

1116669
1116709
3306722
8333772
8885752
4485552
4449999

3111559
3111509
3307556
8377776
8882666
4482222
4449999

3111889
3111809
3308855
4377775
4462755
4462222
6669999

3877779
3888709
3308422
5354462
5554462
1116662
1119999

3877779
3888709
3308422
5356442
5556442
1116662
1119999

3444889
3344809
6308822
6377772
6665752
1115552
1119999

2236669
2336809
2306888
2311148
5511144
5777744
5579999

1116669
1116809
3306888
7333448
7552444
7752222
7559999

1116669
1116709
3306755
8333775
8882755
4482222
4449999

2277779
2555709
2505666
2333886
3311186
4411188
4449999

5577779
5333709
5503344
8811144
6811142
6882222
6669999

2222889
2666809
3608844
3611144
3311174
5357777
5559999

3377779
2333709
2505666
2555886
2211186
4411188
4449999

7777339
2733309
2505666
2555886
2211186
4411188
4449999

2277779
2555709
2505666
2388611
3348611
3448811
3449999

2277779
2555709
2505666
2388611
4338611
4438811
4439999

7777339
2733309
2505666
2555886
2244486
1114488
1119999

3377779
2333709
2505666
2555886
2244486
1114488
1119999

5556669
5356809
7306888
7331118
7731112
7442222
4449999

2222889
2666809
3608811
3644411
3344711
5357777
5559999

5554449
5754409
2708811
2778611
2788611
2233666
3339999

6664449
6884409
6803337
8833557
2222577
1112557
1119999

4477779
4433709
8403332
8882222
6585111
6555111
6669999

2277779
2555709
2505388
2443386
4443886
1113666
1119999

2277779
2555709
2505666
2333886
3344486
1114488
1119999

2277779
2555709
2505333
2443386
4448886
1118666
1119999

5577779
5333709
5503322
8666112
8886112
4486112
4449999

5577779
5333709
5503322
8844112
6844112
6884112
6669999

2236669
2336809
2306888
2375548
7777544
1115544
1119999

1177779
1155709
1105666
2355886
2344486
2334488
2239999

2222889
2333809
3308844
7777444
6575111
6555111
6669999

2222889
2333809
3308844
7666444
7556111
7756111
7559999

1177779
1155709
1105422
8855442
6833442
6883332
6669999

5577779
5666709
5506442
3336442
1133842
1188822
1189999

1177779
1155709
1105322
8855332
6844432
6884432
6669999

5577779
5333709
5503322
1188442
1168442
1168842
6669999

1122229
1123309
1104333
8844555
6844575
6887777
6669999

1122229
1126809
1106888
3336668
5533444
5777744
5579999

1122229
1128809
1108666
4488336
4433376
5457777
5559999

1122229
1124409
1104447
6668557
6888577
6833557
3339999

1122229
1126809
1106888
5576668
5777744
5533444
3339999

1122229
1124409
1104447
6663557
6883577
6833557
8839999

2222559
2333509
3307558
1177888
1167844
1167444
6669999

5577779
5333709
5503342
1188442
1168442
1168822
6669999

2277779
2388709
2308444
2338844
6535111
6555111
6669999

6662559
6882509
6802554
8872244
1173344
1177333
1179999

2666559
2688509
2608554
2278844
1173344
1177333
1179999

1177779
1188709
1108552
6668852
6333552
6443322
4449999

5577779
5666709
5506442
1186442
1188842
1133822
3339999

1177779
1133709
1103334
8855544
6852544
6882222
6669999

5577779
5666709
5506444
3336844
1133888
1122228
1129999

2236669
2336809
2306888
2375548
1177544
1175544
1179999

2236669
2336809
2306888
2371148
5571144
5771144
5579999

