2222559
1112509
1110557
6668477
6888447
6833447
3339999

2222559
1112509
1110557
6663477
6883447
6833447
8839999

8822229
6823309
6880333
6664411
5544411
5777711
5579999

8822229
6823309
6880333
6665511
7777511
4475511
4449999

2553339
2533809
2550888
2277778
6111744
6111444
6669999

2222559
2333509
3370558
7777888
6111844
6111444
6669999

1114449
1114409
8850562
7855562
7886662
7733322
7339999

5574449
5774409
5570666
2278611
2888611
2833311
2339999

5574449
5774409
5570333
2273311
2666811
2688811
2689999

6663339
6433809
6440888
7441118
7551112
7752222
7559999

6668559
6888509
6840552
7441112
7441112
7733322
7339999

6664449
8864409
3860111
3887111
3377772
5352222
5559999

2553339
2533609
2550611
2266611
4488711
4487777
4889999

2666339
2633309
2650511
2255511
4488711
4487777
4889999

2553339
2533809
2550888
2277778
6447111
6444111
6669999

2553339
2533809
2550888
2276668
4776111
4476111
4479999

2553339
2533809
2550888
2277778
6667111
6444111
6449999

1177779
1137809
1130888
2233648
2553644
2566644
2559999

7777339
4733309
4450588
4455586
2222886
1112666
1119999

3377779
4333709
4450588
4455586
2222886
1112666
1119999

1124449
1124409
1120333
7223386
7558886
7758666
7559999

1124449
1124409
1120388
7223386
7553886
7753666
7559999

1124449
1124409
1120557
8822577
6833557
6883337
6669999

1177779
1155709
1150666
2355886
2344486
2334488
2239999

1177779
1155709
1150422
8855442
6833442
6883332
6669999

1177779
1155709
1150322
8855332
6844432
6884432
6669999

5577779
5887309
5580322
1188332
1164432
1164442
6669999

1122229
1123309
1140333
8844555
6844575
6887777
6669999

1122229
1128809
1170855
7777885
6443355
6444333
6669999

1122229
1128809
1170855
7777885
6663355
6444333
6449999

2114449
2114409
2110388
2273386
5573886
5773666
5579999

1177779
1167309
1160332
6665532
4488532
4485522
4889999

2114449
2114409
2110333
2273386
5578886
5778666
5579999

5577779
5887309
5580332
1188432
1164432
1164422
6669999

1177779
1167809
1160888
5566648
5222244
5533244
3339999

7554449
7754409
7550388
7223386
1123886
1123666
1129999

1177779
1122709
1120388
4423386
4423886
5453666
5559999

1177779
1122709
1120344
8823344
6823545
6883555
6669999

1177779
1122709
1120333
8823355
6824445
6884455
6669999

1177779
1122709
1120333
4423386
4428886
5458666
5559999

7554449
7754409
7550333
7223386
1128886
1128666
1129999

5574449
5774409
5570388
2273386
2113886
2113666
2119999

6668559
6888509
6830557
2233477
2113447
2113447
2119999

5574449
5774409
5570333
2273386
2118886
2118666
2119999

8822229
6823309
6880333
6667777
1144575
1144555
1149999

