3377779
8333709
8885056
4485556
4442666
1112222
1119999

7777339
8733309
8885056
4485556
4442666
1112222
1119999

3884449
3384409
6388055
6377775
6662755
1112222
1119999

4477779
4488709
5458032
5558832
6111332
6111322
6669999

5577779
5666709
5586042
8886442
8333442
1113322
1119999

2877779
2888709
2338044
2233344
6111545
6111555
6669999

2377779
2388709
2338044
2238844
6111545
6111555
6669999

1114449
1114409
6665052
6885552
6877772
8833722
3339999

1114449
1114409
8333062
8883362
5586662
5777722
5579999

5577779
5666709
5586022
8886442
8333442
1113342
1119999

3884449
3384409
6388022
6377772
6665752
1115552
1119999

4477779
4448709
3888022
3811162
3311162
5356662
5559999

6664449
6884409
6833022
8873332
5571112
5771112
5579999

2877779
2888709
2558011
2253611
4553611
4433666
4439999

5577779
5444709
5544022
6663112
6883112
6833112
8839999

6877779
6888709
6668022
5553112
5453112
4433112
4439999

5554449
5754409
7777022
6663112
6883112
6833112
8839999

5577779
5444709
5544022
6668112
6888112
6833112
3339999

5554449
5754409
7777022
6668112
6888112
6833112
3339999

6877779
6888709
6668022
5544112
5444112
5533112
3339999

6664449
8864409
3867022
3887112
3377112
5357112
5559999

8877779
3855709
3885022
3355112
6344112
6444112
6669999

5577779
5444709
5544022
1186662
1188862
1133862
3339999

6877779
6888709
6668022
1144552
1144452
1133552
3339999

5554449
5754409
7777022
1186662
1188862
1133862
3339999

7777339
8733309
8885052
1185552
1164442
1164422
6669999

3377779
8333709
8885052
1185552
1164442
1164422
6669999

7777339
4733309
4455022
4456662
1155862
1188862
1189999

5554449
5754409
7777022
3336662
1133862
1188862
1189999

5577779
5444709
5544022
3336662
1133862
1188862
1189999

3377779
4333709
4455022
4456662
1155862
1188862
1189999

2277779
2666709
2655033
2653334
1155844
1188844
1189999

