6111889
6111809
6668802
3332222
5533444
5777744
5579999

6111889
6111809
6668802
5572222
5777744
5533444
3339999

6111889
6111809
6668807
2443557
2443577
2433557
2239999

6111889
6111809
6668807
2344557
2344577
2334557
2239999

5577779
5666709
5586402
8886442
8333442
1113322
1119999

6111889
6111809
6668802
3334442
5533442
5777722
5579999

7556669
7756309
7556302
7111332
4111832
4488822
4489999

6111889
6111809
6668807
2222557
4442577
4433557
3339999

6111889
6111809
6668807
2222557
3332577
4433557
4449999

3377779
8333709
8886505
4486555
4446662
1112222
1119999

7777339
8733309
8886505
4486555
4446662
1112222
1119999

6877779
6888709
6668505
4433555
4443332
1112222
1119999

4477779
4448709
6888505
6833555
6663332
1112222
1119999

3555889
3565809
3368807
2366677
2441117
2441117
2249999

6877779
6888709
6668505
2222555
2333444
1113344
1119999

4477779
4488709
2486505
2886555
2666111
2233111
3339999

6877779
6888709
6668505
2344555
2344111
2334111
2239999

6877779
6888709
6668505
2443555
2443111
2433111
2239999

7777339
2733309
2666505
2886555
2286111
4488111
4449999

3377779
2333709
2666505
2886555
2286111
4488111
4449999

7555889
7535809
7738802
7332222
6344111
6444111
6669999

4477779
4442709
2222505
6663555
6883111
6833111
8839999

4477779
4442709
2222505
6668555
6888111
6833111
3339999

8877779
6822709
6882505
6662555
3332111
4433111
4449999

8877779
6822709
6882505
6662555
4442111
4433111
3339999

2222889
1132809
1138807
1133557
6443577
6444557
6669999

2222889
1132809
1138807
1133557
6663577
6444557
6449999

3555889
3565809
3368804
2366644
2222744
1117777
1119999

3555889
3565809
3368807
2366677
2222447
1114447
1119999

2222339
2733309
7777505
8666555
8886111
4486111
4449999

2222339
2733309
7777505
8844555
6844111
6884111
6669999

4477779
4442709
6662505
6882555
6822111
8833111
3339999

3377779
4333709
4466602
4465552
1165852
1188822
1189999

7556669
7756309
7556302
7444332
1144832
1188822
1189999

7777339
4733309
4466602
4465552
1165852
1188822
1189999

7777339
8733309
8882505
1182555
1162444
1162244
6669999

3377779
8333709
8882505
1182555
1162444
1162244
6669999

6877779
6888709
6668505
2222555
4442111
4433111
3339999

6877779
6888709
6668505
2222555
3332111
4433111
4449999

1122229
1124409
1134407
8834557
6833577
6883557
6669999

1122229
1124409
1144407
6668557
6888577
6833557
3339999

1122229
1124409
1144407
6663557
6883577
6833557
8839999

7777339
8733309
8886505
2286555
2666111
2444111
2449999

3377779
8333709
8886505
2286555
2666111
2444111
2449999

2222339
2733309
7777505
1188555
1168444
1168844
6669999

1177779
1157509
1155502
6668442
6888442
6833422
3339999

2277779
2666709
2886505
2386555
3388111
3444111
3449999

2277779
2666709
2886505
2486555
4488111
4433111
3339999

1177779
1157509
1155502
6663442
6883442
6833422
8839999

2277779
2666709
2688505
2683555
4883111
4433111
4439999

2555889
2575809
2778804
2273644
1173644
1133666
1139999

2666339
2633309
2688505
2278555
1178844
1177444
1179999

7777339
2733309
2222505
8666555
8886111
4486111
4449999

7777339
2733309
2222505
8844555
6844111
6884111
6669999

3377779
2333709
2222505
8666555
8886111
4486111
4449999

3377779
2333709
2222505
8844555
6844111
6884111
6669999

2222889
4442809
4438807
1133557
1163577
1163557
6669999

2222889
6662809
6118807
6113557
4113577
4433557
4439999

5577779
5883709
5583304
1188344
1162344
1162222
6669999

5577779
5333709
5583304
1188844
1162844
1162222
6669999

3377779
2333709
2222505
1188555
1168444
1168844
6669999

7777339
2733309
2222505
1188555
1168444
1168844
6669999

2222889
4442809
3448807
3311557
6311577
6311557
6669999

2222889
2444809
3448807
3311557
6311577
6311557
6669999

2222889
5572809
5778804
5573644
1173644
1133666
1139999

2222889
6662809
6448807
6443557
1143577
1133557
1139999

