2222559
6662509
8864550
7864411
7884411
7733311
7339999

2222339
2733309
7777550
1118856
1118556
4488666
4449999

2222889
1112809
1118830
7777433
6575443
6555443
6669999

2222889
1112809
1118830
7666433
7556443
7756443
7559999

2222889
1112809
1118830
7777334
6575344
6555344
6669999

2222889
1112809
1118830
7666334
7556344
7756344
7559999

2222559
1112509
1118550
7338886
7733386
7444666
7449999

7777339
2733309
2222550
1118856
1118556
4488666
4449999

3377779
2333709
2222550
1118856
1118556
4488666
4449999

8822229
3824409
3884440
3355511
6357511
6777711
6669999

1112559
1112509
3882550
3382244
6388744
6377774
6669999

2222559
2111509
7111550
7733386
7338886
7448666
4449999

6111559
6111509
6667550
8777733
8883332
4482222
4449999

2666339
2633309
2644880
2244811
5548811
5777711
5579999

6111559
6111509
6668550
2888334
2833344
2777744
2279999

2111559
2111509
2333550
2273386
4778886
4478666
4479999

2111889
2111809
2558870
2257777
6553344
6333444
6669999

7777339
2733309
2555880
2565811
2268811
4466611
4449999

3377779
2333709
2555880
2565811
2268811
4466611
4449999

4488559
4486509
4886550
7666211
7222211
7733311
7339999

6668559
6888509
6844550
7444211
7222211
7733311
7339999

6111889
6111809
6668830
7222233
7745253
7445553
7449999

2222889
5552809
5758830
7777334
6111344
6111344
6669999

2222889
5552809
5758830
7777433
6111443
6111443
6669999

1112559
1112509
6662550
6322444
6388744
3387777
3889999

8877779
6833709
6883330
6665511
2222511
2445511
4449999

7777559
4788509
4468550
4468833
6663332
1112222
1119999

6664449
6884409
6811130
8811133
5522223
5777723
5579999

8877779
3855709
3885220
3355211
6344211
6444211
6669999

6664449
8864409
3867220
3887211
3377211
5357211
5559999

5577779
5444709
5544220
6668211
6888211
6833211
3339999

6877779
6888709
6668220
5544211
5444211
5533211
3339999

5554449
5754409
7777220
6668211
6888211
6833211
3339999

5554449
5754409
7777220
6663211
6883211
6833211
8839999

6877779
6888709
6668220
5553211
5453211
4433211
4439999

5577779
5444709
5544220
6663211
6883211
6833211
8839999

6444559
6447509
6667550
2237711
2337811
2388811
2389999

5577779
5444709
5544330
2233311
2666811
2688811
2689999

6877779
6888709
6668330
2233311
2554411
2544411
2559999

5554449
5754409
7777330
2233311
2666811
2688811
2689999

6668559
6888509
6844550
7244411
7222211
7733311
7339999

2222889
4462809
4468830
7466633
7551113
7751113
7559999

6668559
6888509
6833550
3332444
2222744
1117777
1119999

6663559
6883509
6833550
8832444
2222744
1117777
1119999

5577779
5227409
5524430
8824433
6821113
6881113
6669999

5577779
5224709
5524430
8824433
6821113
6881113
6669999

8666559
8886509
3386550
7333111
7742111
7442222
7449999

5554449
5354409
3377770
3887111
3862111
8862222
6669999

7666559
7886509
7786550
7388111
3342111
3442222
3449999

7777559
4473509
4443550
8833111
6832111
6882222
6669999

7666559
7886509
7786550
7388111
4332111
4432222
4439999

3666559
3886509
3386550
7388111
7742111
7442222
7449999

7777559
3744509
3444550
3388111
6382111
6882222
6669999

2222559
2333509
3386550
8886444
8666744
1117777
1119999

4422229
4428609
4888630
7866633
7551113
7751113
7559999

2222559
2388509
3386550
3886444
3666744
1117777
1119999

6668229
6888209
6844230
7444233
7551113
7751113
7559999

4488229
4486209
4886230
7666233
7551113
7751113
7559999

7777229
5756209
5556230
8666233
8881113
4481113
4449999

6667229
6557209
6577230
8557233
8881113
4481113
4449999

2237559
2337509
2377550
2387666
8881116
8441116
4449999

1177779
1188709
1138550
2238856
2433556
2443666
2449999

1177779
1138709
1138880
2233684
2553644
2566644
2559999

2444889
2344809
2338870
2237777
6535111
6555111
6669999

6663559
6883509
6833550
8837777
2222744
1112444
1119999

6668559
6888509
6833550
3337777
2222744
1112444
1119999

1144559
1144509
1148550
7888666
7822226
7733326
7339999

2222559
3332509
6833550
6888444
6668744
1117777
1119999

1126669
1126709
1126730
8227733
8885753
4485553
4449999

1124449
1124409
1128830
7226833
7556883
7756663
7559999

2222559
7442509
7444550
7733386
7338886
1118666
1119999

1124449
1124409
1123330
7226833
7556888
7756668
7559999

2222559
8832509
6833550
6883444
6663744
1117777
1119999

4443339
4433209
8222270
8887777
6585111
6555111
6669999

1122559
1132509
1132550
7332666
7388446
7784446
7889999

2222559
1172509
1177550
1178666
4478886
4433386
4339999

2222889
1162809
1168830
1166633
7777443
5754443
5559999

2222889
1172809
1178830
1177433
6575443
6555443
6669999

3666559
3886509
3386550
2388444
2222744
1117777
1119999

3555889
3565809
3368840
2366644
2222744
1117777
1119999

2222889
1172809
1178830
1177334
6575344
6555344
6669999

2877779
2888709
2558110
2253116
4553116
4433666
4439999

8666559
8886509
3386550
2333444
2222744
1117777
1119999

1177779
1188709
1138550
2338856
2344556
2344666
2249999

1177779
1157509
1155530
6664433
6884443
6822223
8829999

1122229
1124409
1134440
8837777
6833575
6883555
6669999

5577779
5228709
5528880
1124486
1124446
1133666
3339999

2116669
2116709
2116730
2287733
8885753
8445553
4449999

2114449
2114409
2118830
2276833
5576883
5776663
5579999

2244889
2344809
2348870
2337777
6535111
6555111
6669999

2555889
2575809
2778840
2273446
1173446
1133666
1139999

2114449
2114409
2113330
2276833
5576888
5776668
5579999

2555889
2575809
2778840
2273644
1173644
1133666
1139999

2377779
2388709
2338550
2238856
1144556
1144666
1149999

1177779
1128709
1128880
5524486
5224446
5533666
3339999

2877779
2888709
2338550
2233356
1144556
1144666
1149999

5577779
5883709
5583340
1188344
1162344
1162222
6669999

5577779
5333709
5583340
1188844
1162844
1162222
6669999

4477779
4448709
3338880
1133585
1162555
1162222
6669999

1177779
1168709
1168880
5566684
5222244
5533244
3339999

1177779
1122709
1123330
8825533
6825444
6885544
6669999

1177779
1122709
1123330
4426833
4426888
5456668
5559999

1177779
1122709
1124430
8824433
6825453
6885553
6669999

1177779
1122709
1128830
4426833
4426883
5456663
5559999

7554449
7754409
7558830
7226833
1126883
1126663
1129999

4446669
4486709
8886730
8227733
1125753
1125553
1129999

7554449
7754409
7553330
7226833
1126888
1126668
1129999

7444559
7744509
7333550
7223386
1128886
1128666
1129999

5554449
5754409
7777330
2233386
2118886
2118666
2119999

6877779
6888709
6668330
2233355
2114445
2114455
2119999

5577779
5444709
5544330
2233386
2118886
2118666
2119999

5574449
5774409
5578830
2276833
2116883
2116663
2119999

4446669
8446709
8886730
2287733
2115753
2115553
2119999

6664449
6884409
6855530
8857533
1177773
1122223
1129999

5574449
5774409
5573330
2276833
2116888
2116668
2119999

6664449
6884409
6822220
8823555
1133575
1137777
1139999

2222559
2333509
3311550
8811444
6811744
6887777
6669999

8822229
6824409
6884440
6663555
1133575
1137777
1139999

4411559
4411509
7411550
7733666
7883336
7822226
8829999

2222889
5552809
5758830
7711334
6711344
6711344
6669999

2222889
5552809
5758830
7711433
6711443
6711443
6669999

6668559
6888509
6811550
2311444
2311744
2337777
2239999

2222889
5572809
5778840
5573446
1173446
1133666
1139999

2222889
5572809
5778840
5573644
1173644
1133666
1139999

8822229
6821109
6881130
6661133
7777443
5754443
5559999

