1114449
1114409
2222666
0332886
5533386
5777788
5579999

6663339
6833709
6888755
0448775
4442755
1112222
1119999

6111559
6111509
6668557
0888337
4833377
4422227
4429999

6111889
6111809
6668822
0377772
3345752
3445552
3449999

3111889
3111809
3368822
0365552
6665752
4477772
4449999

6111889
6111809
6668822
0377772
4335752
4435552
4439999

3111559
3111509
3388552
0382222
6887444
6777744
6669999

4443229
4433209
5537288
0537286
5577886
1117666
1119999

4447229
4477209
5537288
0537286
5533886
1113666
1119999

1113559
1113509
8833552
0832222
6887444
6777744
6669999

6663559
6233509
6237558
0237888
2277844
1117444
1119999

6667559
6277509
6237558
0237888
2233844
1113444
1119999

5544889
5444809
5578832
0777732
6111332
6111322
6669999

3877779
3888709
3358522
0355542
6111442
6111442
6669999

3111559
3111509
3388552
0384442
6887442
6777722
6669999

4446669
8446309
8886332
0785532
7777532
1115522
1119999

2222889
2333809
3378844
0777744
6111545
6111555
6669999

6111889
6111809
6668855
0377775
4332755
4432222
4439999

6111889
6111809
6668855
0377775
3342755
3442222
3449999

4443339
4433809
7777888
0722228
6111525
6111555
6669999

3111889
3111809
3328855
0322225
6444755
6447777
6669999

1114449
1114409
7777832
0788832
6585332
6555322
6669999

1113559
1113509
8833552
0834442
6887442
6777722
6669999

6663339
6833709
6888722
0448772
4445752
1115552
1119999

4446669
4426809
5526888
0523338
5522733
1117777
1119999

2222889
5552809
5758833
0773334
6711144
6711144
6669999

4436669
4436809
4336888
0371118
5571112
5772222
5579999

5576669
5776809
5576888
0371118
4331112
4432222
4439999

3446669
3446809
3346888
0371118
5571112
5772222
5579999

5576669
5776809
5576888
0371118
3341112
3442222
3449999

5554449
5754409
7733322
0788332
6781112
6881112
6669999

3555889
3565809
3368811
0366611
2222711
2447777
4449999

5577779
5882709
5582222
0388666
3341116
3441116
3449999

5577779
5882709
5582222
0388666
4331116
4431116
4439999

3666559
3886509
3386557
0388477
2222447
1112447
1119999

5577779
5883709
5583311
0488311
4462311
4462222
6669999

5577779
5883709
5583311
0488311
6442311
6442222
6669999

5577779
5333709
5583311
0488811
6442811
6442222
6669999

5577779
5333709
5583311
0488811
4462811
4462222
6669999

8666559
8886509
3386557
0333477
2222447
1112447
1119999

1124449
1124409
1127777
0228755
6888335
6833355
6669999

1126669
1126809
1126888
0223338
5533444
5777744
5579999

7777889
3755809
3358822
0355112
6344112
6444112
6669999

4443339
4433809
7777888
0722228
6525111
6555111
6669999

4422229
4426809
4736888
0736668
7733111
5753111
5559999

4422229
4423809
4733888
0736668
7736111
5756111
5559999

1144889
1144809
1148822
0336662
5533362
5777762
5579999

1177779
1157509
1155522
0333862
3388862
4486662
4449999

1177779
1157509
1155522
0486662
4488862
4433862
3339999

1177779
1157509
1155522
0386662
3388862
3444862
3449999

3877779
3888709
3358544
0355544
1166642
1162222
1169999

1122229
1127809
1137888
0337748
6357544
6355544
6669999

1177779
1157509
1155582
0448882
6448332
6433322
6669999

1177779
1157509
1155532
0448832
6448332
6488322
6669999

1144889
1144809
1148832
0777732
6575332
6555322
6669999

1177779
1188709
1138552
0338852
6344552
6344422
6669999

6668559
6888509
6833557
0223337
1124477
1124447
1129999

5577779
5444709
5544388
0223386
1123886
1123666
1129999

6877779
6888709
6668344
0223344
1123545
1123555
1129999

5554449
5754409
7777388
0223386
1123886
1123666
1129999

5577779
5444709
5544333
0223386
1128886
1128666
1129999

5554449
5754409
7777333
0223386
1128886
1128666
1129999

6877779
6888709
6668333
0223355
1124445
1124455
1129999

4488559
4486509
4886557
0666337
1133377
1122227
1129999

6668559
6888509
6844557
0444337
1133377
1122227
1129999

4488559
4486509
4886557
0336667
1133377
1122227
1129999

4422229
4421109
4731188
0731186
7733886
5753666
5559999

