6663339
6833709
6888774
5058744
5552744
1112222
1119999

6877779
6888709
6668333
5053344
5552444
1112222
1119999

7556669
7756809
7556888
7033448
3332444
1112222
1119999

4446669
4486709
8886755
8033775
3332755
1112222
1119999

4422229
4423309
4333666
7088611
7558611
7758811
7559999

6877779
6888709
6668444
5053344
5552333
1112222
1119999

7111559
7111509
7788552
7082222
6883344
6333444
6669999

6111889
6111809
6668844
7033444
7553332
7752222
7559999

4443229
4433209
5537288
5037286
5577886
1117666
1119999

4447229
4477209
5537288
5037286
5533886
1113666
1119999

1116669
1116809
3336888
7033448
7554442
7752222
7559999

1116669
1116709
3886744
3087744
3388742
5352222
5559999

6663339
6833209
6888244
5058244
5552274
1117777
1119999

6111889
6111809
6668855
7022225
7723355
7444333
7449999

1116669
1116709
3336722
8033772
8885752
4485552
4449999

7111559
7111509
7768552
7068882
4466682
4433322
4339999

7111559
7111509
7738552
7038882
6334482
6344422
6669999

7111559
7111509
7732558
7032888
6332844
6322444
6669999

4446669
4486309
8886332
8075532
7777532
1115522
1119999

1116669
1116809
5556888
5053338
2222733
2447777
4449999

7322559
7332509
7732558
7032888
6111844
6111444
6669999

1114449
1114409
2222333
2073386
5578886
5778666
5579999

6111889
6111809
6668844
7033344
7552334
7752222
7559999

1114449
1114409
2222388
2073386
5573886
5773666
5579999

7111559
7111509
7733556
7083336
8882666
8442222
4449999

7111889
7111809
7728855
7022225
6443355
6444333
6669999

7111889
7111809
7728855
7022225
6663355
6444333
6449999

1116669
1116309
7886332
7085532
7788532
7445522
4449999

6877779
6888709
6668322
5053342
5553442
1113442
1119999

6877779
6888709
6668322
5054332
5554432
1114432
1119999

4446669
4486709
8886722
8033772
3335752
1115552
1119999

4477779
4442709
2222388
5053386
5553886
1113666
1119999

4477779
4442709
2222333
5053386
5558886
1118666
1119999

4446669
4486309
8886332
8011132
5511132
5777722
5579999

7556669
7756809
7556888
7033448
3334442
1112222
1119999

1116669
1116809
3336888
7033448
7552444
7752222
7559999

1116669
1116709
3336755
8033775
8882755
4482222
4449999

4446669
4426809
5526888
5023338
5522733
1117777
1119999

8877779
2855709
2885666
2055644
2233644
1113334
1119999

5556669
5356809
3376888
3071118
3771112
4472222
4449999

2222559
6662509
6333557
6083377
8881117
8441117
4449999

4446669
7446809
7736888
7031118
7331112
5352222
5559999

4446669
4476809
3776888
3071118
3371112
5352222
5559999

5556669
5356809
7336888
7031118
7731112
7442222
4449999

7555889
7525809
7728811
7023611
4223611
4433666
4439999

2222339
2733309
7777444
5056844
5556888
1116668
1119999

2222339
2733309
7777666
5054886
5554486
1114488
1119999

8666559
8886509
2286557
2033377
2331117
2441117
4449999

2222889
4442809
4438811
7033611
7553611
7753666
7559999

5577779
5883709
5583311
4088311
4462311
4462222
6669999

5577779
5333709
5583311
4088811
4462811
4462222
6669999

7555889
7535809
7738822
7033112
6443112
6444112
6669999

7555889
7535809
7738822
7033112
6663112
6444112
6449999

5556669
5356809
3326888
3022228
3777744
1117444
1119999

7777339
2733309
2222444
5056844
5556888
1116668
1119999

7777339
2733309
2222666
5054886
5554486
1114488
1119999

3377779
2333709
2222444
5056844
5556888
1116668
1119999

3377779
2333709
2222666
5054886
5554486
1114488
1119999

4443339
4433809
2222888
2076668
5576111
5776111
5579999

4446669
4486309
8886332
8075532
1177532
1175522
1179999

7556669
7756309
7556332
7044432
1144832
1188822
1189999

1177779
1157509
1155522
4086662
4488862
4433862
3339999

7555889
7565809
7768832
7066632
1144332
1144322
1149999

1122229
1123309
1144333
7044486
7558886
7758666
7559999

1122229
1124409
1134488
7033486
7553886
7753666
7559999

2277779
2555709
2535444
2038844
6338111
6388111
6669999

2277779
2388709
2338444
2038844
6535111
6555111
6669999

1144229
1144209
1134288
7033286
7553886
7753666
7559999

7666559
7226509
7726558
7023888
1123844
1133444
1139999

5576669
5776309
5576332
8071132
8881132
4481122
4449999

4446669
4486309
8886332
8071132
5571132
5771122
5579999

7556669
7756309
7556332
7081132
8881132
8441122
4449999

4446669
8446309
8886332
7081132
7551132
7751122
7559999

