0666889
5576289
0576288
5577211
4472211
4433311
4339999

0777789
5578889
0568333
5563344
6662444
1112222
1119999

0766689
7768889
0768333
5753344
5552444
1112222
1119999

0766689
7768889
0768444
5753344
5552333
1112222
1119999

0777789
5578889
0568444
5563344
6662333
1112222
1119999

0333889
4443389
0442288
7777211
6575211
6555211
6669999

0333889
4443389
0442288
7666211
7556211
7756211
7559999

0333889
3366689
0111688
7111644
7552444
7752222
7559999

0666889
4446289
0446288
7111255
7111225
7733355
7339999

0446889
4446289
0666288
7111255
7111225
7733355
7339999

0666889
5526789
0526788
5527711
4422711
4433311
4339999

0333889
4443389
0442788
2222755
6111775
6111755
6669999

0736669
7738869
0733862
5753882
5554442
1114422
1119999

0786669
7788869
0733862
5753332
5554442
1114422
1119999

0333889
4443389
0442688
2222611
5566611
5777711
5579999

0227889
5527789
0527688
5527611
4466611
4433311
4339999

0744439
7744339
0722388
5752386
5552886
1112666
1119999

0766689
7768889
0768322
5753342
5553442
1113442
1119999

0777789
5578889
0568322
5563342
6663442
1113442
1119999

0744439
7744339
0788322
5758362
5558862
1116662
1119999

0766689
7768889
0768322
5754332
5554432
1114432
1119999

0777789
5578889
0568322
5564332
6664432
1114432
1119999

0333889
5523389
0524488
5524411
6227411
6777711
6669999

0445559
4445759
0337777
2233311
2666811
2688811
2689999

0766639
7768839
0762833
5752883
5552444
1112244
1119999

0777739
5578839
0562833
5562883
6662444
1112244
1119999

0333889
4443389
0445588
7777511
6275511
6222211
6669999

0333889
5573389
0577488
5574411
6274411
6222211
6669999

0444639
8844639
0866633
7881113
7551112
7752222
7559999

0777739
8857539
0855533
4881113
4461112
4462222
6669999

0441119
4441119
0755588
2753586
2773886
2733666
2239999

0722229
7723339
0744433
5754486
5558886
1118666
1119999

0722229
7723339
0733444
5756844
5556888
1116668
1119999

0722229
7723339
0733666
5754886
5554486
1114488
1119999

0445559
4445859
0788811
2783611
2773611
2733666
2239999

0336669
8833369
0822565
7882555
7742111
7442111
7449999

0777739
5578839
0522833
5542883
6442111
6442111
6669999

0722229
7744429
0744388
5753386
5553886
1113666
1119999

0722229
7744429
0744333
5753386
5558886
1118666
1119999

0884479
5584479
0588477
5533376
2222336
1112666
1119999

0766639
7777639
0448633
4448883
2222585
1112555
1119999

0761119
7761119
0766682
5758882
5558332
4433322
4449999

0333449
3374449
0777711
8855511
6852511
6882222
6669999

0441119
4441119
0333862
3388862
5586662
5777722
5579999

0761119
7761119
0766632
5758832
5558332
4488322
4449999

0777739
5574339
0544388
5544386
2222886
1112666
1119999

0777739
5547339
0544388
5544386
2222886
1112666
1119999

0777739
8857539
0855533
2886663
2446111
2446111
2249999

0786669
7788869
0755862
4752222
4455111
4433111
3339999

0884449
5584479
0588377
5522376
1123376
1123666
1129999

0777739
5578839
0562833
5562883
6662111
4422111
4449999

0766639
7768839
0762833
5752883
5552111
4422111
4449999

0222239
8844239
0844433
7886663
7556111
7756111
7559999

0333889
3355589
0752588
7742222
6744111
6744111
6669999

0443889
4443389
0116388
2116355
2116665
2777755
2279999

0446669
4446559
0116522
7118552
7118882
7733382
7339999

0445559
4445759
0337777
2233386
2118886
2118666
2119999

0777789
5578889
0568333
5563344
1166644
1122224
1129999

0333889
3311289
0711288
7711255
6744225
6744455
6669999

0336669
5533369
0548867
5544877
1144887
1122227
1129999

0444119
8844119
0833116
7883336
7552666
7752222
7559999

0711889
7711689
0711688
2766655
2222335
4433355
4449999

0777739
5578839
0511833
5511883
6211444
6222244
6669999

0444889
5544839
0528833
5522223
1166673
1167777
1169999

