0333559
1113359
1117552
8807442
6877442
6887422
6669999

0333889
6663389
6555288
6505211
7777211
4472211
4449999

0333889
1113389
1116788
2206755
2666775
2444755
2449999

0666889
1116389
1116388
2203344
2553744
2577774
2559999

0735559
7735859
6733888
6703448
6662444
1112222
1119999

0333889
5553389
5752288
7704211
6744211
6744211
6669999

0444889
2244839
2558837
2506337
2556377
1116667
1119999

0444889
2244389
2557388
2507336
2557736
1117666
1119999

0444889
2244389
2555388
2505336
2777736
1117666
1119999

0388449
3384449
3887777
3505711
6555211
6222211
6669999

0333889
2273389
2777788
2505666
2555446
1114446
1119999

0333449
3384449
8887777
8505711
6555211
6222211
6669999

0111889
3111689
3355688
2305666
2355444
2777744
2279999

0111889
7111289
7666288
7706255
7336225
4433355
4449999

0333889
4443389
4466688
2505611
2555611
2777711
2279999

0333889
5553389
5654488
2604411
2666411
2777711
2279999

0111889
3111289
3222288
3304455
6374445
6777755
6669999

0111889
3111289
3222288
3307777
6344575
6444555
6669999

0333889
5573389
5777788
5502222
6111442
6111444
6669999

0322229
3328449
3888444
3807777
6111575
6111555
6669999

0388449
3384449
3886662
3705562
7777562
1115522
1119999

0333449
3384449
8886662
8705562
7777562
1115522
1119999

0333559
6663359
6887552
6807442
8877442
1117422
1119999

0333889
5573389
5777788
5502611
2222611
4466611
4449999

0344889
3344489
3222288
3207777
6111575
6111555
6669999

0111449
2111449
2222455
8803335
6833755
6887777
6669999

0111889
2111689
2222688
5507666
5777744
5533444
3339999

0111889
2111689
2222688
7505666
7555444
7733344
7339999

0333889
6663389
6222288
6205511
7777511
4475511
4449999

0333889
6663389
6222288
6204411
5544411
5777711
5579999

0322229
3311129
3711144
3708844
6778545
6788555
6669999

0611139
7611139
7666433
7708443
7888442
5852222
5559999

0422229
4411129
4411155
8803335
6833755
6887777
6669999

0744439
7784439
6788833
6705853
6665552
1112222
1119999

0735559
7735859
6733888
6703448
6664442
1112222
1119999

0611139
7611139
7666233
7708243
7888244
5852244
5559999

0333889
2273389
2777788
2505611
2555611
4466611
4449999

0666889
7644289
7644288
7704255
7333225
1113355
1119999

0333889
5573389
5777788
5504411
6244411
6222211
6669999

0333889
5573389
5777788
5502666
2222446
1114446
1119999

0445559
4445259
7222211
7703611
7883611
7833666
8839999

0445559
4445259
7222211
7708611
7888611
7833666
3339999

0322229
3366629
3555611
3505611
4488711
4487777
4889999

0441119
4441119
6662222
6302555
6388575
3387777
3889999

0886669
2285569
2388567
2305577
2331117
4431117
4449999

0322229
3366629
3887644
3807644
8877545
1117555
1119999

0336669
5533369
5777768
5507888
2222844
1112444
1119999

0886669
1185569
1188567
1105577
4422227
4433327
4339999

0766639
7777639
4448633
4408883
2222585
1112555
1119999

0441119
3441119
3346662
7305562
7388562
7785522
7889999

0333889
5573389
5777788
5504446
2222446
1112666
1119999

0333889
6663389
6555788
6505774
2222744
1112744
1119999

0441119
7441119
7746662
7305562
7388562
3385522
3889999

0386669
3388869
3555867
3505477
2222447
1112447
1119999

0441119
4441119
2222557
8802577
6833557
6883337
6669999

0881119
2281119
2388557
2306577
2336557
4436667
4449999

0881119
2281119
2388666
2305556
2335756
4437777
4449999

0666889
7655589
7652588
7702222
7333444
1113344
1119999

0333889
5573389
5777788
5502222
6442111
6444111
6669999

0333889
5573389
5777788
5502222
6662111
6444111
6449999

0466689
4468889
4468112
7505112
7555112
7733322
7339999

0777739
1178839
1155833
1105883
6255444
6222244
6669999

0422229
4438829
4433855
1103885
1163755
1167777
6669999

0333889
4443389
4422788
1102755
1162775
1162755
6669999

0333889
6663389
6222288
6207777
1144575
1144555
1149999

0114449
7113449
7113322
7708362
7888362
5856662
5559999

0116669
7116559
7116522
7708552
7338882
4433382
4449999

0222239
5258839
5557833
1107883
1167744
1167444
6669999

0222289
5258889
5558444
1107446
1177776
1133666
3339999

0884439
2284439
2788433
2706663
2776111
5756111
5559999

0666119
5556119
5756118
2703888
2773844
2733444
2239999

0333889
3375589
7777588
1105544
1162444
1162222
6669999

0666119
5556119
5356117
3304477
3884447
3822227
8829999

0666119
5556119
5356117
3304447
3884477
3822227
8829999

0556669
2251169
2551167
2301177
2388447
3384447
3889999

0556669
2251169
2551164
2301144
2388744
3387777
3889999

0333889
5553389
5751188
7701144
6721144
6722224
6669999

