0666889
1116289
1116288
7440255
7444225
7733355
7339999

0666889
5576289
5776288
5570211
4472211
4433311
4339999

0666889
5556289
5456288
7440211
7442211
7733311
7339999

0666889
7556289
7756288
7550211
7332211
4433311
4449999

0333889
6443389
6444288
6660211
7777211
5752211
5559999

0333889
3344489
1114488
1110666
5522226
5777726
5579999

0333889
6663389
6444288
6440211
7777211
5752211
5559999

0444889
6443389
6333288
6660211
7777211
5752211
5559999

0333889
3366689
7777688
5750644
5552444
1112222
1119999

0777739
8857539
6855533
6880443
6662444
1112222
1119999

0866639
7888639
7558633
7750443
7552444
1112222
1119999

0333889
3344489
1114488
1110755
6277775
6222255
6669999

0333889
4473389
4472288
4770211
6575211
6555211
6669999

0333889
5553389
5752288
7740211
6744211
6744211
6669999

0111889
3111689
3355688
2350666
2355444
2777744
2279999

0111889
6111289
6222288
6660755
4477775
4433355
4339999

0111889
6111289
6222288
6660334
5533344
5777744
5579999

0355889
3352289
3755288
3770211
6744211
6744411
6669999

0355889
3352289
3455288
3440211
6447211
6777711
6669999

0222289
5258889
5558666
4440336
4433376
1117777
1119999

0111889
2111689
2222688
5570666
5777744
5533444
3339999

0111889
2111689
2222688
3330666
5533444
5777744
5579999

0333889
3311189
4411188
4440666
5522226
5777726
5579999

0333889
6663389
6222288
6270411
5574411
5774411
5579999

0222289
5258889
5558666
7440611
7444611
7733311
7339999

0311169
3311169
3886667
3850577
8855527
4422227
4449999

0333889
3311189
4411188
4440755
6277775
6222255
6669999

0744889
7744489
6755588
6750533
6663332
1112222
1119999

0777739
8857539
6855533
6880443
6664442
1112222
1119999

0866639
7888639
7558633
7750443
7554442
1112222
1119999

0333889
3366689
7777688
2270611
2554411
2544411
2559999

0666889
7644289
7644288
7740255
7333225
1113355
1119999

0666889
7446289
7446288
7740255
7333225
1113355
1119999

0422229
4421119
4431117
8830557
6833577
6883557
6669999

0333889
4473389
4475588
4770511
6275511
6222211
6669999

0336669
5533369
5222267
5580277
8881117
8441117
4449999

0344889
3344489
3222288
3270666
5571116
5771116
5579999

0333889
5573389
5777788
5540111
6442111
6442222
6669999

0744889
7744489
3766688
3760111
3362111
5352222
5559999

0666889
7644489
7634488
7730111
7332111
5352222
5559999

0344889
3344489
3766688
3760111
7762111
5752222
5559999

0322229
3328449
3888444
3870666
5571116
5771116
5579999

0333889
5573389
5777788
5520666
4421116
4421116
4229999

0554439
2254439
2554337
2880377
2861117
8861117
6669999

0553449
2253449
2553347
2880377
2861117
8861117
6669999

0333889
2273389
2777788
2440666
2441116
5451116
5559999

0336669
5533369
5777768
5570888
2222844
1112444
1119999

0441119
4441119
2222666
2330886
5533386
5777788
5579999

0444889
6443389
6333788
6660755
2222775
1112755
1119999

0486669
4488869
4433867
3330557
2222577
1112557
1119999

0333869
3388869
4486667
4440557
2222577
1112557
1119999

0441119
4441119
8855562
7850562
7886662
7733322
7339999

0885559
1185359
1188332
1170632
7777632
4466622
4449999

0333889
6443389
6444788
6660755
2222775
1112755
1119999

0333889
6663389
6444788
6440755
2222775
1112755
1119999

0386669
3388869
3444867
3440557
2222577
1112557
1119999

0333889
1173389
1177288
1170244
6575244
6555224
6669999

0471119
4471119
4477666
5570886
5222286
5533288
3339999

0441119
4441119
7777666
5570886
5222286
5533288
3339999

0881119
2281119
2788666
2770644
2733644
5753334
5559999

0333449
3374449
8777722
8880112
6585112
6555112
6669999

0222239
4278839
4477833
4470883
6575111
6555111
6669999

0777739
1178839
1155833
1150883
6255444
6222244
6669999

0466689
4468889
4468112
3330112
5533112
5777722
5579999

0333869
3388869
1186667
1150577
1155527
4422227
4449999

0344889
3344289
3114288
3110255
6117225
6777755
6669999

0333889
3366689
7777688
2270655
2114445
2114455
2119999

0466689
4468889
4468557
3330577
1133557
1122227
1129999

0333479
3384479
8884477
8110575
6112555
6112222
6669999

0333449
3384449
8887777
8110575
6112555
6112222
6669999

0311889
3311289
3711288
3770255
6744225
6744455
6669999

0311889
3311289
3411288
3440255
6447225
6777755
6669999

0388449
3384449
3887777
3110575
6112555
6112222
6669999

0388479
3384479
3884477
3110575
6112555
6112222
6669999

