0322229
3355729
3657777
3655011
4666811
4488811
4489999

0445579
4445779
1115572
1118072
6888332
6833322
6669999

0333889
3344489
1114488
1117055
6277775
6222255
6669999

0344889
3344489
3777788
3575011
6555211
6222211
6669999

0374889
3374489
3774488
3575011
6555211
6222211
6669999

0333889
5573389
5777788
5544011
6444211
6222211
6669999

0111889
6111289
6222288
6667055
4477775
4433355
4339999

0111889
3111289
3222288
3375056
4375556
4477666
4479999

0325559
3325759
3627777
3622011
4666811
4488811
4489999

0333879
3388879
6585772
6555072
6664442
1114422
1119999

0466689
4468889
4468552
7111052
7111552
7733322
7339999

0311179
3311179
3555776
3585076
8882666
8442222
4449999

0333449
3374449
5572222
5772086
5578886
1118666
1119999

0333889
6663389
6222288
6244011
5544411
5777711
5579999

0333889
6663389
6222288
6274011
5574411
5774411
5579999

0322229
3311129
3711188
3744086
7744886
5754666
5559999

0722229
7711129
3711188
3744086
3344886
5354666
5559999

0333889
3311189
4411188
4447055
6277775
6222255
6669999

0766639
7777639
4488633
4485053
4885552
1112222
1119999

0777739
8874439
6844433
6885053
6665552
1112222
1119999

0744439
7744839
6788833
6785053
6665552
1112222
1119999

0866639
7888639
7748633
7445053
7445552
1112222
1119999

0445559
4445759
3337777
2233011
2666811
2688811
2689999

0333889
2273389
2777788
2666011
2644411
5654411
5559999

0441119
7441119
7432288
7732086
7332886
5352666
5559999

0333889
5573389
5777788
5544011
6244411
6222211
6669999

0333889
4473389
4475588
4775011
6275511
6222211
6669999

0441119
4441119
2777788
2575086
2555886
2233666
3339999

0222249
5253449
5553447
8833077
6831117
6881117
6669999

0388449
3382449
3882411
3552011
6522711
6557777
6669999

0333449
3382449
8882411
8552011
6522711
6557777
6669999

0333559
4443359
2448557
2888077
2861117
2261117
6669999

0386669
3388869
3555867
3525077
4421117
4421117
4229999

0441119
4441119
6662222
6882055
6877775
8833755
3339999

0441119
7441119
7432222
7732086
7338886
5358666
5559999

0371119
3371119
3776662
3575062
4555862
4488822
4489999

0441119
4441119
6665552
6885052
6877772
8833722
3339999

0441119
4441119
8777732
8887032
6585332
6555322
6669999

0224449
1124479
1127777
1128055
6888335
6833355
6669999

0333449
3374449
5572288
5772086
5572886
1112666
1119999

0777739
4447839
4488833
1185053
1165552
1162222
6669999

0344889
3344489
3222288
3275056
1175556
1177666
1179999

0333449
3374449
7777552
1188052
1168552
1168822
6669999

0115579
3115779
3115572
3388072
6384442
6884422
6669999

0115559
3115759
3117777
3322086
4328886
4428666
4429999

0115559
3115759
3117777
3388044
6382444
6882222
6669999

0333889
6663389
6777788
6227055
1124445
1124455
1129999

0333559
4443359
8446557
8886077
1186667
1122227
1129999

0333559
3382259
8882557
8112077
6112447
6114447
6669999

0333559
3382259
8882554
8112044
6112744
6117777
6669999

0388559
3382259
3882557
3112077
6112447
6114447
6669999

0388559
3382259
3882554
3112044
6112744
6117777
6669999

0333119
3382119
8882117
8552077
6522447
6554447
6669999

0333119
3382119
8882114
8552044
6522744
6557777
6669999

0388119
3382119
3882117
3552077
6522447
6554447
6669999

0388119
3382119
3882114
3552044
6522744
6557777
6669999

0445559
4445759
3337777
2233086
2118886
2118666
2119999

0322229
3328449
3888444
3875056
1175556
1177666
1179999

0333119
3388119
5586117
5886077
5526667
4422227
4449999

0441139
7441139
7741133
7885053
7865552
8862222
6669999

