0333559
1113359
1114557
6664407
6884477
6822227
8829999

0333889
1113389
1112688
2222604
5566644
5777744
5579999

0333889
1113389
1112288
7777204
6575244
6555244
6669999

0333889
1113389
1112288
7666204
7556244
7756244
7559999

0333559
1113359
1117556
8777706
8882666
4482222
4449999

0333889
1113389
1115588
7777504
6275544
6222244
6669999

0333889
6663389
6777788
6447505
4442555
1112222
1119999

0554449
2254439
2558633
2888603
2866673
1117777
1119999

0777739
2257539
2455533
2446803
2446888
1116668
1119999

0554449
2254479
2557777
2833306
2888336
1118666
1119999

0111449
8111449
8887455
2387605
2377655
2337666
2239999

0111449
8111449
8886247
5586207
5666277
5533227
3339999

0333889
6663389
6111288
6111204
7777244
5752244
5559999

0322229
3366629
3111655
3111605
4488755
4487777
4889999

0333449
3374449
5572222
5776802
5576888
1116668
1119999

0111889
3111289
3222288
3355504
6357544
6777744
6669999

0222289
5258889
5558666
7111604
7111644
7733344
7339999

0666449
7655449
7658842
7755802
7333882
1113322
1119999

0111449
8111449
8886742
5586702
5666772
5533722
3339999

0333869
3388869
5586662
5777702
5574442
1114422
1119999

0466689
4468889
4468552
7111502
7111552
7733322
7339999

0333449
3355449
6665742
6855702
6888772
1118722
1119999

0333889
5553389
5752288
7777204
6111244
6111244
6669999

0222289
5258889
5558333
4443306
4477776
1117666
1119999

0222239
7244439
7554433
7756803
7556888
1116668
1119999

0111639
7111639
7766633
7555803
7525888
4422228
4449999

0333889
6663389
6222288
6275504
7777544
1115544
1119999

0322449
7332449
7732455
7832605
7888655
1118666
1119999

0333449
3374449
5578822
5776802
5576882
1116662
1119999

0755449
7754449
6755322
6788302
6668332
1118832
1119999

0222239
7211139
7711133
7885503
7865444
8865544
6669999

0222239
4211139
4411133
4476803
5576888
5776668
5579999

0222239
7211139
7711133
7446803
7446888
5456668
5559999

0333889
3344489
5544288
5222206
5577776
1117666
1119999

0411139
4411139
4455533
8857503
6877772
6882222
6669999

0333889
5573389
5777788
5511104
6211144
6222244
6669999

0777739
8857539
6855533
6884403
6664442
1112222
1119999

0866639
7888639
7558633
7754403
7554442
1112222
1119999

0333889
6663389
6222288
6211104
5511144
5777744
5579999

0333449
3355449
6665247
6855207
6888277
1118227
1119999

0322229
3321119
3441117
3448807
6545877
6555887
6669999

0554449
2588449
2558666
2338806
2233376
1117777
1119999

0333889
2553389
2544488
2554406
2277776
1117666
1119999

0441119
7441119
7742222
7666802
7633888
5653338
5559999

0886669
2385569
2388567
2335507
2234477
1114447
1119999

0441119
7441119
7432222
7736802
7336888
5356668
5559999

0443889
2443389
2545388
2555306
2277776
1117666
1119999

0448839
6448339
6488355
6662305
2222755
1117777
1119999

0446669
7446889
7436822
7738802
7331112
5351112
5559999

0666449
7688449
7638422
7738802
7331112
5351112
5559999

0777739
6667339
6555322
6585302
8881112
8441112
4449999

0722229
7723339
6733555
6788505
6668444
1118844
1119999

0441119
7441119
7748822
7666802
7633882
5653332
5559999

0881119
4481119
4488322
4555302
6575332
6777732
6669999

0441119
4441119
8666322
8886302
5586332
5777732
5579999

0441119
3441119
3455522
3358502
6378882
6777782
6669999

0441119
7441119
7438822
7736802
7336882
5356662
5559999

0333889
6663389
6555288
6575204
7777244
1112244
1119999

0333889
7553389
7756288
7556204
7666244
1112244
1119999

0445559
4445859
2237888
2337708
2367111
2367111
6669999

0322229
7335529
7735666
7835506
7888446
1118444
1119999

0322229
7334429
7734455
7834605
7888655
1118666
1119999

0822229
4888329
4468355
4463305
6663755
1117777
1119999

0322229
3366629
3884655
3844605
8844755
1117777
1119999

0222239
1144239
1144433
1176803
5576888
5776668
5579999

0766689
7768889
2768555
2744505
2444111
2233111
3339999

0444559
6443359
6333557
6668807
2222877
1112887
1119999

0336669
1133369
1148862
1144802
5544882
5777722
5579999

0553339
6533449
6554447
6668807
2222877
1112887
1119999

0886669
1185569
1188562
1175502
7777332
4433322
4449999

0333889
5573389
5777788
5566604
2222644
1112644
1119999

0333559
6443359
6444557
6668807
2222877
1112887
1119999

0333559
6663359
6444557
6448807
2222877
1112887
1119999

0554449
6533449
6553337
6668807
2222877
1112887
1119999

0777789
5578889
5338666
5533306
2222446
1112444
1119999

0333889
1173389
1172288
1177204
6575244
6555244
6669999

0445559
4445859
6667888
2367708
2367111
2337111
2239999

0777739
1157539
1155533
1126803
4426888
4426668
4229999

0881119
4481119
4488666
7433306
7552336
7752222
7559999

0445559
4445859
3227888
3327708
6327111
6327111
6669999

0881119
4481119
4488336
7433306
7552666
7752222
7559999

0361119
3361119
3266655
3222205
4488755
4487777
4889999

0222239
8266639
8887633
4487603
4477111
5457111
5559999

0333889
1173389
1175588
1177504
6275544
6222244
6669999

0445559
4445859
6667888
6327708
6327111
3327111
3229999

0445559
3445859
3427888
3327708
6327111
6227111
6669999

0333889
6663389
6555288
6575204
1177244
1172244
1179999

0388449
3384449
3882222
3777702
6575111
6555111
6669999

0333449
3384449
8882222
8777702
6575111
6555111
6669999

0322229
3344829
3444888
3777708
6575111
6555111
6669999

0222239
7777239
8744433
8884403
6585111
6555111
6669999

0333889
6663389
6222288
6275504
1177544
1175544
1179999

0777789
4478889
4448555
1133505
1163332
1162222
6669999

0222289
5258889
5558337
1133307
1164477
1164447
6669999

0222239
5258839
5558337
1188307
1164477
1164447
6669999

0554439
2254439
2557433
2887703
2867111
8867111
6669999

0555889
4535289
4433288
4473206
1173226
1177666
1179999

0555889
4575289
4477288
4473206
1173226
1133666
1139999

0333449
3374449
7777552
1188502
1168552
1168822
6669999

0112239
6112339
6112355
6662305
4488755
4487777
4889999

0114449
3114479
3117777
3388505
6382555
6882222
6669999

0445559
4445859
7777888
1173308
1162333
1162222
6669999

0475559
4475859
4477888
1173308
1162333
1162222
6669999

0477779
4455739
4458833
1155803
1162883
1162222
6669999

0777739
4457539
4455533
4226803
1126888
1126668
1129999

0666119
5556119
5356117
3344407
3884477
3822227
8829999

0475539
4477539
4475533
2276803
2116888
2116668
2119999

0666119
7688119
7638112
7738802
7334442
5354422
5559999

0766639
7777639
4455633
4445803
1155888
1122228
1129999

0711889
7711289
3711288
3744206
3344226
5354666
5559999

0311889
3311289
3711288
3744206
7744226
5754666
5559999

0344889
3344489
3777788
3117505
6112555
6112222
6669999

0886669
4485569
4488567
4335507
1133377
1122227
1129999

0336669
5533369
5884467
5584407
1188477
1122227
1129999

0466639
4411639
4411633
2211803
2557888
2577778
2559999

0333119
3388119
5578116
5778806
5572666
4472222
4449999

0333119
3388119
4448116
4478806
5572666
5772222
5579999

0333889
5553389
5752288
7711204
6711244
6711244
6669999

0333119
3388119
7558116
7758806
7552666
7442222
4449999

0333119
3388119
4448116
7448806
7552666
7752222
7559999

0333889
6663389
6711288
6711204
7711244
5752244
5559999

0711449
7711449
3711846
3788806
3382666
5352222
5559999

0311449
3311449
3711846
3788806
7782666
5752222
5559999

0221139
4421139
4421133
7426803
7556888
7756668
7559999

0554449
2254439
2551133
2881103
2861173
8867777
6669999

0333889
6663389
6222288
6271104
5571144
5771144
5579999

0777739
5571139
5881133
5581103
6288444
6222244
6669999

0421139
4421139
4421133
7226803
7556888
7756668
7559999

0333889
5573389
5771188
5571104
6271144
6222244
6669999

