0333889
1113389
1112688
2222640
5566644
5777744
5579999

0333889
1113389
1112288
7777240
6575244
6555244
6669999

0333889
1113389
1112288
7666240
7556244
7756244
7559999

0333889
1113389
1115588
7777540
6275544
6222244
6669999

0333889
6663389
6111488
6111440
7777442
5752222
5559999

0111449
6111449
6333488
6663380
7777882
5752222
5559999

0111449
8111449
8887455
2387650
2377655
2337666
2239999

0333889
6663389
6111288
6111240
7777244
5752244
5559999

0322229
3366629
3111655
3111650
4488755
4487777
4889999

0111889
6111289
6222288
6663330
5533444
5777744
5579999

0111889
3111289
3222288
3355540
6357544
6777744
6669999

0222289
5258889
5558666
7111640
7111644
7733344
7339999

0311179
3311179
3555677
3585670
8882666
8442222
4449999

0333889
5553389
5752288
7777240
6111244
6111244
6669999

0333889
6663389
6222288
6275540
7777544
1115544
1119999

0111889
2111389
2222388
7666330
7746535
7446555
7449999

0111889
2111389
2222388
7777330
6744535
6444555
6669999

0322449
7332449
7732455
7832650
7888655
1118666
1119999

0344889
3344879
3248877
3222270
6111575
6111555
6669999

0333889
6663389
6555488
6575440
7777442
1112222
1119999

0333889
7553389
7756488
7556440
7666442
1112222
1119999

0666449
7556449
7756488
7553380
7333882
1112222
1119999

0333889
5573389
5777788
5511140
6211144
6222244
6669999

0333889
3366689
7777688
4475650
4445552
1112222
1119999

0333889
6663389
6222288
6211140
5511144
5777744
5579999

0666889
7644489
7634488
7731110
7331112
5352222
5559999

0744889
7744489
3766688
3761110
3361112
5352222
5559999

0448839
6448339
6488355
6662350
2222755
1117777
1119999

0333889
5573389
5777788
5541110
6441112
6442222
6669999

0344889
3344489
3766688
3761110
7761112
5752222
5559999

0361119
3361119
3766688
3744480
7744882
5752222
5559999

0761119
7761119
3766688
3744480
3344882
5352222
5559999

0333889
6663389
6555288
6575240
7777244
1112244
1119999

0333889
7553389
7756288
7556240
7666244
1112244
1119999

0322229
7334429
7734455
7834650
7888655
1118666
1119999

0822229
4888329
4468355
4463350
6663755
1117777
1119999

0322229
3366629
3884655
3844650
8844755
1117777
1119999

0447889
6447389
6477388
6667330
2222535
1112555
1119999

0666889
4446389
4476388
7777330
2222535
1112555
1119999

0333889
5573389
5777788
5566640
2222644
1112644
1119999

0333889
1173389
1172288
1177240
6575244
6555244
6669999

0442279
8444279
8886277
5586270
5666111
5533111
3339999

0361119
3361119
3266655
3222250
4488755
4487777
4889999

0322229
3328449
3888444
3876660
5576111
5776111
5579999

0344889
3344489
3222288
3276660
5576111
5776111
5579999

0222279
5254479
5554477
6663470
6883111
6833111
8839999

0222279
5254479
5554477
6668470
6888111
6833111
3339999

0333889
1173389
1175588
1177540
6275544
6222244
6669999

0222279
8333279
8883377
1185570
1165444
1165544
6669999

0333279
3344279
8444277
8882270
6585111
6555111
6669999

0444279
3344279
8333277
8882270
6585111
6555111
6669999

0333889
5573389
5777788
5526660
4426111
4426111
4229999

0333889
6663389
6555288
6575240
1177244
1172244
1179999

0473889
4473389
4477388
1175350
1165552
1162222
6669999

0443889
4443389
7777388
1175350
1165552
1162222
6669999

0445559
4445359
7777388
1173380
1163882
1162222
6669999

0475559
4475359
4477388
1173380
1163882
1162222
6669999

0333889
6663389
6222288
6275540
1177544
1175544
1179999

0333889
6663389
6555488
6575440
1177442
1172222
1179999

0115559
3115759
3117777
3388440
6384442
6882222
6669999

0114449
3114479
3115577
3388570
6385572
6882222
6669999

0116669
2116379
2116377
2883370
2283575
4488555
4449999

0554479
6544479
6558877
6663870
1133882
1132222
1139999

0444889
5544879
5338877
5533370
1166672
1162222
1169999

0222279
5258879
5558677
1188670
1166644
1133444
3339999

0222279
5258879
5558377
1188370
1163344
1163444
6669999

0333889
2273389
2777788
2446660
2446111
5456111
5559999

0554479
2254479
2554377
2883370
2863111
8863111
6669999

0112239
6112339
6112355
6662350
4488755
4487777
4889999

0115559
3115759
3117777
3388440
6382444
6882222
6669999

0445579
8444579
8885577
1183370
1162333
1162222
6669999

0388449
3384449
3887777
3115750
6115552
6112222
6669999

0333449
3384449
8887777
8115750
6115552
6112222
6669999

0322229
3328679
3888677
3866670
1144575
1144555
1149999

0333889
6663389
6711488
6711440
7711442
5752222
5559999

0333889
5553389
5752288
7711240
6711244
6711244
6669999

0411229
4411279
4411277
6668270
6888575
6833555
3339999

0411229
4411279
4411277
6663270
6883575
6833555
8839999

0311229
3311279
3811277
3888270
6668575
6444555
6449999

0311229
3311279
3811277
3888270
6448575
6444555
6669999

0333889
6663389
6711288
6711240
7711244
5752244
5559999

0388229
3386279
3886277
3666270
1144575
1144555
1149999

0333229
3386279
8886277
8666270
1144575
1144555
1149999

0666229
4446279
8446277
8883270
1183575
1133555
1139999

0446229
4446279
8666277
8883270
1183575
1133555
1139999

0422229
4421179
4431177
8831170
6833575
6883555
6669999

0333889
6663389
6222288
6271140
5571144
5771144
5579999

0333889
5573389
5771188
5571140
6271144
6222244
6669999

