0333889
1113389
1117288
5577244
0567244
5567224
6669999

0322229
3344429
3744666
3788611
0778611
5758811
5559999

0666279
1116279
1116277
5582274
0588844
5533844
3339999

0557889
3577289
3557288
3367211
0362211
4466611
4449999

0222279
1113279
1113377
5588374
0568344
5568844
6669999

0666889
5556289
5756288
7777211
0332211
4433311
4449999

0557889
6577289
6557288
6667211
0332211
4433311
4449999

0333889
6663389
6555288
6575211
0477211
4472211
4479999

0333889
6663389
6744288
6744211
0774211
5752211
5559999

0666889
3675589
3677588
3375544
0372444
1112222
1119999

0222239
6111239
6111334
6668344
0888744
5857777
5559999

0222239
6111239
6111337
6668377
0888447
5854447
5559999

0111239
8111239
8887233
5587223
0567744
5567444
6669999

0222279
6663279
6553377
6588374
0558344
1118844
1119999

0111449
8111449
8882347
5582377
0562337
5562237
6669999

0111889
6111289
6222288
6663555
0433575
4437777
4439999

0555889
4525839
4428837
4426337
0226377
1116667
1119999

0555889
4525389
4427388
4427336
0227736
1117666
1119999

0386669
3388869
3557862
3577442
0557442
1117422
1119999

0386669
3388869
3557862
3577772
0554442
1114422
1119999

0111449
8111449
8887432
5587732
0567332
5567322
6669999

0111329
8111329
8883327
5583227
0564477
5564447
6669999

0666889
3655879
3658872
3355772
0344472
1114422
1119999

0555889
3575869
3778862
3376662
0374442
1114422
1119999

0311169
3311169
3786664
3788844
0772844
5752222
5559999

0222289
5258889
5558666
7777644
0733644
1113334
1119999

0333889
6663389
6222288
6244555
0444575
1117777
1119999

0111449
2111449
2222347
5588377
0568337
5568837
6669999

0386669
3388869
3422867
3442557
0442577
1112557
1119999

0333889
6663389
6222288
6275511
0477511
4475511
4479999

0333889
6663389
6422788
6442755
0442775
1112755
1119999

0333449
3386449
8886422
8666552
0777752
1117552
1119999

0388449
3386449
3886422
3666552
0777752
1117552
1119999

0333889
6663389
6777788
6575444
0555442
1112222
1119999

0666889
3655849
3658844
3355744
0377772
1112222
1119999

0333889
6663389
6711188
6711144
0772444
5752222
5559999

0375559
3375859
3677888
3674448
0666442
1112222
1119999

0377779
3355749
3658844
3655844
0666882
1112222
1119999

0666889
3655879
3658872
3355772
0311172
4411122
4449999

0324889
3324489
3624488
3622555
0666575
1117777
1119999

0325559
3325759
3627777
3622884
0666844
1118844
1119999

0311179
3311179
3228877
3244876
0244886
5254666
5559999

0333889
6663389
6557288
6577244
0557244
1117224
1119999

0447889
6447289
6477288
6667255
0333225
1113355
1119999

0666889
4446289
4476288
7777255
0333225
1113355
1119999

0555889
3575689
3772688
3372666
0372444
1112244
1119999

0666889
3624489
3624488
3324555
0322575
1117777
1119999

0777739
4447839
4488833
5581113
0561112
5562222
6669999

0777739
4457539
4455533
4881113
0861112
8862222
6669999

0222239
6244339
6444311
6668311
0888711
5857777
5559999

0777789
4478889
4448111
5533111
0563332
5562222
6669999

0333889
6663389
6777788
6447111
0442111
5452222
5559999

0333889
6663389
6744488
6744111
0772111
5752222
5559999

0324889
3324489
3724488
3722666
0771116
5751116
5559999

0361119
3361119
3766622
3788442
0778442
5758842
5559999

0886669
4485569
4488567
4325577
0321117
3321117
3229999

0445559
4445659
2222611
2366611
0388711
3387777
3889999

0445559
4445359
2222311
2883311
0863711
8867777
6669999

0333889
5573389
5777788
5522666
0421116
4421116
4429999

0322889
3324489
3724488
3724666
0771116
5751116
5559999

0322229
3366629
3444611
3448611
0888711
5857777
5559999

0422229
4466629
4433611
3338611
0888711
5857777
5559999

0322229
4338829
4436855
4436885
0666755
1117777
1119999

0322229
3348829
3446855
3446885
0666755
1117777
1119999

0322229
3348829
3644855
3644885
0666755
1117777
1119999

0322229
3355529
3457588
3447786
0447886
1117666
1119999

0322229
3355729
3657777
3655884
0666844
1118844
1119999

0361119
3361119
3766642
3788442
0778442
5758822
5559999

0777789
1178889
1158562
1155562
0336662
4433322
4449999

0225559
1125759
1127777
1128666
0338886
4433386
4449999

0881119
4481119
4488557
4326577
0326557
3326667
3229999

0881119
4481119
4488666
4325556
0325756
3327777
3229999

0322889
3324489
3624488
3624555
0666575
1117777
1119999

0777789
1178889
1138422
1134462
0334462
5356662
5559999

0777789
1178889
1138422
1136442
0336442
5356662
5559999

0777789
1178889
1138666
1134446
0332446
5352222
5559999

0777789
1178889
1138446
1134446
0332666
5352222
5559999

0333449
3374449
7777112
5588112
0568112
5568822
6669999

0555889
3575689
3772688
3372666
0372111
4422111
4449999

0322229
3344829
3744888
3746668
0776111
5756111
5559999

0333889
6663389
6112788
6112755
0112775
4422755
4449999

0386669
3388869
3112867
3112557
0112577
4422557
4449999

0444119
8446119
8886112
5586662
0577772
5533722
3339999

0344119
3344119
3284117
3288877
0265857
2265557
6669999

0311889
3311689
3711688
3766644
0772444
5752222
5559999

0375559
3375859
3277888
3271148
0261144
2261144
6669999

0222279
8333279
8883377
5581174
0561144
5561144
6669999

