0333889
1113389
1112788
2222755
6044775
6444755
6669999

0333889
1113389
1117288
5577244
5067244
5567224
6669999

0666889
1116289
1116288
7444255
7044225
7733355
7339999

0666279
1116279
1116277
5582274
5088844
5533844
3339999

0777739
1117339
1112388
5552386
5052886
4422666
4449999

0344889
3344289
3545288
3555211
6072211
6777711
6669999

0222279
1113279
1113377
5588374
5068344
5568844
6669999

0333889
3355289
4445288
4455211
6072211
6777711
6669999

0333889
6663389
6555288
6575211
4077211
4472211
4479999

0322229
3328449
3888444
3855511
6057511
6777711
6669999

0333889
5553389
5752288
7777211
6044211
6444211
6669999

0556669
2256889
2556844
2338844
2033374
1117777
1119999

0555889
4575389
4477388
4473311
6073211
6222211
6669999

0333889
5573389
5774488
5574411
6074211
6222211
6669999

0333889
5573389
5777788
5544411
6044211
6222211
6669999

0111239
8111239
8887233
5587223
5067744
5567444
6669999

0111449
8111449
8882347
5582377
5062337
5562237
6669999

0111889
6111289
6222288
6663555
4033575
4437777
4439999

0111449
8111449
8887432
5587732
5067332
5567322
6669999

0111329
8111329
8883327
5583227
5064477
5564447
6669999

0111889
4111389
4423388
4423555
6023575
6227777
6669999

0111889
4111839
4428833
4425553
6025753
6227777
6669999

0111449
2111449
2222347
5588377
5068337
5568837
6669999

0344889
3344489
3222288
3255511
6057511
6777711
6669999

0777739
4447339
4422388
5552386
5052886
1112666
1119999

0333889
6663389
6222288
6275511
4077511
4475511
4479999

0777739
4447339
4488322
5558362
5058862
1116662
1119999

0222289
5258889
5558666
7444611
7044611
7733311
7339999

0777739
4478839
4446833
5556883
5056662
1112222
1119999

0333889
4443389
2445588
2222511
6075511
6777711
6669999

0441119
4441119
2833355
2888335
2068755
2267777
6669999

0777739
4447839
4488833
5581113
5061112
5562222
6669999

0333889
3372289
7777288
5556244
5056244
1116664
1119999

0777789
4478889
4448111
5533111
5063332
5562222
6669999

0622229
7623339
7666833
7788855
7084445
1114455
1119999

0666889
7655589
7653588
7733111
7032111
4432222
4449999

0422229
4426669
4486557
8886577
8033557
1113337
1119999

0466689
4468889
4468557
2222577
2033557
1113337
1119999

0344889
3344489
3777788
3557111
6052111
6552222
6669999

0222289
5258889
5558111
7777111
6073344
6333444
6669999

0441119
4441119
8777722
8887552
6083352
6333552
6669999

0222239
5544239
5444337
5588377
6081117
6881117
6669999

0333889
5573389
5777788
5522666
4021116
4421116
4429999

0886669
2285569
2388567
2335577
2031117
4431117
4449999

0777739
4478839
4422833
4552883
6052111
6552111
6669999

0441119
4441119
8333552
8883352
6087552
6777722
6669999

0885559
1185459
1188442
1133442
6073332
6777722
6669999

0777789
1178889
1158532
1155532
6044332
6444322
6669999

0885559
1185359
1188332
1144432
6074432
6777722
6669999

0224449
1124439
1125533
1125883
6075583
6777788
6669999

0777789
1178889
1158544
1155544
6033342
6332222
6669999

0777739
1157539
1155533
1188443
6084442
6882222
6669999

0881119
2281119
2388557
2336577
2036557
4436667
4449999

0881119
2281119
2388666
2335556
2035756
4437777
4449999

0777789
1178889
1128344
1123344
6023545
6223555
6669999

0444889
1144839
1128833
1125553
6025753
6227777
6669999

0777789
1178889
1128333
1123355
6024445
6224455
6669999

0444889
1144389
1123388
1123555
6023575
6227777
6669999

0777739
1157539
1155533
1188443
6082444
6882222
6669999

0222239
5258839
5557833
6667883
6077111
6447111
4449999

0333449
3374449
7777112
5588112
5068112
5568822
6669999

0355449
3354449
3855112
3888112
6078112
6777722
6669999

0333119
3322119
6662117
6882557
6082577
4488557
4449999

0444119
8446119
8886112
5586662
5077772
5533722
3339999

0777739
8857539
2855533
2881143
2061144
2261144
6669999

0333229
3381129
8881127
8551127
6054477
6554447
6669999

0388229
3381129
3881127
3551127
6054477
6554447
6669999

0666889
7621189
7621188
7721155
7022335
4433355
4449999

0777739
5571139
5881133
5581143
6088244
6222244
6669999

0222279
8333279
8883377
5581174
5061144
5561144
6669999

