0333559
1113359
1117552
8877442
6807442
6887422
6669999

0333559
1113359
1117552
8877772
6804442
6884422
6669999

0333889
1113389
1112788
2222774
6505744
6555744
6669999

0333889
4443389
4466688
2222611
5502611
5777711
5579999

0322229
3344429
3844666
3888611
5508611
5777711
5579999

0322229
3344429
3744666
3788611
7708611
5758811
5559999

0722229
7744429
3744666
3788611
3308611
5358811
5559999

0333229
3344429
1114427
1118827
6505877
6555887
6669999

0333889
3322689
1112688
1112666
5502444
5777744
5579999

0333449
3388449
1118462
1118862
5506662
5777722
5579999

0557889
6577289
6557288
6667211
4402211
4433311
4339999

0666889
5556289
5756288
7777211
4402211
4433311
4339999

0722229
7777829
1113888
1113348
6505344
6555344
6669999

0333889
6663389
6744288
6744211
7704211
5752211
5559999

0377779
3355749
3885446
3855446
8802666
1112222
1119999

0344559
3344459
3887556
3877776
8802666
1112222
1119999

0377779
3355749
3885644
3855644
8802666
1112222
1119999

0333889
4443389
4472288
7777211
6505211
6555211
6669999

0554449
2254479
2558377
2888376
2803376
1113666
1119999

0388449
3384449
3887777
3555711
6505211
6222211
6669999

0333889
2273389
2777788
2555666
2505446
1114446
1119999

0333449
3384449
8887777
8555711
6505211
6222211
6669999

0386669
3388869
3111862
3111442
5504442
5777722
5579999

0111889
3111289
3444288
3344255
6307225
6777755
6669999

0111889
7111689
7732688
7332666
7302444
5352244
5559999

0333889
4443389
4466688
2555611
2505611
2777711
2279999

0366629
3355629
3885627
3855227
8804477
1114447
1119999

0111889
7111869
7738862
7336662
7304442
5354422
5559999

0555889
7535869
7738862
7336662
7304442
1114422
1119999

0333559
6663359
6887552
6877442
8807442
1117422
1119999

0333559
6663359
6887552
6877772
8804442
1114422
1119999

0311169
3311169
3786664
3788844
7702844
5752222
5559999

0711169
7711169
3786664
3788844
3302844
5352222
5559999

0111889
2111689
2222688
7555666
7505444
7733344
7339999

0333889
6663389
6222288
6244411
5504411
5777711
5579999

0333879
3388879
5582277
5666274
5506244
1116244
1119999

0666889
2611189
2611188
2777755
2207335
4433355
4449999

0222289
4238889
4438666
4433611
5503611
5777711
5579999

0333229
3311129
4411127
4448827
6505877
6555887
6669999

0411169
4411169
4486667
2388877
2305857
2335557
2239999

0322229
3311129
3711144
3778844
6708545
6788555
6669999

0333889
6663389
6711188
6711144
7702444
5752222
5559999

0311169
7311169
7336662
7735552
7405852
4488822
4489999

0333889
2273389
2777788
2555611
2505611
4466611
4449999

0333889
2273389
2777788
2666411
2604411
5654411
5559999

0422229
4421119
4431117
8833557
6803577
6883557
6669999

0555889
7535689
7732688
7332666
7302444
1112244
1119999

0333889
2443389
2444788
2666755
2206775
1116755
1119999

0555889
2545839
2448837
2446337
2206377
1116667
1119999

0333889
5573389
5777788
5544411
6204411
6222211
6669999

0555889
2545389
2447388
2447336
2207736
1117666
1119999

0333889
4443389
4475588
7777511
6205511
6222211
6669999

0444889
2443389
2333788
2666755
2206775
1116755
1119999

0555889
4535789
4437788
4433711
6203711
6222211
6669999

0553339
2533449
2557444
2777786
2208886
1118666
1119999

0884449
2684439
2688337
2666377
2205357
1115557
1119999

0475539
4477539
4475533
8871113
6801112
6882222
6669999

0554449
2257449
2557711
2887611
2807611
8833666
3339999

0386669
3388869
3444862
3441112
5501112
5777722
5579999

0886669
4482269
4488267
4333277
3305257
1115557
1119999

0333869
3388869
4486662
4441112
5501112
5777722
5579999

0486669
4488869
4433862
3331112
5501112
5777722
5579999

0554449
2254479
2557777
2881116
2801116
8833666
3339999

0445559
4445759
3337777
8833111
6802111
6882222
6669999

0333889
6663389
6744488
6744111
7702111
5752222
5559999

0324889
3324489
3724488
3722666
7701116
5751116
5559999

0724889
7724489
3724488
3722666
3301116
5351116
5559999

0344889
3344489
3777788
3557111
6502111
6552222
6669999

0222289
5258889
5558111
7777111
6703344
6333444
6669999

0361119
3361119
3766622
3788442
7708442
5758842
5559999

0361119
3361119
3866622
3888442
5508442
5777742
5579999

0441119
6441119
6433322
6668332
5508882
5777782
5579999

0761119
7761119
3766622
3788442
3308442
5358842
5559999

0441119
6441119
6488322
6668332
5508832
5777732
5579999

0222239
4455239
4445337
8855377
6801117
6881117
6669999

0222239
8666239
8886337
4486377
4401117
5451117
5559999

0322889
3324489
3724488
3724666
7701116
5751116
5559999

0722889
7724489
3724488
3724666
3301116
5351116
5559999

0336669
8833369
7822565
7882555
7702111
7442111
4449999

0777739
4478839
4422833
4552883
6502111
6552111
6669999

0322229
3366629
3887644
3877644
8807545
1117555
1119999

0441119
4441119
2222666
2333886
5503386
5777788
5579999

0445559
4445859
2666888
2677778
2607111
2233111
3339999

0361119
3361119
3766642
3788442
7708442
5758822
5559999

0361119
3361119
3866642
3888442
5508442
5777722
5579999

0761119
7761119
3766642
3788442
3308442
5358822
5559999

0445559
4445759
3337711
8833711
6802711
6882222
6669999

0777789
1178889
1158562
1155562
4406662
4433322
4339999

0226669
1126889
1126844
1128844
5503334
5777733
5579999

0225559
1125759
1127777
1128666
4408886
4433386
4339999

0666239
5556239
5856233
7888223
7708111
7444111
7449999

0475559
4475859
4477888
2376668
2306111
2336111
2239999

0445559
4445859
7777888
2376668
2306111
2336111
2239999

0551119
2251119
2557777
2884476
2804446
8833666
3339999

0551119
2251119
2556667
2886477
2806447
8833447
3339999

0777739
4478839
4442833
2222883
6505111
6555111
6669999

0441119
4441119
3337777
8833575
6802555
6882222
6669999

0445559
4445759
6667777
6882222
6802111
8833111
3339999

0466689
4468889
4468112
7555112
7505112
7733322
7339999

0777789
1178889
1158544
1155544
6203334
6222233
6669999

0555889
7535689
7732688
7332666
7302111
4422111
4449999

0333889
6663389
1162788
1162755
1102775
4422755
4449999

0333889
3366689
1162788
1162755
1102775
4422755
4449999

0322229
3344829
3744888
3746668
7706111
5756111
5559999

0722229
7744829
3744888
3746668
3306111
5356111
5559999

0722229
7777829
3444888
3446668
3306111
5356111
5559999

0722229
7777829
4433888
4443338
6505111
6555111
6669999

0422119
4423119
4423117
8823377
6805357
6885557
6669999

0446669
7442269
7742565
7882555
7802111
8833111
3339999

0222289
5258889
5558666
1177776
1107446
1133444
3339999

0777739
2278839
2666833
2655883
2605111
4455111
4449999

0884439
2284439
2788433
2776663
2706111
5756111
5559999

0344119
3344119
3284117
3288877
6205857
6225557
6669999

0666119
4446119
4486117
2388877
2305857
2335557
2239999

0114889
6114489
6114488
6662222
5503332
5777733
5579999

0666119
5556119
5756118
2773888
2703844
2733444
2239999

0388119
3386119
3886112
3666442
5504442
5777722
5579999

0333119
3386119
8886112
8666442
5504442
5777722
5579999

0333889
3311289
4411288
4411255
6407225
6777755
6669999

0444119
2244119
2666117
2886557
2806577
8833557
3339999

0711889
7711689
3711688
3766644
3302444
5352222
5559999

0311889
3311689
3711688
3766644
7702444
5752222
5559999

0222269
4488269
4486667
4883557
1103577
1133557
1139999

0222269
7777269
5756668
5553888
1103844
1133444
1139999

0375559
3375859
3277888
3271148
6201144
6221144
6669999

0333229
3381129
8881127
8551127
6504477
6554447
6669999

0388229
3381129
3881127
3551127
6504477
6554447
6669999

0554449
2254479
2551177
2881176
2801176
8833666
3339999

0445559
4445359
7777332
8871132
6801132
6881122
6669999

0475559
4475359
4477332
8871132
6801132
6881122
6669999

0556669
2251169
2551167
2881177
2804447
8833447
3339999

0441179
4441179
3331177
8833575
6802555
6882222
6669999

0551179
2251179
2551177
2884476
2804446
8833666
3339999

