0333889
1113389
1112788
2222755
6660775
6444755
6449999

0333889
1113389
1112788
2222755
6440775
6444755
6669999

0666889
1116289
1116288
7777255
4470225
4433355
4339999

0666889
1116289
1116288
7444255
7440225
7733355
7339999

0422229
4473329
4477333
8875511
6870511
6885511
6669999

0333889
6663389
6744288
6744211
7740211
5752211
5559999

0333889
6663389
6555288
6575211
4770211
4472211
4479999

0333889
5553389
5752288
7777211
6440211
6444211
6669999

0333889
5553389
5752288
7777211
6660211
6444211
6449999

0333889
3375589
7777588
4445511
6440211
6222211
6669999

0333889
3375589
4477588
4475511
6470211
6222211
6669999

0555889
3575489
3774488
3374411
6370211
6222211
6669999

0111889
3111289
3444288
3344255
6370225
6777755
6669999

0111889
6111289
6222288
6667777
3330575
4433555
4449999

0111889
6111289
6222288
6667777
4440575
4433555
3339999

0111889
7111869
7558862
7756662
7550332
4433322
4449999

0111379
8111379
8883377
2283674
2550644
2566644
2559999

0666889
3611189
3611188
3322555
4320575
4427777
4429999

0333889
6663389
6222288
6275511
4770511
4475511
4479999

0666889
2611189
2611188
2777755
2270335
4433355
4449999

0222289
5258889
5558666
7777611
4470611
4433311
4339999

0222289
5258889
5558666
7444611
7440611
7733311
7339999

0222239
7211139
7711133
7885543
7860544
8865544
6669999

0311169
3311169
3886667
3855577
8850527
4422227
4449999

0866639
7888639
7558633
7754443
7550442
1112222
1119999

0777739
8857539
6855533
6884443
6660442
1112222
1119999

0886669
2385569
2388564
2335544
2230744
1117777
1119999

0333889
5573389
5774488
5574411
6270411
6222211
6669999

0886669
2385569
2388567
2335577
2230447
1114447
1119999

0885559
2285659
2388611
2366611
2330711
4437777
4449999

0222239
5256339
5556311
8666311
8880711
4487777
4449999

0355449
3354449
3255811
3288811
6280711
6227777
6669999

0333879
3388879
6585277
6555274
6660244
1112244
1119999

0322229
3366629
3555611
3585611
8880711
8447777
4449999

0431119
4431119
4433557
6663577
6880557
6822227
8829999

0222279
1155279
1158877
1155876
3330886
4433666
4449999

0222279
1155279
1158877
1155876
4440886
4433666
3339999

0777789
1178889
1158532
1155532
6440332
6444322
6669999

0777789
1178889
1158532
1155532
6660332
6444322
6449999

0666889
1176289
1176288
1177255
4470225
4433355
4339999

0777739
1175539
1188533
1185543
6880244
6222244
6669999

0333869
3388869
1186667
1155577
1150527
4422227
4449999

0766639
7777639
1128633
1128883
1120585
4422555
4449999

0222279
8333279
8883377
1185574
1160544
1165544
6669999

0422229
4475529
4477588
1175586
1170886
1133666
3339999

0333889
5573389
5777788
5522666
1120446
1124446
1129999

0386669
3388869
3555862
3575442
1170442
1177422
1179999

0114449
3112449
3112222
3388555
6380575
6887777
6669999

0115559
3115759
3117744
3388744
6380742
6882222
6669999

0115559
3115759
3117777
3388444
6380442
6882222
6669999

0222289
5258889
5558334
1133344
1160744
1167777
6669999

0222289
5258889
5558337
1133377
1160447
1164447
6669999

0777739
2278839
2666833
2655883
2650111
4455111
4449999

0222239
5258839
5558334
1188344
1160744
1167777
6669999

0222239
5258839
5558337
1188377
1160447
1164447
6669999

0333889
6663389
6555288
6575244
1170244
1177224
1179999

0666889
3655589
3652588
3372222
4370111
4477111
4479999

0333449
3386449
8886455
8226665
1120755
1127777
1129999

0388449
3386449
3886455
3226665
1120755
1127777
1129999

0344119
3344119
3748112
3778882
6750582
6755522
6669999

0388449
3384449
3882222
3112555
6110575
6117777
6669999

0333449
3384449
8882222
8112555
6110575
6117777
6669999

0445559
4445859
2222888
2113338
6110733
6117777
6669999

0333889
3311289
4411288
4411255
6470225
6777755
6669999

0666889
7611289
7611288
7711255
7330225
4433355
4449999

0666239
5576239
5776233
5572243
1170844
1188844
1189999

0666889
2671189
2671188
2771155
2270335
4433355
4449999

0666889
7621189
7621188
7721155
7220335
4433355
4449999

0722889
7721189
6721188
6721155
6660335
4433355
4449999

