0333559
1113359
1118552
4448882
6447082
6777722
6669999

0333449
3388449
1118422
1118862
7777062
5756662
5559999

0666449
1116449
1116847
2388877
2385057
2335557
2239999

0344889
3344489
3222288
3555211
6575011
6777711
6669999

0333889
6663389
6222288
6444211
5544011
5777711
5579999

0422229
4473329
4477333
8875511
6875011
6885511
6669999

0222239
1116239
1116337
8666377
8885057
4485557
4449999

0333869
3388869
5586664
5777744
5572044
1112222
1119999

0333449
3374449
5578666
5778886
5572086
1112222
1119999

0443889
4443389
2222388
2555311
6575011
6777711
6669999

0333889
3366689
2222688
2444611
5544011
5777711
5579999

0111449
3111449
3222247
3388277
6385057
6885557
6669999

0666449
2236449
2336847
2388877
2385057
1115557
1119999

0111889
7111389
7722388
7442336
7442036
5452666
5559999

0111889
4111389
4422388
4472336
5572036
5772666
5579999

0111449
7111449
7733422
7883332
7865052
8865552
6669999

0444889
2244389
2557388
2577336
2557036
1117666
1119999

0444889
5544289
5222288
5533311
6337011
6777711
6669999

0333889
2273389
2777788
2444666
2445056
1115556
1119999

0222239
8666239
8886337
4486377
4445057
1115557
1119999

0333889
5553389
5654488
2644411
2666011
2777711
2279999

0222239
8844239
6844337
6884377
6665057
1115557
1119999

0666889
5556389
5456388
2443311
2443011
2777711
2279999

0111889
7111389
7553388
7753666
7553026
4422226
4449999

0111889
6111289
6222288
6663334
5533044
5777744
5579999

0111889
3111289
3222288
3375556
4375056
4477666
4479999

0333889
3366689
4442688
7442611
7552011
7752211
7559999

0333889
3366689
5572688
5772611
5572011
4472211
4449999

0333889
3366689
7552688
7752611
7552011
7442211
4449999

0333889
3366689
4442688
4472611
5572011
5772211
5579999

0755889
2775389
2755388
2763311
2263011
4466611
4449999

0111889
7111389
7552388
7752336
7552036
4422666
4449999

0222289
5258889
5558666
4443336
4433076
1117777
1119999

0111449
7111449
7733455
7883335
7862055
8862222
6669999

0666889
4226389
4426388
4423311
5523011
5777711
5579999

0333889
6663389
6222288
6244411
5544011
5777711
5579999

0333889
6663389
6222288
6275511
4775011
4475511
4479999

0222289
5258889
5558333
4443311
6447011
6777711
6669999

0445559
7445859
7488822
7786662
7333062
1113362
1119999

0333449
3388449
5558422
5758862
7777062
1116662
1119999

0755449
7754449
6755322
6788332
6668032
1118832
1119999

0445559
7445359
7488322
7786332
7886032
1116662
1119999

0445559
7445859
7488822
7783362
7333062
1116662
1119999

0222239
7211139
7711133
7885543
7865044
8865544
6669999

0445559
7445359
7488322
7783362
7883062
1116662
1119999

0766639
7777639
4488633
4485553
4885052
1112222
1119999

0777739
8874439
6844433
6885553
6665052
1112222
1119999

0744439
7744839
6788833
6785553
6665052
1112222
1119999

0866639
7888639
7748633
7445553
7445052
1112222
1119999

0333449
3374449
5572666
5772886
5572086
1112288
1119999

0322229
3321119
3881117
3866677
8865057
4465557
4449999

0755889
2775389
2755388
2744336
2244036
1114666
1119999

0555889
2545389
2447388
2447336
2277036
1117666
1119999

0333889
5573389
5774488
5574411
6274011
6222211
6669999

0333889
5573389
5777788
5544411
6244011
6222211
6669999

0885559
2385459
2388447
2336447
2236077
1116667
1119999

0555889
4575389
4477388
4473311
6273011
6222211
6669999

0666449
2688449
2685457
2885557
2233077
1113337
1119999

0885559
2685459
2688447
2666447
2233077
1113337
1119999

0666889
2655589
2657588
2777744
2233044
1113334
1119999

0755889
2775689
2755688
2766644
2233044
1113334
1119999

0446669
2448869
2545867
2555887
2233077
1113337
1119999

0555889
2545869
2448867
2446667
2233077
1113337
1119999

0441119
7441119
7432666
7732886
7332086
5352288
5559999

0333229
4483329
4488827
5456827
5556077
1116667
1119999

0883229
4483329
4488327
5456327
5556077
1116667
1119999

0722229
7723339
6733555
6788545
6668044
1118844
1119999

0881119
4481119
4488322
4555332
6575032
6777732
6669999

0441119
4441119
8666322
8886332
5586032
5777732
5579999

0446669
7446889
7436811
7738811
7332011
5352222
5559999

0666449
7688449
7638411
7738811
7332011
5352222
5559999

0777739
6667339
6555311
6585311
8882011
8442222
4449999

0444889
5544879
5338877
5533376
2222076
1112666
1119999

0441119
4441119
2222666
3332886
5533086
5777788
5579999

0885559
1185359
1188322
1173362
4773062
4476662
4479999

0885559
1185359
1188322
1176332
4776032
4476662
4479999

0444889
1144389
1122388
1172336
5572036
5772666
5579999

0441119
7441119
7438666
7738886
7332086
5352222
5559999

0222279
8333279
8883377
1185574
1165044
1165544
6669999

0777739
4447839
4488833
1185553
1165052
1162222
6669999

0344889
3344489
3222288
3275556
1175056
1177666
1179999

0114439
6114439
6118433
6668883
7777082
5752222
5559999

0222239
5258839
5557833
1177883
1167044
1167444
6669999

0333119
3388119
2448117
2448877
2465057
2265557
6669999

0115559
3115759
3117777
3388444
6382044
6882222
6669999

0475559
4475859
4477888
1173338
1162033
1162222
6669999

0445559
4445859
7777888
1173338
1162033
1162222
6669999

0333119
3388119
6668117
6228877
6425057
4425557
4429999

0344559
3344459
3118552
3118882
6117082
6777722
6669999

0344889
3344489
3777788
3227666
1125056
1125556
1129999

0466689
4468889
4468337
2233377
2115057
2115557
2119999

0666889
5576389
5776388
5573344
1173044
1122224
1129999

0466639
4468839
4468337
2288377
2115057
2115557
2119999

0333119
3388119
4428117
4428877
6425057
6225557
6669999

0311449
3311449
3211847
3288877
6285057
6225557
6669999

0336669
5533369
5884467
5584447
1188077
1122227
1129999

0322229
3328449
3888444
3875556
1175056
1177666
1179999

0333119
3388119
6668117
2268877
2465057
2445557
2449999

0444119
2244119
2333117
2883377
2865057
8865557
6669999

0333889
5573389
5777788
5522226
1144026
1144666
1149999

0666119
7688119
7638114
7738844
7332044
5352222
5559999

0755889
2775389
2755388
2711336
2211036
4411666
4449999

0441139
7441139
7741133
7885553
7865052
8862222
6669999

0777739
5571139
5881133
5581143
6288044
6222244
6669999

