0322229
3366629
3067777
3565711
4555811
4488811
4489999

0322229
3388729
3087777
3885511
6444511
6445511
6669999

0777739
5557339
5052388
1112386
1112886
4422666
4449999

0555889
3545289
3044288
3344211
6372211
6777711
6669999

0666889
5576289
5076288
5577211
4472211
4433311
4339999

0666889
5556289
5056288
7777211
4472211
4433311
4339999

0666889
5556289
5056288
7444211
7442211
7733311
7339999

0333889
6663389
6044288
6444211
7777211
5752211
5559999

0333889
3355589
6057588
6777744
6662444
1112222
1119999

0777789
5578889
5068333
5563344
6662444
1112222
1119999

0777789
5578889
5068444
5563344
6662333
1112222
1119999

0336669
2233369
2044467
2844557
2888577
1118557
1119999

0333889
5553389
5052288
7666211
7746211
7446211
7449999

0333889
5553389
5052288
7777211
6744211
6444211
6669999

0777739
2257539
2055533
2866643
2888644
1118644
1119999

0111889
3111289
3044288
3344255
6347225
6777755
6669999

0111889
3111289
3044288
3344255
6374225
6777755
6669999

0111889
7111689
7032688
7732666
7332444
5352244
5559999

0555889
7525839
7028833
7726663
7226443
1116444
1119999

0555889
7525389
7023388
7723666
7223446
1114446
1119999

0327559
3327759
3027558
3227888
6111844
6111444
6669999

0324889
3324489
3024488
3227777
6111575
6111555
6669999

0324449
3324489
3028887
3228557
6111577
6111557
6669999

0325559
3325759
3027777
3228844
6111844
6111884
6669999

0666889
5526789
5026788
5527711
4422711
4433311
4339999

0333229
3344429
5054427
5558827
6111877
6111887
6669999

0366689
3368889
3068557
3111577
4111557
4422227
4429999

0333889
5553389
5052788
2222774
6111744
6111744
6669999

0111889
7111869
7038862
7736662
7334442
5354422
5559999

0555889
2575389
2073388
2773611
2273611
4466611
4449999

0333889
5553389
5052788
2222711
6447711
6444711
6669999

0333889
5553389
5052788
2222711
6667711
6444711
6449999

0355889
3352289
3055288
3444211
6447211
6777711
6669999

0227889
5527789
5027688
5527611
4466611
4433311
4339999

0722229
7777829
5053888
5553348
6111344
6111344
6669999

0386669
3388869
3022867
3442557
4442577
1112557
1119999

0333889
6663389
6022788
6442755
4442775
1112755
1119999

0333889
3344489
2044788
2222755
6111775
6111755
6669999

0333889
3311189
2011188
2555444
2565744
2267777
6669999

0777789
5578889
5068322
5563342
6663442
1113442
1119999

0333449
3388449
6087422
6887552
6667752
1117552
1119999

0777789
5578889
5068322
5564332
6664432
1114432
1119999

0333889
5523389
5024488
5524411
6227411
6777711
6669999

0333889
3311189
2011188
2222666
7777446
5754446
5559999

0333889
3311189
2011188
2222555
6444575
6447777
6669999

0555889
7525389
7023388
7723611
7223611
4466611
4449999

0777739
5578839
5062833
5562883
6662444
1112244
1119999

0322229
3321119
3081117
3488877
4465857
4465557
6669999

0322229
3321119
3081117
3488877
6445857
6445557
6669999

0333889
2553389
2054488
2554446
2277776
1117666
1119999

0333889
2553389
2057488
2557446
2277446
1117666
1119999

0333889
5573389
5077488
5574411
6274411
6222211
6669999

0555889
2575839
2078833
2776663
2276443
1116444
1119999

0555889
2575389
2073388
2773666
2273446
1114446
1119999

0666889
2556789
2056788
2557744
2233744
1113334
1119999

0333889
3344489
2044688
2222611
5566611
5777711
5579999

0375559
3375859
3077888
3471118
4461112
4462222
6669999

0375559
3375859
3077888
3471118
6441112
6442222
6669999

0666449
5556449
5056847
2388877
2381117
2331117
2239999

0448839
4448339
2088311
2555311
2565711
2267777
6669999

0333449
3384449
2088811
2555811
2565711
2267777
6669999

0445559
3445759
3047777
3388111
6382111
6882222
6669999

0666889
5556789
5056788
2222774
2333744
1113344
1119999

0222239
5556239
5056337
8666377
8881117
4481117
4449999

0777739
5578839
5022833
5542883
6442111
6442111
6669999

0322229
3355529
3057588
3447786
4447886
1117666
1119999

0884479
5584479
5088477
5533376
2222336
1112666
1119999

0445559
3445759
3047711
3388711
6382711
6882222
6669999

0333889
6663389
6044788
6444755
2222775
1112755
1119999

0777739
5574339
5044388
5544386
2222886
1112666
1119999

0777739
5547339
5044388
5544386
2222886
1112666
1119999

0386669
3388869
3044867
3444557
2222577
1112557
1119999

0447239
4447239
8077233
8887223
6585111
6555111
6669999

0333449
3388449
6082247
6882557
6662577
1112557
1119999

0777749
3337449
8033442
8882222
6585111
6555111
6669999

0388449
3378449
3078842
3772222
6575111
6555111
6669999

0881119
2281119
2088447
2666447
2633477
5653337
5559999

0441119
3441119
3047777
3388575
6382555
6882222
6669999

0366689
3368889
3068112
3444112
5544112
5777722
5579999

0222279
5553279
5053377
1188374
1168344
1168844
6669999

0884449
5584479
5088377
5522376
1123376
1123666
1129999

0777739
5578839
5062833
5562883
6662111
4422111
4449999

0333889
3344489
5054488
5552222
1166672
1167777
1169999

0344469
3374469
3076662
3775552
1175852
1188822
1189999

0333889
5553389
5057288
1177244
1167244
1167224
6669999

0222239
7777239
8074433
8884443
6585111
6555111
6669999

0333119
3388119
6082117
6882557
6662577
4422557
4449999

0333889
3344489
5054488
5557777
1166672
1162222
1169999

0444889
2244689
2037688
2337666
2377111
5357111
5559999

0666279
5556279
5056277
1182274
1188844
1133844
3339999

0777739
5557339
5052388
2222386
1144886
1144666
1149999

0322119
3372119
3072118
3772888
6575844
6555444
6669999

0377779
3357549
3055544
3226844
1126888
1126668
1129999

0344889
3344489
3022788
3112755
6112775
6112755
6669999

0666449
5556449
5056347
2288377
2118337
2118837
2119999

0366689
3368889
3068557
3444577
1144557
1122227
1129999

0333889
3344489
5054488
5557666
1177776
1122226
1129999

0777789
5578889
5068333
5563344
1166644
1122224
1129999

0666889
5556789
5056788
3337744
1133744
1122224
1129999

0311889
3311289
3011288
3444255
6447225
6777755
6669999

0336669
5533369
5048867
5544877
1144887
1122227
1129999

0333889
5553389
5057488
2277446
2117446
2117666
2119999

0666279
5556279
5056277
3332274
1133844
1188844
1189999

0322229
3355529
3057588
3777786
1144886
1144666
1149999

0777739
5578839
5011833
5511883
6211444
6222244
6669999

0333869
3388869
2086667
2222557
1144577
1144557
1149999

0444889
5544839
5028833
5522223
1166673
1167777
1169999

0441179
3441179
3041177
3388575
6382555
6882222
6669999

0777739
2257539
2055533
2881143
2861144
8861144
6669999

