0333559
1113359
1117552
8877772
6844402
6884422
6669999

0333559
1113359
1114557
6664477
6884407
6822227
8829999

0333889
1113389
1112788
2222755
6667705
6444755
6449999

0333889
1113389
1112788
2222755
6447705
6444755
6669999

0333889
1113389
1112288
7666255
7746205
7446255
7449999

0333889
1113389
1112288
7777255
6744205
6444255
6669999

0666889
1116289
1116288
7777255
4472205
4433355
4339999

0666889
1116289
1116288
7444255
7442205
7733355
7339999

0333889
6663389
6777788
6447555
4442505
1112222
1119999

0666889
2246789
2446788
2447755
2333705
1113355
1119999

0777789
2278889
2448666
2444655
2333605
1113355
1119999

0777739
2278839
2666833
2644883
2644505
1114555
1119999

0333559
6663359
6111558
6111888
7777802
4472222
4449999

0111889
3111489
3364488
2364455
2366605
2777755
2279999

0333559
6663359
6111552
6111882
7777802
4478822
4449999

0111449
8111449
8886247
5586277
5666207
5533227
3339999

0333889
6663389
6111288
6111255
7777205
4472255
4449999

0111889
3111289
3222288
3344455
6374405
6777755
6669999

0333889
4443389
4466688
2111655
2111605
2777755
2279999

0388449
3384449
3887777
3111755
6111205
6222255
6669999

0333449
3384449
8887777
8111755
6111205
6222255
6669999

0111889
7111869
7738862
7336662
7344402
5354422
5559999

0777739
4478839
4442833
2222883
6111505
6111555
6669999

0111449
8111449
8886742
5586772
5666702
5533722
3339999

0333879
3388879
6585772
6555472
6664402
1114422
1119999

0333449
3374449
5576662
5776882
5576802
1118822
1119999

0333449
3355449
6665742
6855772
6888702
1118722
1119999

0344469
7334469
7736662
7535882
7555802
1118822
1119999

0111889
3111289
3444288
3344255
6372205
6777755
6669999

0344559
7344459
7336552
7736882
7666802
1118822
1119999

0333889
2273389
2777788
2111655
2111605
4466655
4449999

0555889
7535869
7738862
7336662
7344402
1114422
1119999

0333559
6663359
6444552
6744882
7777802
1118822
1119999

0333559
6663359
6887552
6877772
8844402
1114422
1119999

0333559
7443359
7446552
7746882
7666802
1118822
1119999

0446669
7444369
7553362
7753882
7553802
1118822
1119999

0333889
4443389
4472288
7777255
6111205
6111255
6669999

0222239
7266639
7764433
7864443
7888505
1118555
1119999

0222289
5258889
5558666
4443336
4433706
1117777
1119999

0222279
5258879
5558377
4488376
4443306
1113666
1119999

0722229
7777829
4433888
4443338
6111505
6111555
6669999

0111889
2111789
2222788
5553776
5453706
4433666
4439999

0111889
2111789
2222788
5544776
5444706
5533666
3339999

0111889
2111789
2222788
6667755
6333705
6443355
4449999

0666889
3611189
3611188
3372222
4372505
4477555
4479999

0744889
7744489
6732288
6733255
6663205
1113255
1119999

0445559
4445759
6668722
6888772
6833702
1113332
1119999

0311169
3311169
3446668
3444888
7777802
5752222
5559999

0311169
3311169
3746668
3744888
7744802
5752222
5559999

0711169
7711169
3746668
3744888
3344802
5352222
5559999

0344469
7334469
7736662
7832222
7888505
1118555
1119999

0333559
7443359
7446558
7746888
7666802
1112222
1119999

0333559
6663359
6444558
6744888
7777802
1112222
1119999

0777739
8857539
6855533
6884443
6664402
1112222
1119999

0866639
7888639
7558633
7754443
7554402
1112222
1119999

0344559
7344459
7336558
7736888
7666802
1112222
1119999

0344469
7334469
7736668
7535888
7555802
1112222
1119999

0333449
3374449
5576668
5776888
5576802
1112222
1119999

0311169
3311169
3886662
3877772
8857502
4455522
4449999

0311169
3311169
3556662
3577772
4557802
4488822
4489999

0446669
7444369
7553368
7753888
7553802
1112222
1119999

0311169
3311169
3746662
3744882
7744802
5758822
5559999

0311169
3311169
3446662
3444882
7777802
5758822
5559999

0377779
3355749
3885644
3855644
8866602
1112222
1119999

0711169
7711169
3746662
3744882
3344802
5358822
5559999

0447889
4447689
5577688
5337666
5533302
1112222
1119999

0366689
3368889
3768444
3711144
7711102
5752222
5559999

0766689
7768889
3768444
3711144
3311102
5352222
5559999

0333559
6663359
6887552
6877772
8811102
4411122
4449999

0555889
7535869
7738862
7336662
7311102
4411122
4449999

0441119
4441119
3337777
2233755
2666805
2688855
2689999

0333449
3355449
6665247
6855277
6888207
1118227
1119999

0441119
4441119
7777333
2273355
2666805
2688855
2689999

0471119
4471119
4477333
2273355
2666805
2688855
2689999

0471119
4471119
4477666
2278655
2888605
2833355
2339999

0441119
4441119
7777666
2278655
2888605
2833355
2339999

0322229
3321119
3441117
3448877
6545807
6555887
6669999

0886669
2385569
2388567
2335577
2234407
1114447
1119999

0321119
3321119
3627777
3622755
4666805
4488855
4489999

0666889
7642289
7644288
7744255
7333205
1113355
1119999

0366689
3368889
3768111
3744111
7744402
5752222
5559999

0466689
4468889
4468111
7333111
7553302
7752222
7559999

0766689
7768889
3768111
3744111
3344402
5352222
5559999

0766689
7768889
2768111
2744111
2444505
2233555
3339999

0441119
7441119
7436668
7736888
7336802
5352222
5559999

0777789
4478889
4448666
2222655
2333605
1113355
1119999

0344889
7344489
7336288
7736255
7666205
1112255
1119999

0333889
6663389
6444288
6744255
7777205
1112255
1119999

0333889
7443389
7446288
7746255
7666205
1112255
1119999

0422229
7448829
7448666
7788655
7333605
1113355
1119999

0333889
1123389
1124488
1124455
6227405
6777755
6669999

0441119
4441119
3777782
3378882
6358502
6355522
6669999

0444889
6443389
6333788
6667777
2222505
1112555
1119999

0444559
6443359
6333557
6668877
2222807
1112887
1119999

0444889
6443389
6333788
6667755
2222705
1112755
1119999

0336669
1133369
1144462
1144882
7777802
5758822
5559999

0553339
6533449
6554447
6668877
2222807
1112887
1119999

0333889
3355789
4445788
4455776
2222706
1112666
1119999

0333889
6443389
6444788
6667777
2222505
1112555
1119999

0333559
6443359
6444557
6668877
2222807
1112887
1119999

0333889
6443389
6444788
6667755
2222705
1112755
1119999

0333889
6663389
6444788
6447777
2222505
1112555
1119999

0333559
6663359
6444557
6448877
2222807
1112887
1119999

0333889
6663389
6444788
6447755
2222705
1112755
1119999

0441119
7441119
7436662
7736882
7336802
5358822
5559999

0441119
4441119
8777732
8887332
6585302
6555322
6669999

0227889
1127789
1127688
1127655
4466605
4433355
4339999

0344889
3344789
3545788
3555776
2222706
1112666
1119999

0554449
6533449
6553337
6668877
2222807
1112887
1119999

0666889
1126789
1126788
1127755
4422705
4433355
4339999

0336669
1133369
1188565
1178555
4778802
4472222
4479999

0336669
1133369
1144468
1144888
7777802
5752222
5559999

0551119
2251119
2557777
2884476
2844406
8833666
3339999

0777739
1178839
1122833
1142883
6442505
6442555
6669999

0666889
1176289
1176288
1177255
4472205
4433355
4339999

0777739
1178839
1162833
1162883
6662505
4422555
4449999

0333889
1173389
1177488
1174455
6274405
6222255
6669999

0333889
5573389
5777788
5522666
1124406
1124446
1129999

0355579
3358579
3888772
3866672
1144602
1144622
1149999

0477779
4457569
4455562
3336662
1133802
1188822
1189999

0466679
4465579
4465772
3335572
1133802
1188822
1189999

0477779
4465759
4465552
6663332
1133802
1188822
1189999

0777749
6575449
6555442
6663332
1133802
1188822
1189999

0445559
6445759
6477772
6663332
1133802
1188822
1189999

0477779
6445759
6445552
6663332
1133802
1188822
1189999

0555449
6575449
6777742
6663332
1133802
1188822
1189999

0333869
3388869
1186662
1177772
1157502
4455522
4449999

0376669
3376119
3776112
3575112
4555802
4488822
4489999

0477779
4465759
4465552
6663882
1133802
1138822
1139999

0477779
6445759
6445552
6663882
1133802
1138822
1139999

0555449
6575449
6777742
6663882
1133802
1138822
1139999

0445559
6445759
6477772
6663882
1133802
1138822
1139999

0777749
6575449
6555442
6663882
1133802
1138822
1139999

0477779
4435759
4435558
1133888
1163802
1162222
6669999

0333889
6663389
6222288
6274455
1174405
1177455
1179999

0115559
3115859
3117888
3377778
4366602
4462222
4469999

0777739
5578839
5444833
5544883
1166602
1162222
1169999

0477779
4465759
4465558
6663888
1133802
1132222
1139999

0777749
6575449
6555448
6663888
1133802
1132222
1139999

0445559
6445759
6477778
6663888
1133802
1132222
1139999

0477779
6445759
6445558
6663888
1133802
1132222
1139999

0555449
6575449
6777748
6663888
1133802
1132222
1139999

0777789
5578889
5338444
5533344
1166602
1162222
1169999

0222289
5258889
5558337
1133377
1164407
1164447
6669999

0222239
5258839
5558337
1188377
1164407
1164447
6669999

0477779
4457539
4455532
1188332
1168302
1168822
6669999

0477779
4457569
4455562
1186662
1188802
1133822
3339999

0466679
4465579
4465772
1185572
1188802
1133822
3339999

0477779
4435759
4435552
1133882
1163802
1168822
6669999

0115579
6115779
6115572
6663372
4333802
4488822
4489999

0114449
3118449
3118882
3355582
6357502
6777722
6669999

0115579
3115779
3115572
3388472
6384402
6884422
6669999

0114449
6114489
6118882
6668332
5533302
5777722
5579999

0114449
6114439
6118832
6668332
5588302
5777722
5579999

0114449
3114479
3117777
3388555
6382505
6882222
6669999

0115559
3115759
3117744
3388744
6382704
6882222
6669999

0666119
7556119
7756118
7553888
7433802
4432222
4439999

0666119
4436119
4436118
7433888
7553802
7752222
7559999

0333889
3322689
4442688
4472666
1172505
1177555
1179999

0333889
6663389
6777788
6227455
1124405
1124455
1129999

0666119
5556119
5356117
3344477
3884407
3822227
8829999

0777739
4478839
4422833
4112883
6112505
6112555
6669999

0466639
4468839
4467833
2277883
2117505
2117555
2119999

0777739
4447839
4488833
2286663
2116505
2116555
2119999

0411889
4411789
4411788
3337755
6233705
6222255
6669999

0666119
7556119
7756112
7553332
7433802
4488822
4489999

0444119
6844119
6888112
6668332
5533302
5777722
5579999

0666119
4886119
4486112
4488332
5533302
5777722
5579999

0666119
4436119
4436112
7433882
7553802
7758822
7559999

0333889
5573389
5777788
5544666
1144406
1122226
1129999

0333889
4473389
4475588
4775666
1175506
1122226
1129999

0666119
7556119
7756112
7553882
7433802
4438822
4439999

0333449
3374449
7777666
2288655
2118605
2118855
2119999

0333889
3366689
7777688
2274655
2114405
2114455
2119999

0344889
3344489
3777788
3117555
6112505
6112222
6669999

0886669
4485569
4488567
4335577
1133307
1122227
1129999

0336669
5533369
5884467
5584477
1188407
1122227
1129999

0711889
7711689
2711688
2744666
2444505
2233555
3339999

0311889
3311689
3711688
3744666
7744402
5752222
5559999

0333889
3311289
4411288
4411255
6472205
6777755
6669999

0411889
4411689
4411688
7333666
7553302
7752222
7559999

0666889
7611289
7611288
7711255
7332205
4433355
4449999

0711889
7711689
3711688
3744666
3344402
5352222
5559999

0777739
2278839
2666833
2611883
2611505
4411555
4449999

0311449
3311449
3711482
3778882
6758502
6755522
6669999

0222239
6668239
6888733
6877773
1144505
1144555
1149999

0411889
4411689
4411688
7266655
7222205
7733355
7339999

0444889
3441189
3361188
2361155
2366605
2777755
2279999

0333889
6663389
6222288
6271155
4771105
4471155
4479999

0355579
3358579
3888772
3841172
6441102
6441122
6669999

0455579
4453579
4433772
8831172
6831102
6881122
6669999

0322889
3321189
3721188
3721155
6774405
6744455
6669999

0422229
4473329
4477333
8871155
6871105
6881155
6669999

0551179
2251179
2551177
2884476
2844406
8833666
3339999

0333889
4473389
4471188
4771155
6271105
6222255
6669999

