0333559
1113359
1112558
2222888
6444870
6447777
6669999

0333889
1113389
1112788
2222755
6667750
6444755
6449999

0333889
1113389
1112788
2222755
6447750
6444755
6669999

0333889
1113389
1112288
7666255
7746250
7446255
7449999

0333889
1113389
1112288
7777255
6744250
6444255
6669999

0666889
1116289
1116288
7777255
4472250
4433355
4339999

0666889
1116289
1116288
7444255
7442250
7733355
7339999

0777739
8857539
6855533
6884443
6662440
1112222
1119999

0866639
7888639
7558633
7754443
7552440
1112222
1119999

0336669
2233369
2488565
2448555
2448870
1117777
1119999

0666889
2246789
2446788
2447755
2333750
1113355
1119999

0777789
2278889
2448666
2444655
2333650
1113355
1119999

0333559
2243359
2446558
2446888
2666870
1117777
1119999

0333559
2243359
2644558
2644888
2666870
1117777
1119999

0333559
3342259
6442558
6442888
6662870
1117777
1119999

0111889
3111489
3364488
2364455
2366650
2777755
2279999

0333559
6663359
6111558
6111888
2222870
2447777
4449999

0333889
6663389
6111288
6111255
7777250
4472255
4449999

0222239
8844239
6844433
6885553
6665750
1117777
1119999

0111889
3111289
3222288
3344455
6374450
6777755
6669999

0333889
4443389
4466688
2111655
2111650
2777755
2279999

0388449
3384449
3887777
3111755
6111250
6222255
6669999

0333449
3384449
8887777
8111755
6111250
6222255
6669999

0777739
4457539
4455533
4111883
6111280
6222288
6669999

0111889
3111289
3444288
3344255
6372250
6777755
6669999

0333889
2273389
2777788
2111655
2111650
4466655
4449999

0333889
4443389
4472288
7777255
6111250
6111255
6669999

0111889
2111789
2222788
6667755
6333750
6443355
4449999

0744889
7744489
6732288
6733255
6663250
1113255
1119999

0222239
7211139
7711133
7666883
7644480
5654488
5559999

0711139
2711139
2775533
2765883
2265580
4466688
4449999

0777739
2657539
2655533
2666883
2211180
4411188
4449999

0766639
2755639
2775633
2755883
2211180
4411188
4449999

0441119
4441119
3337777
2233755
2666850
2688855
2689999

0441119
4441119
7777333
2273355
2666850
2688855
2689999

0471119
4471119
4477333
2273355
2666850
2688855
2689999

0471119
4471119
4477666
2278655
2888650
2833355
2339999

0441119
4441119
7777666
2278655
2888650
2833355
2339999

0866639
2888639
2448633
2445553
2245750
1117777
1119999

0777739
2657539
2655533
2666883
2244480
1114488
1119999

0766639
2755639
2775633
2755883
2244480
1114488
1119999

0554449
6533449
6553338
6662888
2222870
1117777
1119999

0333559
6663359
6444558
6442888
2222870
1117777
1119999

0333559
6443359
6444558
6662888
2222870
1117777
1119999

0444559
6443359
6333558
6662888
2222870
1117777
1119999

0321119
3321119
3627777
3622755
4666850
4488855
4489999

0553339
6533449
6554448
6662888
2222870
1117777
1119999

0666889
7642289
7644288
7744255
7333250
1113355
1119999

0322229
3326669
3886444
3856544
8855570
1117777
1119999

0777789
4478889
4448666
2222655
2333650
1113355
1119999

0222289
5258889
5558111
4333111
4463370
4467777
6669999

0344889
7344489
7336288
7736255
7666250
1112255
1119999

0333889
6663389
6444288
6744255
7777250
1112255
1119999

0333889
7443389
7446288
7746255
7666250
1112255
1119999

0422229
7448829
7448666
7788655
7333650
1113355
1119999

0333889
1123389
1124488
1124455
6227450
6777755
6669999

0444889
6443389
6333788
6667755
2222750
1112755
1119999

0333889
6443389
6444788
6667755
2222750
1112755
1119999

0333889
6663389
6444788
6447755
2222750
1112755
1119999

0227889
1127789
1127688
1127655
4466650
4433355
4339999

0666889
1126789
1126788
1127755
4422750
4433355
4339999

0777739
1157539
1155533
1144883
6444280
6222288
6669999

0666889
1176289
1176288
1177255
4472250
4433355
4339999

0336669
1133369
1188565
1128555
4428870
4427777
4229999

0222239
6667239
1167733
1167883
1157580
4455588
4449999

0222239
7777239
1175533
1165883
1165580
4466688
4449999

0333889
1173389
1177488
1174455
6274450
6222255
6669999

0777739
1157539
1155533
1144883
6244480
6222288
6669999

0333889
6663389
6222288
6274455
1174450
1177455
1179999

0222239
8244439
8884433
1185553
1165750
1167777
6669999

0222239
5258839
5557833
1177883
1167440
1167444
6669999

0333119
3322119
5552118
5452888
4462870
4467777
6669999

0333119
3322119
6662118
6442888
6442870
5457777
5559999

0333119
3322119
5552118
5452888
6442870
6447777
6669999

0333119
3322119
6662118
4462888
4462870
5457777
5559999

0666119
4446119
8446112
8882222
5583330
5777733
5579999

0446119
4446119
8666112
8882222
5583330
5777733
5579999

0333119
3344119
2444118
2555888
2565870
2267777
6669999

0444119
3344119
2333118
2555888
2565870
2267777
6669999

0115559
3115759
3117777
3388444
6382440
6882222
6669999

0115559
3115759
3117744
3388744
6382740
6882222
6669999

0333889
6663389
6777788
6227455
1124450
1124455
1129999

0388449
3382449
3882545
3112555
6112270
6117777
6669999

0333449
3382449
8882545
8112555
6112270
6117777
6669999

0344559
3344459
3666558
3226888
1126870
1127777
1129999

0336669
4433369
4488565
4228555
1128870
1127777
1129999

0411889
4411789
4411788
3337755
6233750
6222255
6669999

0388449
3384449
3882222
3115552
6115750
6117777
6669999

0333449
3384449
8882222
8115552
6115750
6117777
6669999

0322229
3344829
3444888
3115558
6115750
6117777
6669999

0333889
3311689
4411688
4411666
4222270
5257777
5559999

0333449
3374449
7777666
2288655
2118650
2118855
2119999

0333889
3366689
7777688
2274655
2114450
2114455
2119999

0333889
3311289
4411288
4411255
6472250
6777755
6669999

0666889
7611289
7611288
7711255
7332250
4433355
4449999

0344559
3344459
3211558
3211888
6211870
6227777
6669999

0411889
4411689
4411688
7266655
7222250
7733355
7339999

0444889
3441189
3361188
2361155
2366650
2777755
2279999

0333889
6663389
6222288
6271155
4771150
4471155
4479999

0333889
3355589
4452588
4442222
1166670
1167777
1169999

0322889
3321189
3721188
3721155
6774450
6744455
6669999

0422229
4473329
4477333
8871155
6871150
6881155
6669999

0551139
2251139
2551133
2884443
2864470
8867777
6669999

0333889
4473389
4471188
4771155
6271150
6222255
6669999

