0333889
3344489
1114488
1112222
5566672
0567777
5569999

0666889
1116789
1116788
3337744
5533744
0522224
5529999

0777739
1117339
1112388
2222386
5544886
0544666
5549999

0333889
3344489
1114488
1117666
5577776
0522226
5529999

0333889
3344489
1114488
1117777
5566672
0562222
5569999

0666279
1116279
1116277
3332274
5533844
0588844
5589999

0333889
6663389
6555288
6575211
7777211
0442211
4449999

0333889
7553389
7756288
7556211
7666211
0442211
4449999

0766639
7777639
1118633
1118883
2222585
0442555
4449999

0111639
7111639
7766633
7822223
7888525
0448555
4449999

0333889
6663389
6777788
6227411
5524411
0524411
5529999

0444889
5544289
5222288
5566611
7777611
0733611
3339999

0111739
8111739
8887733
4485753
4465552
0462222
6669999

0386669
3388869
3111867
3111557
2222577
0442557
4449999

0333889
6663389
6111788
6111755
2222775
0442755
4449999

0111889
6111289
6222288
6663444
5533744
0537777
5539999

0111379
8111379
8883377
4483575
4462555
0462222
6669999

0111889
4111839
4428833
4422223
5566673
0567777
5569999

0111889
2111689
2222688
4466655
4477775
0433755
3339999

0333889
6663389
6222288
6275511
7777511
0445511
4449999

0333889
6663389
6222288
6274411
5574411
0577411
5579999

0333889
3311189
4411188
4447777
5566672
0562222
5569999

0333889
3311189
4411188
4447666
5577776
0522226
5529999

0333889
3311189
4411188
4442222
5566672
0567777
5569999

0333889
3344489
6664488
6275511
6277511
0275511
2279999

0333889
5573389
5777788
5566611
2222611
0442611
4449999

0777739
8857539
6855533
6881113
6661112
0442222
4449999

0866639
7888639
7558633
7751113
7551112
0442222
4449999

0222239
5258839
5558337
4488377
4461117
0461117
6669999

0222289
5258889
5558337
4433377
4461117
0461117
6669999

0322229
3328449
3888444
3871116
5571116
0577666
5579999

0344889
3344489
3222288
3271116
5571116
0577666
5579999

0881119
2681119
2688557
2666577
2233557
0443337
4449999

0881119
2381119
2388557
2336577
2236557
0446667
4449999

0881119
2381119
2388666
2335556
2235756
0447777
4449999

0886669
2385569
2388567
2335577
2231117
0441117
4449999

0344889
3344489
3777788
3227666
5521116
0521116
5529999

0222269
1155269
1156668
1155888
7777844
0733444
3339999

0225559
1125459
1124488
1124486
7777886
0733666
3339999

0226669
1126889
1126844
1128844
7777545
0733555
3339999

0885559
1185659
1188622
1166642
7777442
0733442
3339999

0881119
2281119
2788344
2773344
2763545
0763555
6669999

0666449
7556449
7756422
7553112
7883112
0833112
8839999

0551119
2251119
2557777
2833376
2888336
0448666
4449999

0881119
2281119
2788333
2773355
2764445
0764455
6669999

0551119
2251119
2558666
2888336
2833376
0447777
4449999

0886669
1182269
1188267
1133277
3335257
0445557
4449999

0666449
7556449
7756422
7558112
7888112
0833112
3339999

0777789
1178889
1168333
1163344
5566644
0522224
5529999

0336669
1133369
1148867
1144877
5544887
0522227
5529999

0333889
3322689
4442688
4472666
5572111
0577111
5579999

0884449
1184479
1188377
1122376
5523376
0523666
5529999

0222239
5258839
5557833
4477883
4467111
0467111
6669999

0444889
1144839
1128833
1122223
5566673
0567777
5569999

0755449
7754449
3755112
3788112
3368112
0368822
6669999

0355449
3354449
3755112
3788112
7768112
0768822
6669999

0222239
6668239
6888733
6877773
5544111
0544111
5549999

0116669
7118869
7118565
7788555
7222244
0233444
3339999

0666229
7556249
7756244
7558244
7888111
0833111
3339999

0666229
7556249
7756244
7553244
7883111
0833111
8839999

0444889
2244689
2755688
2775666
2755111
0733111
3339999

0114449
6114489
6118887
6668337
5533377
0522227
5529999

0114449
6114439
6118837
6668337
5588377
0522227
5529999

0444119
8844119
3822117
3882557
3362577
0362557
6669999

0388119
3386119
3886117
3226667
5524477
0524447
5529999

0333119
3386119
8886117
8226667
5524477
0524447
5529999

0666119
4886119
4486117
4488337
5533377
0522227
5529999

0444119
6844119
6888117
6668337
5533377
0522227
5529999

0666119
7556119
7756112
7553442
7883442
0833422
8839999

0666119
7556119
7756112
7558442
7888442
0833422
3339999

0666889
7611289
7611288
7711255
7333225
0443355
4449999

0333119
3386119
8886117
8666557
2222577
0442557
4449999

0388119
3386119
3886117
3666557
2222577
0442557
4449999

0666119
2246119
2446117
2443557
2883577
0833557
8839999

0666119
2246119
2446117
2448557
2888577
0833557
3339999

0722889
7721189
3721188
3721155
3364445
0364455
6669999

0322889
3321189
3721188
3721155
7764445
0764455
6669999

0551179
2251179
2551177
2833376
2888336
0448666
4449999

