0333889
3344489
1114488
1112222
5566672
5067777
5569999

0666889
1116789
1116788
3337744
5533744
5022224
5529999

0777739
1117339
1112388
2222386
5544886
5044666
5549999

0333889
1113389
1112788
2222755
6444775
6044755
6669999

0777739
4478839
4446833
1116883
1116662
5052222
5559999

0333889
3344489
1114488
1117666
5577776
5022226
5529999

0777739
4447339
4488322
1118362
1118862
5056662
5559999

0666889
1116289
1116288
7444255
7744225
7033355
7339999

0333889
3372289
7777288
1116244
1116244
5056664
5559999

0777739
4447339
4422388
1112386
1112886
5052666
5559999

0333889
3344489
1114488
1117777
5566672
5062222
5569999

0422229
7448829
7448666
7788611
7333611
5053311
5559999

0666889
1116789
1116788
2222774
2333744
5053344
5559999

0666279
1116279
1116277
3332274
5533844
5088844
5589999

0333889
1113389
1112788
4442755
6442775
6022755
6669999

0333889
6663389
6444288
6744211
7777211
5052211
5559999

0333889
7443389
7446288
7746211
7666211
5052211
5559999

0344889
7344489
7336288
7736211
7666211
5052211
5559999

0333889
1113389
1117488
2277446
2557446
2057666
2559999

0666449
1116449
1116347
2288377
2558337
2058837
2559999

0333889
1113389
1115588
7777544
6725544
6022224
6669999

0333889
6663389
6777788
6227411
5524411
5024411
5529999

0333889
5553389
5752288
7777211
6444211
6044211
6669999

0744889
7744489
6732288
6733211
6663211
5053211
5559999

0111739
8111739
8887733
4485753
4465552
4062222
6669999

0111889
2111839
2448837
2446337
2246377
5056667
5559999

0111889
2111389
2447388
2447336
2247736
5057666
5559999

0386669
3388869
3111867
3111477
2222447
5052447
5559999

0333889
6663389
6111788
6111774
2222744
5052744
5559999

0444889
2244389
2111388
2111336
2777736
5057666
5559999

0885559
4485359
4488322
4111332
6111732
6077772
6669999

0111889
6111289
6222288
6663444
5533744
5037777
5539999

0111889
3111289
3222288
3377774
6357544
6055544
6669999

0111889
3111289
3222288
3344555
6344575
6047777
6669999

0111889
3111289
3222288
3347777
6344575
6044555
6669999

0111889
3111289
3222288
3355544
6357544
6077774
6669999

0333889
2273389
2777788
2111666
2111446
5054446
5559999

0666889
7642289
7644288
7744211
7333211
5053311
5559999

0111379
8111379
8883377
4483575
4462555
4062222
6669999

0111889
4111839
4428833
4422223
5566673
5067777
5569999

0111889
2111689
2222688
4466655
4477775
4033755
3339999

0311169
3311169
3886667
3822227
8824477
5054447
5559999

0666889
7611189
7611188
7733344
7332444
5052222
5559999

0333889
3311189
4411188
4422226
4777726
5057666
5559999

0333889
6663389
6222288
6274411
5574411
5077411
5579999

0333889
3311189
4411188
4447777
5566672
5062222
5569999

0222289
5258889
5558666
7444611
7744611
7033311
7339999

0411169
4411169
4486667
2388877
2335857
2035557
2239999

0333889
3311189
4411188
4447666
5577776
5022226
5529999

0777789
4478889
4448666
2222611
2333611
5053311
5559999

0222239
7211139
7711133
7866643
7888644
5058644
5559999

0744889
7744489
6711188
6711133
6663332
5052222
5559999

0333889
3311189
4411188
4442222
5566672
5067777
5569999

0333889
3311189
2211188
2555444
2565744
2067777
6669999

0333889
3311189
7211188
7222255
7764445
7064455
6669999

0333889
6663389
6444788
6447711
2222711
5052711
5559999

0333889
6443389
6444788
6667711
2222711
5052711
5559999

0444889
6443389
6333788
6667711
2222711
5052711
5559999

0333889
3355879
4458872
4455772
6411172
6011122
6669999

0333889
3366689
7777688
2274611
2554411
2054411
2559999

0333449
3374449
7777666
2288611
2558611
2058811
2559999

0311179
3311179
3448877
3444876
2222886
5052666
5559999

0471119
4471119
4477388
2273386
2553886
2053666
2559999

0441119
4441119
7777388
2273386
2553886
2053666
2559999

0441119
4441119
3337777
2233786
2558886
2058666
2559999

0411179
4411179
4438877
2233876
2553886
2053666
2559999

0777789
2278889
2448666
2444611
2333611
5053311
5559999

0666889
2246789
2446788
2447711
2333711
5053311
5559999

0441119
4441119
7777333
2273386
2558886
2058666
2559999

0471119
4471119
4477333
2273386
2558886
2058666
2559999

0722229
7721119
6731118
6733888
6663844
5053444
5559999

0866639
7888639
7748633
7441113
7441112
5052222
5559999

0777739
8874439
6844433
6881113
6661112
5052222
5559999

0744439
7744839
6788833
6781113
6661112
5052222
5559999

0766639
7777639
4488633
4481113
4881112
5052222
5559999

0222239
5258839
5558337
4488377
4461117
4061117
6669999

0222289
5258889
5558337
4433377
4461117
4061117
6669999

0722229
7723339
6733111
6788111
6668444
5058844
5559999

0322229
3328449
3888444
3871116
5571116
5077666
5579999

0344889
3344489
3222288
3271116
5571116
5077666
5579999

0881119
2681119
2688447
2666447
2233477
5053337
5559999

0881119
2381119
2388447
2336447
2236477
5056667
5559999

0881119
2381119
2388666
2334446
2234476
5057777
5559999

0333889
6663389
6777788
6447111
4442111
5052222
5559999

0222289
5258889
5558111
6667111
6777744
6033444
3339999

0344889
3344489
3777788
3227666
5521116
5021116
5529999

0448839
6448339
6488311
6662311
2222711
5057777
5559999

0322449
7332449
7732411
7832611
7888611
5058666
5559999

0886669
4485569
4488567
4325577
3321117
3021117
3229999

0222239
8666239
8886337
4486377
4441117
5051117
5559999

0222239
8844239
6844337
6884377
6661117
5051117
5559999

0445559
4445659
2222611
2366611
3388711
3087777
3889999

0466689
4468889
4468337
2233377
2551117
2051117
2559999

0322229
3366629
3884611
3844611
8844711
5057777
5559999

0466639
4468839
4468337
2288377
2551117
2051117
2559999

0666449
2236449
2336847
2388877
2381117
5051117
5559999

0322229
7334429
7734411
7834611
7888611
5058666
5559999

0333889
2273389
2777788
2444666
2441116
5051116
5559999

0822229
4888329
4468311
4463311
6663711
5057777
5559999

0881119
4481119
4488552
4777752
6337552
6033322
6669999

0333449
3384449
2288811
2555811
2565711
2067777
6669999

0448839
4448339
2288311
2555311
2565711
2067777
6669999

0777789
1178889
1158532
1155532
6444332
6044322
6669999

0881119
4481119
4488552
4777752
6667552
6033322
6339999

0441119
7441119
7486662
7788862
7333862
5053322
5559999

0881119
4481119
4488557
4326577
3326557
3026667
3229999

0881119
4481119
4488666
4325556
3325756
3027777
3229999

0445559
4445859
7777888
2376668
2336111
2036111
2239999

0475559
4475859
4477888
2376668
2336111
2036111
2239999

0777739
1178839
1162833
1162883
6662444
5052244
5559999

0344469
7334469
7736662
7832222
7888111
5058111
5559999

0885559
1185359
1188322
1144332
6444732
6077772
6669999

0777789
1178889
1168322
1164332
6664432
5054432
5559999

0777789
1178889
1168322
1163342
6663442
5053442
5559999

0881119
2281119
2688334
2633344
2666744
5057777
5559999

0881119
2281119
2688337
2633377
2666447
5054447
5559999

0777789
1178889
1168333
1163344
5566644
5022224
5529999

0336669
1133369
1148867
1144877
5544887
5022227
5529999

0333889
3322689
4442688
4472666
5572111
5077111
5579999

0777739
1174339
1144388
1144386
2222886
5052666
5559999

0777739
1147339
1144388
1144386
2222886
5052666
5559999

0884479
1184479
1188477
1133376
2222336
5052666
5559999

0884449
1184479
1188377
1122376
5523376
5023666
5529999

0222239
7266639
7764433
7864443
7888111
5058111
5559999

0777789
1178889
1168444
1163344
6662333
5052222
5559999

0222239
5258839
5557833
4477883
4467111
4067111
6669999

0777789
1178889
1168333
1163344
6662444
5052222
5559999

0333869
3388869
1186667
1122227
1124477
5054447
5559999

0444889
1144839
1128833
1122223
5566673
5067777
5569999

0333889
3372289
1177288
1176244
1176244
5056664
5559999

0333889
3366689
1167288
1167244
1177244
5057224
5559999

0333889
6663389
1167288
1167244
1177244
5057224
5559999

0333449
3324449
1128666
1128886
1122786
5057777
5559999

0333889
3344689
1144688
1147666
1177772
5052222
5559999

0333889
3344489
1164488
1167777
1166672
5052222
5559999

0443889
4443689
1133688
1137666
1177772
5052222
5559999

0333889
3344489
1164488
1162222
1166672
5057777
5559999

0722229
7777429
1134488
1134486
1133886
5053666
5559999

0222239
6668239
6888733
6877773
5544111
5044111
5549999

0333889
3322869
1128867
1126667
1124477
5054447
5559999

0333889
3322879
1128877
1124476
1124476
5054666
5559999

0333449
3322449
1127488
1127786
1127886
5057666
5559999

0333889
3322689
1127688
1127666
1127744
5057444
5559999

0333449
3322449
1128847
1126877
1126887
5056667
5559999

0333889
3322789
1127788
1126744
1126744
5056664
5559999

0444889
6443389
6333788
6667777
2222111
5052111
5559999

0333889
6443389
6444788
6667777
2222111
5052111
5559999

0333889
6663389
6444788
6447777
2222111
5052111
5559999

0333889
3344489
1124488
1122226
1177776
5057666
5559999

0114449
7112449
7112222
7733386
7338886
5058666
5559999

0112889
7112689
7112688
7722666
7333444
5053344
5559999

0555119
3575119
3772118
3372888
6372844
6022444
6669999

0116669
2116889
2116844
2338844
2233374
5057777
5559999

0466639
4468839
4467833
2277883
2557111
2057111
2559999

0777739
4447839
4488833
2286663
2556111
2056111
2559999

0777739
2278839
2666833
2644883
2644111
5054111
5559999

0114449
3114489
3118887
3358577
6355527
6022227
6669999

0114449
6114489
6118887
6668337
5533377
5022227
5529999

0114449
6114439
6118837
6668337
5588377
5022227
5529999

0117559
6117759
6117558
6667888
2222844
2033444
3339999

0114889
6114489
6114488
6667777
2222575
2033555
3339999

0114449
6114489
6118887
6668557
2222577
2033557
3339999

0115559
6115759
6117777
6668844
2222844
2033884
3339999

0116669
7118869
7118462
7788442
7333442
5053322
5559999

0666119
4446119
4486117
2388877
2335857
2035557
2239999

0666119
3886119
3386117
2388557
2344577
2044557
2249999

0114449
7118449
7118886
7733386
7332666
5052222
5559999

0333889
2113389
2117488
2117446
2277446
5057666
5559999

0333889
2113389
2114488
2114446
2277776
5057666
5559999

0666889
2116789
2116788
2117744
2233744
5053334
5559999

0444889
2244389
2117388
2117336
2117736
5057666
5559999

0444889
2244839
2118837
2116337
2116377
5056667
5559999

0444119
3844119
3888117
3358577
6355527
6022227
6669999

0322119
7332119
7732114
7832644
7888644
5058666
5559999

0388119
3386119
3886117
3226667
5524477
5024447
5529999

0333119
3386119
8886117
8226667
5524477
5024447
5529999

0666119
4886119
4486117
4488337
5533377
5022227
5529999

0444119
6844119
6888117
6668337
5533377
5022227
5529999

0344889
3344489
3112788
3112755
6112775
6022755
6669999

0557119
6577119
6557118
6667888
2222844
2033444
3339999

0666119
5556119
5756118
7777888
2222844
2033444
3339999

0666119
4886119
4486117
4488557
2222577
2033557
3339999

0444119
6844119
6888117
6668557
2222577
2033557
3339999

0555119
3575119
3778112
3378882
6374482
6044422
6669999

0411889
4411389
4411388
2222336
2777736
5057666
5559999

0711239
7711239
6711233
6788223
6668444
5058844
5559999

0333119
3386119
8886117
8666477
2222447
5052447
5559999

0388119
3386119
3886117
3666477
2222447
5052447
5559999

