0333889
1113389
1112788
2222774
6555744
6505744
6669999

0333229
3344429
1114427
1118827
6555877
6505887
6669999

0333889
5553389
5754288
7744211
6744211
6702211
6669999

0333889
6663389
6555288
6575211
7777211
4402211
4449999

0333889
7553389
7756288
7556211
7666211
4402211
4449999

0722229
7777829
1113888
1113348
6555344
6505344
6669999

0766639
7777639
1118633
1118883
2222585
4402555
4449999

0344889
3344489
3755288
3775211
6755211
6702211
6669999

0333889
1113389
1117488
2277446
2557446
2507666
2559999

0666449
1116449
1116347
2288377
2558337
2508837
2559999

0111639
7111639
7766633
7822223
7888525
4408555
4449999

0333889
4443389
4472288
7777211
6555211
6505211
6669999

0333889
5553389
5752288
7744211
6744211
6704211
6669999

0386669
3388869
3111867
3111557
2222577
4402557
4449999

0333889
6663389
6111788
6111755
2222775
4402755
4449999

0333889
6663389
6222288
6275511
7777511
4405511
4449999

0333229
3311129
4411127
4448827
6555877
6505887
6669999

0333889
5573389
5777788
5566611
2222611
4402611
4449999

0333889
3366689
7777688
2274611
2554411
2504411
2559999

0333449
3374449
7777666
2288611
2558611
2508811
2559999

0471119
4471119
4477388
2273386
2553886
2503666
2559999

0441119
4441119
7777388
2273386
2553886
2503666
2559999

0441119
4441119
3337777
2233786
2558886
2508666
2559999

0411179
4411179
4438877
2233876
2553886
2503666
2559999

0441119
4441119
7777333
2273386
2558886
2508666
2559999

0471119
4471119
4477333
2273386
2558886
2508666
2559999

0777739
8857539
6855533
6881113
6661112
4402222
4449999

0866639
7888639
7558633
7751113
7551112
4402222
4449999

0881119
2681119
2688557
2666577
2233557
4403337
4449999

0881119
2381119
2388557
2336577
2236557
4406667
4449999

0881119
2381119
2388666
2335556
2235756
4407777
4449999

0886669
2385569
2388567
2335577
2231117
4401117
4449999

0441119
4441119
3882222
3382555
6388575
6307777
6669999

0466689
4468889
4468337
2233377
2551117
2501117
2559999

0466639
4468839
4468337
2288377
2551117
2501117
2559999

0551119
2251119
2557777
2833376
2888336
4408666
4449999

0551119
2251119
2558666
2888336
2833376
4407777
4449999

0886669
1182269
1188267
1133277
3335257
4405557
4449999

0777739
4478839
4442833
2222883
6555111
6505111
6669999

0355449
3354449
3755112
3788112
6778112
6708822
6669999

0722229
7777829
4433888
4443338
6555111
6505111
6669999

0466639
4468839
4467833
2277883
2557111
2507111
2559999

0777739
4447839
4488833
2286663
2556111
2506111
2559999

0666889
7611289
7611288
7711255
7333225
4403355
4449999

0333119
3386119
8886117
8666557
2222577
4402557
4449999

0388119
3386119
3886117
3666557
2222577
4402557
4449999

0322889
3321189
3721188
3721155
6774445
6704455
6669999

0551179
2251179
2551177
2833376
2888336
4408666
4449999

