0333889
1113389
1112488
2222446
7777446
5750666
5559999

0333889
1113389
1112788
2222755
6444775
6440755
6669999

0333889
3375589
7777588
6665511
6222211
6440211
4449999

0333889
6663389
6555788
6525711
4427711
4420711
4229999

0766639
7777639
1118633
1118883
2222585
2440555
4449999

0446669
4446889
1116832
1118832
7777332
5750322
5559999

0442239
4442339
1112388
1112386
7777886
5750666
5559999

0422229
4423339
4455733
8857711
6855711
6880711
6669999

0322229
3328449
3888444
3866611
7777611
5750611
5559999

0336669
2233369
2448867
2448557
2488577
1110557
1119999

0336669
2233369
2777768
2575888
2555844
1110444
1119999

0333889
5553389
5752288
7777211
6444211
6440211
6669999

0333889
6663389
6742288
6744211
7744211
5750211
5559999

0333889
5553389
5752288
7744211
6744211
6740211
6669999

0333889
6663389
6442288
6444211
7777211
5750211
5559999

0444889
2244389
2555388
2575336
2777736
1110666
1119999

0777739
2275539
2666533
2685543
2688844
1110844
1119999

0333889
2243389
2446788
2446755
2666775
1110755
1119999

0333889
2243389
2644788
2644755
2666775
1110755
1119999

0111889
7111489
7734488
7334426
7322226
5350666
5559999

0333889
6663389
6111288
6111244
7777244
5750224
5559999

0777789
2278889
2558444
2533446
2553336
1110666
1119999

0333889
3372289
5572488
5772446
5572446
1110666
1119999

0333889
3342289
6442788
6442755
6662775
1110755
1119999

0386669
3388869
3111867
3111557
2222577
2440557
4449999

0333889
6663389
6111788
6111755
2222775
2440755
4449999

0333889
3366689
2222688
4442655
4477775
1110755
1119999

0446669
4448869
3111862
3111882
3377772
5350722
5559999

0386669
3388869
3111862
3111442
7777442
5750422
5559999

0333869
3388869
2286667
2111557
2111577
2440557
4449999

0344889
3344489
3255788
3257711
6255711
6220711
6669999

0111889
7111389
7444388
7744336
7222236
5250666
5559999

0111889
7111389
7744388
7444336
7222236
5250666
5559999

0386669
3388869
3555862
3575442
7777442
1110422
1119999

0885559
4485659
4488632
4766632
7777332
1110322
1119999

0446669
4446889
5556832
5758832
7777332
1110322
1119999

0885559
4485359
4488332
4766632
7777632
1110622
1119999

0222239
5257339
5557388
4477386
4447886
1110666
1119999

0222239
7288339
7786344
7886344
7666545
1110555
1119999

0222239
7244339
7744388
7545386
7555886
1110666
1119999

0111889
2111689
2222688
7333666
7553344
7750444
7559999

0344889
3344489
3222288
3266611
7777611
5750611
5559999

0333889
6663389
6222288
6274411
5574411
5770411
5579999

0333889
5573389
5777788
5566611
2222611
2440611
4449999

0344889
3344489
3211188
3211155
6277775
6220755
6669999

0322229
3311129
3711188
3744486
7744886
5750666
5559999

0344889
3344489
3711188
3711126
7722226
5750666
5559999

0744889
7744489
3711188
3711126
3322226
5350666
5559999

0722229
7711129
3711188
3744486
3344886
5350666
5559999

0422229
4423339
4411133
8811155
6877775
6880755
6669999

0311169
7311169
7336662
7738442
7888442
5850422
5559999

0333889
3372689
5572688
5772666
5572244
1110444
1119999

0444889
7442389
7552388
7752336
7552236
1110666
1119999

0333889
6663389
6555288
6575244
7777244
1110224
1119999

0333889
7553389
7756288
7556244
7666244
1110224
1119999

0554449
2254479
2557777
2366611
2388611
3380611
3889999

0322229
7321119
7331114
7738644
7888644
5850666
5559999

0557889
2577689
2557688
2337666
2233344
1110444
1119999

0755889
2775389
2755388
2744336
2244436
1110666
1119999

0886669
2385569
2388567
2335577
2234447
1110447
1119999

0555889
2545869
2448867
2446667
2233377
1110337
1119999

0666449
2688449
2685457
2885557
2233377
1110337
1119999

0755889
2775689
2755688
2766644
2233344
1110334
1119999

0666889
2655589
2657588
2777744
2233344
1110334
1119999

0446669
2448869
2545867
2555887
2233377
1110337
1119999

0885559
2685459
2688447
2666447
2233377
1110337
1119999

0421119
4421119
4423666
7223886
7553386
7750388
7559999

0777739
2575339
2555388
2444386
2244886
1110666
1119999

0388449
3384449
3881112
3551112
6577772
6550722
6669999

0333449
3384449
8881112
8551112
6577772
6550722
6669999

0421119
4421119
4428666
7228886
7553386
7750333
7559999

0336669
2433369
2448867
2448557
2288577
1110557
1119999

0555889
7535489
7734488
7334426
7322226
1110666
1119999

0333889
3344489
5574488
5777726
5522226
1110666
1119999

0333889
3375589
7777588
4445526
4422226
1110666
1119999

0333889
3355879
4458877
4455276
4222276
1110666
1119999

0333889
6663389
6444788
6442755
2222775
1110755
1119999

0333889
6443389
6444788
6662755
2222775
1110755
1119999

0333869
3388869
4486667
4442557
2222577
1110557
1119999

0486669
4488869
4433867
3332557
2222577
1110557
1119999

0444889
6443389
6333788
6662755
2222775
1110755
1119999

0386669
3388869
3444867
3442557
2222577
1110557
1119999

0336669
5533369
5777768
5572888
2222844
1110444
1119999

0322229
3328449
3888444
3871116
5571116
5770666
5579999

0344889
3344489
3222288
3271116
5571116
5770666
5579999

0333889
5573389
5777788
5521116
4421116
4420666
4229999

0466689
4468889
4468211
7222211
7553311
7750333
7559999

0333889
2273389
2777788
2441116
2441116
5450666
5559999

0422229
4423339
4486733
8886755
8666775
1110755
1119999

0322229
3324479
3884477
3854576
8855576
1110666
1119999

0333889
3344489
6664488
6222255
6277775
1110755
1119999

0222289
5258889
5558111
7777111
6733344
6330444
6669999

0226669
4426889
4426811
7428811
7553311
7750333
7559999

0322229
7324449
7334411
7738611
7888611
5850666
5559999

0221119
4421119
4428666
7428886
7553386
7750333
7559999

0221119
4421119
4423666
7423886
7553386
7750388
7559999

0426669
4426889
4426811
7228811
7553311
7750333
7559999

0422229
4488329
4483311
7883611
7553611
7750666
7559999

0322229
7344429
7334411
7738611
7888611
5850666
5559999

0422229
4433329
4486337
8886557
8666577
1110557
1119999

0422229
4475529
4477511
8875511
6873311
6880333
6669999

0322229
7334429
7734488
7535486
7555886
1110666
1119999

0722229
7748829
6744855
6744885
6663355
1110333
1119999

0722449
7724449
3728811
3728611
3388611
5350666
5559999

0322449
3324449
3728811
3728611
7788611
5750666
5559999

0344889
3344489
3255788
3257777
6255111
6220111
6669999

0885559
1185659
1188632
1166632
7777332
4470322
4449999

0777789
1178889
1158532
1155532
6444332
6440322
6669999

0885559
1185359
1188332
1166632
7777632
4470622
4449999

0444239
6844239
6888233
6668223
7777111
5750111
5559999

0666239
5556239
5856233
7888223
7748111
7440111
7449999

0666239
7644239
7644233
7748223
7888111
5850111
5559999

0666239
4886239
4486233
4488223
7777111
5750111
5559999

0666239
7446239
7446233
7748223
7888111
5850111
5559999

0557239
6577239
6557233
6667223
4488111
4480111
4889999

0666239
5556239
5756233
7777223
4488111
4480111
4889999

0881119
4481119
4488666
7422226
7553326
7750333
7559999

0336669
5533369
5777762
5572222
4488111
4480111
4889999

0442239
4442339
5552388
5752386
7777886
1110666
1119999

0486669
4488869
4433862
3332222
7777111
5750111
5559999

0333869
3388869
4486662
4442222
7777111
5750111
5559999

0386669
3388869
3444862
3442222
7777111
5750111
5559999

0551119
2251119
2557777
2366674
2388644
3380644
3889999

0551119
2251119
2557666
2377776
2388446
3380444
3889999

0333449
3386449
8886422
8666112
7777112
5750112
5559999

0555449
7535449
7733422
7883112
7863112
8860112
6669999

0881119
2281119
2788666
2773336
2733446
5750444
5559999

0881119
2281119
2788444
2733446
2773336
5750666
5559999

0466639
4468839
4462833
2222883
7777111
5750111
5559999

0445559
7445359
7743322
7883112
7863112
8860112
6669999

0388449
3386449
3886422
3666112
7777112
5750112
5559999

0333889
3322689
5572688
5772666
5572111
4470111
4449999

0333889
3322689
7552688
7752666
7552111
7440111
4449999

0333889
3322689
4442688
4472666
5572111
5770111
5579999

0333889
3322689
4442688
7442666
7552111
7750111
7559999

0322889
3342689
3442688
3442666
7777111
5750111
5559999

0322889
4332689
4432688
4432666
7777111
5750111
5559999

0355579
3354579
3884477
3824476
8822226
1110666
1119999

0555889
7535689
7733688
7223666
7423111
4420111
4429999

0333449
3324449
6822227
6888557
6668577
1110557
1119999

0555889
7545389
7744388
7244336
7222236
1110666
1119999

0744889
7744489
3766688
3762222
3362111
5350111
5559999

0666889
7644489
7634488
7732222
7332111
5350111
5559999

0333889
5573389
5777788
5542222
6442111
6440111
6669999

0344889
3344489
3766688
3762222
7762111
5750111
5559999

0766639
7777639
4448633
2448883
2222585
1110555
1119999

0422229
4423339
4455733
8857777
6855111
6880111
6669999

0322229
3328649
3888644
3866644
7777111
5750111
5559999

0333889
5573389
5777788
5522666
1124446
1120446
1129999

0333889
5573389
5777788
5522446
1124446
1120666
1129999

0444889
7442689
7732688
7332666
7322111
5350111
5559999

0333889
3355589
1157588
1177776
1122226
4420666
4449999

0777739
5578839
5666833
5526883
4426111
4420111
4229999

0386669
3388869
3555862
3575442
1177442
1170422
1179999

0322229
3346829
3446888
3446668
7777111
5750111
5559999

0322229
3366629
3768844
3768444
7788111
5750111
5559999

0322229
4336829
4436888
4436668
7777111
5750111
5559999

0722229
7766629
3768844
3768444
3388111
5350111
5559999

0333119
3388119
2286117
2886557
2666577
2440557
4449999

0388229
3386249
3886244
3666244
7777111
5750111
5559999

0333229
3386249
8886244
8666244
7777111
5750111
5559999

0555229
7535249
7733244
7883244
7863111
8860111
6669999

0222289
5258889
5558337
1133377
1164447
1160447
6669999

0222239
5258839
5558733
1188743
1167744
1160744
6669999

0222239
5258839
5558337
1188377
1164447
1160447
6669999

0777739
2278839
2666833
2446883
2446111
5450111
5559999

0666119
7622119
7632118
7732888
7332844
5350444
5559999

0333889
6663389
6555288
6575244
1177244
1170224
1179999

0666889
3655589
3652588
3372222
4377111
4470111
4479999

0866639
4888639
4428633
4422223
7777111
5750111
5559999

0366689
3368889
3268444
3222244
7777111
5750111
5559999

0444889
3344689
2333688
2222666
7777111
5750111
5559999

0333889
3344689
2444688
2222666
7777111
5750111
5559999

0666119
5556119
5756118
2773888
2733844
2730444
2239999

0666119
2688119
2683117
2883557
2233577
4430557
4449999

0333449
3384449
8887777
8225756
1125556
1120666
1129999

0333449
3384449
8886667
8226557
1126577
1120557
1129999

0333119
3386119
8886117
8666557
2222577
2440557
4449999

0388449
3384449
3887777
3225756
1125556
1120666
1129999

0473889
4473389
4477388
2275356
2115556
2110666
2119999

0443889
4443389
7777388
2275356
2115556
2110666
2119999

0388449
3384449
3886667
3226557
1126577
1120557
1129999

0388119
3386119
3886117
3666557
2222577
2440557
4449999

0344889
3344489
3666788
3226755
1126775
1120755
1129999

0388119
3386119
3886112
3666442
7777442
5750422
5559999

0344119
3344119
3748112
3778882
6755582
6750522
6669999

0555119
7535119
7733112
7883442
7863442
8860422
6669999

0333119
3386119
8886112
8666442
7777442
5750422
5559999

0333559
3382259
8882557
8112477
6112447
6110447
6669999

0388559
3382259
3882557
3112477
6112447
6110447
6669999

0333119
3382119
8882117
8552477
6522447
6550447
6669999

0388119
3382119
3882117
3552477
6522447
6550447
6669999

0442119
4442119
6662117
6322557
6388577
3380557
3889999

0445559
4445359
7777388
2273386
2113886
2110666
2119999

0475559
4475359
4477388
2273386
2113886
2110666
2119999

0222239
4211339
4411388
4411386
7777886
5750666
5559999

0411889
4411689
4411688
2366655
2377775
2330755
2239999

0446669
8444369
8883367
2283557
2113577
2110557
2119999

0466689
4468889
4468755
2277775
2113355
2110333
2119999

0386669
3388869
3711862
3711442
7711442
5750422
5559999

0786669
7788869
3711862
3711442
3311442
5350422
5559999

0311449
3311449
3711422
3786662
7788862
5750862
5559999

0711449
7711449
3711422
3786662
3388862
5350862
5559999

0333889
6663389
6711288
6711244
7711244
5750224
5559999

0344889
3344489
3211788
3211755
6211775
6220755
6669999

0486669
4488869
4411867
2311557
2311577
2330557
2239999

0666119
2236119
2736118
2733888
2773844
5750444
5559999

0422229
4423339
4411733
8811755
6811775
6880755
6669999

0422229
4433329
4411337
8811557
6811577
6880557
6669999

0311449
3311449
3211488
3222286
7777886
5750666
5559999

0222269
7777269
5756668
5553888
1133844
1130444
1139999

0222269
4488269
4486667
4883557
1133577
1130557
1139999

0322229
3341129
3441188
3441186
7777886
5750666
5559999

0322229
4331129
4431188
4431186
7777886
5750666
5559999

0444889
7441189
7731188
7331126
7322226
5350666
5559999

0551179
2251179
2551177
2366674
2388644
3380644
3889999

