0333559
1113359
1118552
6668882
6777782
6447022
4449999

0333559
1113359
1117552
4777782
4468882
4468022
6669999

0666449
1116449
1116847
2388877
2385557
2335057
2239999

0557889
6577289
6557288
6667211
3332211
4433011
4449999

0666889
5556289
5756288
7777211
3332211
4433011
4449999

0557889
6577289
6557288
6667211
4442211
4433011
3339999

0666889
5556289
5756288
7777211
4442211
4433011
3339999

0222239
1116239
1116337
8666377
8885557
4485057
4449999

0111449
3111449
3222247
3388277
6385557
6885057
6669999

0666449
2236449
2336847
2388877
2385557
1115057
1119999

0111449
7111449
7733422
7883332
7865552
8865052
6669999

0333889
2273389
2777788
2444666
2445556
1115056
1119999

0333889
3366689
2222688
4442655
4477775
1117055
1119999

0446669
4448869
3111862
3111882
3377772
5357022
5559999

0111889
3111289
3666288
3376255
4376225
4477055
4479999

0222239
8666239
8886337
4486377
4445557
1115057
1119999

0222239
8844239
6844337
6884377
6665557
1115057
1119999

0388449
3384449
3887552
3777752
6111552
6111022
6669999

0333449
3384449
8887552
8777752
6111552
6111022
6669999

0422229
4423339
4478833
7777855
6111885
6111055
6669999

0755539
7754539
6744332
6744382
6668882
1118022
1119999

0445559
4445759
2687777
2688811
2666811
2233011
3339999

0333559
3366659
4468552
4468882
4777782
1117022
1119999

0111889
7111869
7558862
7756662
7553332
4433022
4449999

0755449
7754449
6755332
6733382
6668882
1118022
1119999

0556669
7544469
7554462
7733382
7338882
1118022
1119999

0644559
7644459
7666552
7733382
7338882
1118022
1119999

0554469
7544469
7556662
7733382
7338882
1118022
1119999

0666559
7644459
7644552
7733382
7338882
1118022
1119999

0445579
4445779
6665572
6833372
6888332
1118022
1119999

0333559
4443359
6447552
6777782
6668882
1118022
1119999

0333559
6663359
4468552
4468882
4777782
1117022
1119999

0355889
3352289
3755288
3774211
6744211
6744011
6669999

0333889
6663389
6222288
6274411
5574411
5774011
5579999

0666889
2611189
2611188
2777755
2273335
4433055
4449999

0222289
5258889
5558333
6663311
6777711
6447011
4449999

0344889
3344489
3211188
3211155
6277775
6227055
6669999

0422229
4423339
4411133
8811155
6877775
6887055
6669999

0336669
4433369
4411162
7411182
7558882
7758022
7559999

0744889
7744289
6734288
6733255
6663225
1113055
1119999

0322229
3321119
3881117
3866677
8865557
4465057
4449999

0388449
3384449
3881112
3551112
6577772
6557022
6669999

0333449
3384449
8881112
8551112
6577772
6557022
6669999

0441119
4441119
2555666
2575886
2777786
2233088
3339999

0333889
3344489
6664488
6222255
6277775
1117055
1119999

0441119
4441119
6662222
6882755
6877775
8833055
3339999

0336669
1133369
1144462
1174482
5578882
5778022
5579999

0441119
4441119
6665552
6885752
6877772
8833022
3339999

0777789
1178889
1158562
1155562
4446662
4433022
3339999

0777789
1178889
1158562
1155562
3336662
4433022
4449999

0225559
1125759
1127777
1128666
3338886
4433086
4449999

0225559
1125759
1127777
1128666
4448886
4433086
3339999

0441119
4441119
2222666
5572886
5777786
5533088
3339999

0766689
7768889
3768112
3744112
3344112
5354022
5559999

0333449
3384449
8887112
8557112
6577112
6557022
6669999

0366689
3368889
3768112
3744112
7744112
5754022
5559999

0388449
3384449
3887112
3557112
6577112
6557022
6669999

0386669
3388869
3555862
3575442
1174442
1177022
1179999

0333889
6663389
6222288
6274455
1174445
1177055
1179999

0116669
3116559
3116522
3378552
4378882
4477082
4479999

0222239
5258839
5557833
1177883
1167444
1167044
6669999

0222279
5258879
5558677
1188674
1166644
1133044
3339999

0222279
5258879
5558377
1188374
1163344
1163044
6669999

0666889
4476289
4476288
4773255
1173225
1133055
1139999

0333119
3388119
2448117
2448877
2465557
2265057
6669999

0445559
4445759
2117777
2118666
2118886
2233086
3339999

0333119
3388119
6668117
6228877
6425557
4425057
4429999

0344889
3344489
3777788
3227666
1125556
1125056
1129999

0446119
4446119
3666112
3777782
3378882
5358022
5559999

0666119
4446119
3446112
3777782
3378882
5358022
5559999

0333449
3384449
8887552
8117752
6117552
6117022
6669999

0388449
3384449
3887552
3117752
6117552
6117022
6669999

0466689
4468889
4468337
2233377
2115557
2115057
2119999

0311889
3311289
3711288
3774255
6744225
6744055
6669999

0466639
4468839
4468337
2288377
2115557
2115057
2119999

0333119
3388119
4428117
4428877
6425557
6225057
6669999

0311449
3311449
3211847
3288877
6285557
6225057
6669999

0411889
4411689
4411688
2366655
2377775
2337055
2239999

0333119
3388119
6668117
2268877
2465557
2445057
2449999

0444119
2244119
2333117
2883377
2865557
8865057
6669999

0446669
7441169
7431162
7731182
7338882
5358022
5559999

0666889
2671189
2671188
2771155
2273335
4433055
4449999

0666889
7621189
7621188
7721155
7223335
4433055
4449999

0722889
7721189
6721188
6721155
6663335
4433055
4449999

