0666229
1116329
1116327
5553327
5453877
4488807
4489999

0333559
1113359
1112557
2222887
6444877
6448807
6669999

0333889
1113389
1112688
2222644
5566644
5777704
5579999

0333889
1113389
1112288
7777244
6575244
6555204
6669999

0333889
1113389
1112288
7666244
7556244
7756204
7559999

0333889
1113389
1115588
7777544
6275544
6222204
6669999

0777739
2278839
2666833
2644883
2644555
1114505
1119999

0333559
2243359
2446557
2446887
2666877
1118807
1119999

0111449
3111449
3885457
3385557
6388277
6222207
6669999

0111449
8111449
8885457
3385557
6333277
6222207
6669999

0333559
2243359
2644557
2644887
2666877
1118807
1119999

0333559
3342259
6442557
6442887
6662877
1118807
1119999

0333559
6663359
6111557
6111887
2222877
2448807
4449999

0333889
6663389
6111288
6111244
7777244
5752204
5559999

0111889
3111289
3222288
3355544
6357544
6777704
6669999

0366629
3355629
3885627
3855227
8844477
1114407
1119999

0777739
4478839
4442833
2222883
6111555
6111505
6669999

0222289
5258889
5558666
7111644
7111644
7733304
7339999

0333889
5553389
5752288
7777244
6111244
6111204
6669999

0222239
7266639
7764433
7864443
7888555
1118505
1119999

0333889
6663389
6222288
6275544
7777544
1115504
1119999

0722229
7777829
4433888
4443338
6111555
6111505
6669999

0666889
3611189
3611188
3372222
4372555
4477505
4479999

0344469
7334469
7736662
7832222
7888555
1118505
1119999

0333889
5573389
5777788
5511144
6211144
6222204
6669999

0311129
3311129
3885527
3865227
8865577
4466607
4449999

0333889
6663389
6222288
6211144
5511144
5777704
5579999

0366629
3355629
3885627
3855227
8811177
4411107
4449999

0886669
2385569
2388567
2335577
2234447
1114407
1119999

0554449
6533449
6553337
6662887
2222877
1118807
1119999

0333559
6663359
6444557
6442887
2222877
1118807
1119999

0333559
6443359
6444557
6662887
2222877
1118807
1119999

0444559
6443359
6333557
6662887
2222877
1118807
1119999

0553339
6533449
6554447
6662887
2222877
1118807
1119999

0445559
3445859
3488822
3381112
6371112
6777702
6669999

0766689
7768889
2768111
2744111
2444555
2233505
3339999

0422229
4426669
4486557
8886577
8333557
1113307
1119999

0466689
4468889
4468557
2222577
2333557
1113307
1119999

0333889
6663389
6555288
6575244
7777244
1112204
1119999

0333889
7553389
7756288
7556244
7666244
1112204
1119999

0444889
6443389
6333788
6667777
2222555
1112505
1119999

0333889
6443389
6444788
6667777
2222555
1112505
1119999

0333889
6663389
6444788
6447777
2222555
1112505
1119999

0333889
5573389
5777788
5566644
2222644
1112604
1119999

0333889
1173389
1172288
1177244
6575244
6555204
6669999

0777739
1178839
1122833
1142883
6442555
6442505
6669999

0777739
1178839
1162833
1162883
6662555
4422505
4449999

0886669
1185569
1188567
1125577
4422227
4433307
4339999

0333889
1173389
1175588
1177544
6275544
6222204
6669999

0333889
5573389
5777788
5522666
1124446
1124406
1129999

0333889
6663389
6555288
6575244
1177244
1172204
1179999

0333829
3388829
1185527
1165227
1165577
4466607
4449999

0222249
5256449
5556447
3336667
1133877
1188807
1189999

0333889
6663389
6222288
6275544
1177544
1175504
1179999

0444119
8446119
8886117
5586667
5222277
5533207
3339999

0422229
4423339
4433557
1188577
1168557
1168807
6669999

0222289
5258889
5558337
1133377
1164447
1164407
6669999

0222249
5256449
5556447
1186667
1188877
1133807
3339999

0222239
5258839
5558337
1188377
1164447
1164407
6669999

0333119
3322119
5552117
5452887
4462877
4468807
6669999

0333119
3322119
6662117
6442887
6442877
5458807
5559999

0333119
3322119
5552117
5452887
6442877
6448807
6669999

0333119
3322119
6662117
4462887
4462877
5458807
5559999

0333119
3344119
2444117
2555887
2565877
2268807
6669999

0444119
3344119
2333117
2555887
2565877
2268807
6669999

0116669
7118869
7118565
7788555
7332222
4433302
4449999

0443229
6443329
6455327
6665327
1155877
1188807
1189999

0333229
3366629
4455627
4445627
1155877
1188807
1189999

0333889
3322689
4442688
4472666
1172555
1177505
1179999

0388449
3384449
3882557
3112577
6112557
6112207
6669999

0333449
3384449
8882557
8112577
6112557
6112207
6669999

0344559
3344459
3666557
3226887
1126877
1128807
1129999

0777739
4478839
4422833
4112883
6112555
6112505
6669999

0466639
4468839
4467833
2277883
2117555
2117505
2119999

0777739
4447839
4488833
2286663
2116555
2116505
2119999

0711889
7711689
2711688
2744666
2444555
2233505
3339999

0777739
2278839
2666833
2611883
2611555
4411505
4449999

0344559
3344459
3211557
3211887
6211877
6228807
6669999

0333889
5553389
5752288
7711244
6711244
6711204
6669999

0333889
6663389
6711288
6711244
7711244
5752204
5559999

0222239
6668239
6888733
6877773
1144555
1144505
1149999

0333229
3381129
8881127
8551127
6544477
6554407
6669999

0388229
3381129
3881127
3551127
6544477
6554407
6669999

0333889
6663389
6222288
6271144
5571144
5771104
5579999

0333889
5573389
5771188
5571144
6271144
6222204
6669999

