0333889
1113389
1112688
2222644
5566644
5777740
5579999

0333889
1113389
1112288
7777244
6575244
6555240
6669999

0333889
1113389
1112288
7666244
7556244
7756240
7559999

0333889
1113389
1115588
7777544
6275544
6222240
6669999

0111229
7111829
7788823
7585623
7555633
4466630
4449999

0554479
2254479
2554773
2866673
2888633
1118630
1119999

0444889
2244689
2555688
2575666
2777733
1113330
1119999

0222279
6111279
6111773
6665573
4488533
4485530
4889999

0333889
6663389
6111288
6111244
7777244
5752240
5559999

0222269
7777269
5576668
5444888
5544833
1113330
1119999

0222269
4455269
4456668
4755888
7777833
1113330
1119999

0222269
4455269
4456663
4755883
7777833
1118830
1119999

0222269
7777269
5576663
5444883
5544833
1118830
1119999

0222279
8333279
8883377
4486575
4446555
1116660
1119999

0111889
3111289
3222288
3355544
6357544
6777740
6669999

0777729
8857529
6855523
6884223
6664433
1114430
1119999

0866629
7888629
7558623
7754223
7554433
1114430
1119999

0111889
7111689
7444688
7744666
7222233
5253330
5559999

0111889
7111689
7744688
7444666
7222233
5253330
5559999

0222289
5258889
5558666
7111644
7111644
7733340
7339999

0222289
5258889
5558666
7111446
7111446
7733340
7339999

0333889
5553389
5752288
7777244
6111244
6111240
6669999

0111229
4111239
4488233
4478263
5578863
5776660
5579999

0111229
7111239
7788233
7448263
7448863
5456660
5559999

0333889
6663389
6222288
6275544
7777544
1115540
1119999

0111449
2111449
2222455
8877775
6833755
6883330
6669999

0448879
4448779
5588276
5222276
5533666
1113330
1119999

0422229
4411129
4411155
8877775
6833755
6883330
6669999

0333889
5573389
5777788
5511144
6211144
6222240
6669999

0311179
3311179
3222277
3286575
8886555
8446660
4449999

0333889
6663389
6222288
6211144
5511144
5777740
5579999

0444889
7442689
7552688
7752666
7552233
1113330
1119999

0885559
2385759
2388774
2336744
2236744
1116660
1119999

0884479
2384479
2388477
2336575
2236555
1116660
1119999

0755889
2775689
2755688
2744666
2244433
1113330
1119999

0421119
4421119
4426663
7226883
7556833
7758830
7559999

0421119
4421119
4426668
7226888
7556833
7753330
7559999

0884479
2684479
2688477
2666575
2233555
1113330
1119999

0666889
2655589
2657588
2777744
2233444
1113330
1119999

0755889
2775689
2755688
2766644
2233444
1113330
1119999

0866679
2888679
2448677
2444575
2233555
1113330
1119999

0885559
2685759
2688774
2666744
2233744
1113330
1119999

0666889
7655849
7658844
7755244
7222233
1113330
1119999

0477779
4465759
4465553
6662883
2222833
1118830
1119999

0777749
6575449
6555443
6662883
2222833
1118830
1119999

0445559
6445759
6477773
6662883
2222833
1118830
1119999

0477779
6445759
6445553
6662883
2222833
1118830
1119999

0555449
6575449
6777743
6662883
2222833
1118830
1119999

0477779
4465759
4465558
6662888
2222833
1113330
1119999

0777749
6575449
6555448
6662888
2222833
1113330
1119999

0445559
6445759
6477778
6662888
2222833
1113330
1119999

0555449
6575449
6777748
6662888
2222833
1113330
1119999

0477779
6445759
6445558
6662888
2222833
1113330
1119999

0477779
4457539
4455533
8822223
6821113
6881110
6669999

0421119
4421119
4427777
8822575
6833555
6883330
6669999

0477779
4457539
4455533
6661113
6881113
6822220
8829999

0881119
2381119
2388666
2335556
2235756
4477770
4449999

0333449
3384449
8887211
8557211
6577211
6557220
6669999

0766689
7768889
3768211
3744211
3344211
5354220
5559999

0388449
3384449
3887211
3557211
6577211
6557220
6669999

0366689
3368889
3768211
3744211
7744211
5754220
5559999

0425559
4425759
4427711
8822711
6833711
6883330
6669999

0222289
5258889
5558111
6667111
6777733
6443330
4449999

0222289
5258889
5558111
7777111
4766633
4463330
4469999

0425559
4425759
4427777
8822111
6833111
6883330
6669999

0333889
6663389
6777788
6575111
4555111
4422220
4429999

0322229
3328449
3888444
3876111
5576111
5776660
5579999

0344889
3344489
3222288
3276111
5576111
5776660
5579999

0344889
3344489
3766688
3762222
7761112
5751110
5559999

0333889
5573389
5777788
5542222
6441112
6441110
6669999

0666889
7644489
7634488
7732222
7331112
5351110
5559999

0744889
7744489
3766688
3762222
3361112
5351110
5559999

0333889
5573389
5777788
5526111
4426111
4426660
4229999

0422229
4455729
4457777
8855111
6833111
6883330
6669999

0333889
6663389
6555288
6575244
7777244
1112240
1119999

0333889
7553389
7756288
7556244
7666244
1112240
1119999

0221119
4421119
4426668
7426888
7556833
7753330
7559999

0221119
4421119
4426663
7426883
7556833
7758830
7559999

0333889
2273389
2777788
2446111
2446111
5456660
5559999

0422229
4455729
4457711
8855711
6833711
6883330
6669999

0431119
4431119
4433555
6663575
6887777
6822220
8829999

0322229
7335529
7735666
7835546
7888446
1118440
1119999

0336669
5533369
5777764
5578844
2222844
1112880
1119999

0222269
1155269
1156668
1155888
7777833
4473330
4449999

0222269
1155269
1156663
1155883
7777833
4478830
4449999

0333889
5573389
5777788
5566644
2222644
1112640
1119999

0226669
1124469
1124468
1124888
7777833
5753330
5559999

0227559
1127759
1127558
1127888
6444833
6443330
6669999

0777789
5578889
5338666
5533346
2222446
1112440
1119999

0226669
1124469
1124463
1124883
7777833
5758830
5559999

0227559
1127759
1127553
1127883
6444833
6448830
6669999

0333889
1173389
1172288
1177244
6575244
6555240
6669999

0881119
2281119
2788666
2774446
2733446
5753330
5559999

0881119
2281119
2788446
2774446
2733666
5753330
5559999

0551119
2251119
2557666
2377776
2388446
3384440
3889999

0881119
2281119
2388666
2377776
2335756
4435550
4449999

0881119
2281119
2788666
2773336
2733446
5754440
5559999

0445559
4445859
6667888
6277778
6222233
1113330
1119999

0555889
7545689
7744688
7244666
7222233
1113330
1119999

0555889
7565849
7768844
7266644
7222233
1113330
1119999

0666449
7886449
7786545
7288555
7222233
1113330
1119999

0446669
7448869
7748565
7288555
7222233
1113330
1119999

0444229
1144239
1188233
1178263
5578863
5776660
5579999

0333889
1173389
1175588
1177544
6275544
6222240
6669999

0333889
6663389
6555288
6575244
1177244
1172240
1179999

0333889
6663389
6222288
6275544
1177544
1175540
1179999

0333889
3355589
1152588
1162222
1167777
4466670
4449999

0222279
5258879
5558773
1188473
1164433
1164430
6669999

0222249
5257449
5557443
1177883
1167833
1168830
6669999

0222239
5258839
5557833
1177883
1167444
1167440
6669999

0222249
5257449
5557448
1177888
1167833
1163330
6669999

0117559
6117759
6117553
6667883
2222833
2448830
4449999

0117559
6117759
6117558
6667888
2222833
2443330
4449999

0112249
6112449
6112448
6662888
7777833
5753330
5559999

0112249
6112449
6112443
6662883
7777833
5758830
5559999

0422119
4462119
4462118
6662888
7777833
5753330
5559999

0422119
6442119
6442118
6662888
7777833
5753330
5559999

0422119
6442119
6442113
6662883
7777833
5758830
5559999

0422119
4462119
4462113
6662883
7777833
5758830
5559999

0333479
3384479
8884477
8226575
1126555
1126660
1129999

0333449
3384449
8887777
8226575
1126555
1126660
1129999

0333449
3384449
8887666
8227556
1127756
1127550
1129999

0557119
6577119
6557113
6667883
2222833
2448830
4449999

0666119
5556119
5756113
7777883
2222833
2448830
4449999

0666119
5556119
5756118
7777888
2222833
2443330
4449999

0557119
6577119
6557118
6667888
2222833
2443330
4449999

0388449
3384449
3887777
3226575
1126555
1126660
1129999

0388449
3384449
3887666
3227556
1127756
1127550
1129999

0388479
3384479
3884477
3226575
1126555
1126660
1129999

0377779
3347559
3448856
3448556
1188666
1122220
1129999

0355579
3358579
3888776
3844476
1144666
1122220
1129999

0377779
4337559
4438856
4438556
1188666
1122220
1129999

0666889
5576389
5776388
5573344
1173444
1122220
1129999

0422229
4411729
4411755
8811775
6833755
6883330
6669999

0766629
7777629
4455623
4445223
1155833
1188830
1189999

0333889
5553389
5752288
7711244
6711244
6711240
6669999

0333889
6663389
6711288
6711244
7711244
5752240
5559999

0446119
4446119
2666118
2222888
7777833
5753330
5559999

0666119
4446119
2446118
2222888
7777833
5753330
5559999

0446119
4446119
2666113
2222883
7777833
5758830
5559999

0666119
4446119
2446113
2222883
7777833
5758830
5559999

0421179
4421179
4421177
8822575
6833555
6883330
6669999

0333889
6663389
6222288
6271144
5571144
5771140
5579999

0554479
2254479
2554773
2881173
2861133
8861130
6669999

0333889
5573389
5771188
5571144
6271144
6222240
6669999

