0333889
3375589
7777588
6665511
6222211
6444211
0449999

0422229
4466629
4467777
3565711
3555811
3388811
0389999

0333889
1113389
1112788
6662774
6552744
6522744
0559999

0766639
7777639
1118633
1118883
2222585
2444555
0449999

0557889
6577289
6557288
6667211
4442211
4433311
0339999

0666889
5556289
5756288
7777211
4442211
4433311
0339999

0333889
6663389
6555288
6575211
4477211
4472211
0479999

0333889
6663389
6555288
6575211
7777211
4442211
0449999

0333889
7553389
7756288
7556211
7666211
4442211
0449999

0766639
7777639
1118633
1118883
2222585
4442555
0449999

0111639
7111639
7766633
7822223
7888525
4448555
0449999

0386669
3388869
3111867
3111557
2222577
2444557
0449999

0333889
6663389
6111788
6111755
2222775
2444755
0449999

0386669
3388869
3111867
3111557
2222577
4442557
0449999

0333889
6663389
6111788
6111755
2222775
4442755
0449999

0333869
3388869
2286667
2111557
2111577
2444557
0449999

0111889
6111289
6222288
6663555
4433575
4437777
0439999

0466689
4468889
4468557
3111577
3111557
3322227
0329999

0445559
4445759
2687777
2688811
2666811
2233311
0339999

0111889
2111389
2222388
6663344
6553744
6577774
0559999

0333889
6663389
6222288
6275511
4477511
4475511
0479999

0333889
6663389
6222288
6275511
7777511
4445511
0449999

0333889
5573389
5777788
5566611
2222611
2444611
0449999

0711169
7711169
2736668
2733888
2553844
2253444
0559999

0711139
7711139
2766633
2788643
2558644
2258844
0559999

0411139
4411139
4488337
6668377
6558827
6522227
0559999

0333889
5573389
5777788
5566611
2222611
4442611
0449999

0441119
4441119
2255588
2753586
2773886
2733666
0739999

0441119
4441119
2233355
2666335
2688755
2687777
0889999

0441119
4441119
2555666
2575886
2777786
2233388
0339999

0777739
8857539
6855533
6881113
6661112
4442222
0449999

0866639
7888639
7558633
7751113
7551112
4442222
0449999

0881119
2681119
2688557
2666577
2233557
4443337
0449999

0222239
5256339
5556311
4666311
4488711
4487777
0889999

0881119
2381119
2388557
2336577
2236557
4446667
0449999

0881119
2381119
2388666
2335556
2235756
4447777
0449999

0336669
8833369
2844467
2884477
2551117
2251117
0559999

0886669
2385569
2388567
2335577
2231117
4441117
0449999

0431119
4431119
4433887
6663877
6558827
6522227
0559999

0333889
5573389
5777788
5522666
4421116
4421116
0429999

0441119
4441119
6662222
6882755
6877775
8833355
0339999

0336669
8833369
7822565
7882555
7742111
7442111
0449999

0744889
7744689
2734688
2733666
2553111
2253111
0559999

0371119
3371119
3776662
3475562
4488562
4485522
0889999

0777739
8874439
2844433
2886663
2556111
2256111
0559999

0744439
7744839
2788833
2786663
2556111
2256111
0559999

0445559
4445859
2288811
2783611
2773611
2733666
0739999

0441119
4441119
6665552
6885752
6877772
8833322
0339999

0777789
1178889
1158562
1155562
4446662
4433322
0339999

0225559
1125759
1127777
1128666
4448886
4433386
0339999

0441119
4441119
2222666
5572886
5777786
5533388
0339999

0551119
2251119
2557777
2833376
2888336
4448666
0449999

0551119
2251119
2558666
2888336
2833376
4447777
0449999

0886669
1182269
1188267
1133277
3335257
4445557
0449999

0333889
3322689
7552688
7752666
7552111
7444111
0449999

0222239
5258839
5557833
6667883
6477111
6447111
0449999

0777739
4478839
4442833
6662883
6552111
6522111
0559999

0333119
3388119
2286117
2886557
2666577
2444557
0449999

0445559
4445759
3337722
1133762
1188762
1186662
0889999

0222279
5258879
5558677
1188674
1166644
1133344
0339999

0445559
4445759
2117777
2118666
2118886
2233386
0339999

0333119
3386119
8886117
8666557
2222577
2444557
0449999

0388119
3386119
3886117
3666557
2222577
2444557
0449999

0446119
4446119
7666112
7735552
7335852
7388822
0389999

0666119
4446119
7446112
7735552
7335852
7388822
0389999

0666889
7611289
7611288
7711255
7333225
4443355
0449999

0333119
3386119
8886117
8666557
2222577
4442557
0449999

0388119
3386119
3886117
3666557
2222577
4442557
0449999

0333889
4443389
4422788
6662755
6112775
6112755
0119999

0222239
5258839
5557833
6667883
6117744
6117444
0119999

0422229
4438829
4433855
6663885
6113755
6117777
0119999

0333889
3344489
2244788
2666755
2116775
2116755
0119999

0333889
3375589
7777588
6665544
6112444
6112222
0119999

0551179
2251179
2551177
2833376
2888336
4448666
0449999

