0333889
3355289
4405288
4455211
6472211
6777711
6669999

0666889
7655289
7605288
7755211
7332211
4433311
4449999

0333889
6663389
6704288
6744211
7744211
5752211
5559999

0333889
6663389
6505288
6555211
7777211
4472211
4449999

0866679
4888679
4408677
4433575
3332555
1112222
1119999

0444379
8844379
6803377
6883575
6662555
1112222
1119999

0344889
3344489
3702288
3755211
6775211
6755211
6669999

0333889
4443389
4402288
7666211
7556211
7756211
7559999

0333889
4443389
4402288
7777211
6575211
6555211
6669999

0333889
6663389
6702288
6744211
7744211
5754211
5559999

0444889
2244389
2505388
2555336
2777736
1117666
1119999

0666889
4446289
4406288
7111255
7111225
7733355
7339999

0333889
4443389
4402788
2222755
6111775
6111755
6669999

0333889
4443389
4402688
2222611
5566611
5777711
5579999

0777739
4478839
4406833
5456883
5556662
1112222
1119999

0777739
8874439
6804433
6885453
6665552
1112222
1119999

0444739
8844739
6807733
6885753
6665552
1112222
1119999

0344559
3344459
3708552
3778882
6711182
6711122
6669999

0444889
7446289
7706288
7666255
7333225
1113355
1119999

0422229
4421119
4401117
6663557
6883577
6833557
8839999

0422229
4421119
4401117
6668557
6888577
6833557
3339999

0322229
3321119
3801117
3888557
6448577
6444557
6669999

0322229
3321119
3801117
3888557
6668577
6444557
6449999

0322229
3321119
3701118
3755888
6775844
6755444
6669999

0333889
2553389
2504488
2554446
2277776
1117666
1119999

0333889
2553389
2507488
2557446
2277446
1117666
1119999

0333889
4443389
4405588
7777511
6275511
6222211
6669999

0666889
2556789
2506788
2557744
2233744
1113334
1119999

0866639
7888639
7708633
7441113
7441112
5452222
5559999

0866639
4888639
4408633
4471113
5571112
5772222
5579999

0445539
7444539
7705533
7881113
7861112
8862222
6669999

0445559
3445759
3407777
3388111
6382111
6882222
6669999

0322229
3366629
3505611
3555611
4488711
4487777
4889999

0722229
7777329
5503311
5883611
5583611
4488666
4449999

0445559
4445859
2607888
2677778
2666111
2233111
3339999

0766639
7777639
4408633
4448883
2222585
1112555
1119999

0445559
3445759
3407711
3388711
6382711
6882222
6669999

0333889
6663389
6505788
6555774
2222744
1112744
1119999

0386669
3388869
3505867
3555477
2222447
1112447
1119999

0441119
3441119
3407777
3388575
6382555
6882222
6669999

0336669
1133369
1102267
1182557
8882577
8442557
4449999

0336669
1133369
1102268
1172888
5572844
5772444
5579999

0222239
7777239
8704433
8884443
6585111
6555111
6669999

0422229
4425559
4405357
1188377
1168337
1168837
6669999

0422229
4428839
4408337
1188377
1165357
1165557
6669999

0444119
8844119
2806117
2886557
2666577
2233557
3339999

0441179
3441179
3401177
3388575
6382555
6882222
6669999

