0777739
4478839
4446833
1116883
1116662
5552222
5059999

0777739
4447339
4488322
1118362
1118862
5556662
5059999

0333889
3372289
7777288
1116244
1116244
5556664
5059999

0777739
4447339
4422388
1112386
1112886
5552666
5059999

0422229
7448829
7448666
7788611
7333611
5553311
5059999

0666889
1116789
1116788
2222774
2333744
5553344
5059999

0344889
3344289
3545288
3555211
6662211
6777711
6079999

0333889
3355289
4445288
4455211
6662211
6777711
6079999

0333889
6663389
6444288
6744211
7777211
5552211
5059999

0333889
6663389
6555288
6575211
4477211
4472211
4079999

0333889
7443389
7446288
7746211
7666211
5552211
5059999

0344889
7344489
7336288
7736211
7666211
5552211
5059999

0744889
7744489
6732288
6733211
6663211
5553211
5059999

0111449
7111449
7755422
7356662
7355862
3388862
3089999

0111449
3111449
3355422
7356662
7355862
7788862
7089999

0111449
8111449
8886545
7386555
7336662
7732222
7039999

0111889
2111839
2448837
2446337
2246377
5556667
5059999

0111889
2111389
2447388
2447336
2247736
5557666
5059999

0386669
3388869
3111867
3111477
2222447
5552447
5059999

0333889
6663389
6111788
6111774
2222744
5552744
5059999

0444889
2244389
2111388
2111336
2777736
5557666
5059999

0111889
6111289
6222288
6663555
4433575
4437777
4039999

0111449
7111449
7766642
7365552
7365852
3388822
3089999

0111449
3111449
3366642
7365552
7365852
7788822
7089999

0333889
2273389
2777788
2111666
2111446
5554446
5059999

0666889
7642289
7644288
7744211
7333211
5553311
5059999

0111449
8111449
8885456
7385556
7332666
7732222
7039999

0311169
3311169
3886667
3822227
8824477
5554447
5059999

0111889
2111689
2222688
7366655
7334445
7734455
7039999

0666889
7611189
7611188
7733344
7332444
5552222
5059999

0333889
3311189
4411188
4422226
4777726
5557666
5059999

0333889
6663389
6222288
6275511
4477511
4475511
4079999

0777789
4478889
4448666
2222611
2333611
5553311
5059999

0222239
7211139
7711133
7866643
7888644
5558644
5059999

0744889
7744489
6711188
6711133
6663332
5552222
5059999

0333889
6663389
6444788
6447711
2222711
5552711
5059999

0333889
6443389
6444788
6667711
2222711
5552711
5059999

0444889
6443389
6333788
6667711
2222711
5552711
5059999

0311179
3311179
3448877
3444876
2222886
5552666
5059999

0777789
2278889
2448666
2444611
2333611
5553311
5059999

0666889
2246789
2446788
2447711
2333711
5553311
5059999

0722229
7721119
6731118
6733888
6663844
5553444
5059999

0333889
4443389
2445588
2222511
6665511
6777711
6079999

0866639
7888639
7748633
7441113
7441112
5552222
5059999

0777739
8874439
6844433
6881113
6661112
5552222
5059999

0744439
7744839
6788833
6781113
6661112
5552222
5059999

0766639
7777639
4488633
4481113
4881112
5552222
5059999

0722229
7723339
6733111
6788111
6668444
5558844
5059999

0881119
2681119
2688447
2666447
2233477
5553337
5059999

0881119
2381119
2388447
2336447
2236477
5556667
5059999

0881119
2381119
2388666
2334446
2234476
5557777
5059999

0554889
2254489
2554488
2371116
2371116
3377666
3079999

0333889
6663389
6777788
6447111
4442111
5552222
5059999

0448839
6448339
6488311
6662311
2222711
5557777
5059999

0322449
7332449
7732411
7832611
7888611
5558666
5059999

0222239
8666239
8886337
4486377
4441117
5551117
5059999

0222239
8844239
6844337
6884377
6661117
5551117
5059999

0333889
5573389
5777788
5522666
4421116
4421116
4029999

0322229
3366629
3884611
3844611
8844711
5557777
5059999

0666449
2236449
2336847
2388877
2381117
5551117
5059999

0322229
7334429
7734411
7834611
7888611
5558666
5059999

0333889
2273389
2777788
2444666
2441116
5551116
5059999

0822229
4888329
4468311
4463311
6663711
5557777
5059999

0885559
1185459
1188442
1133442
6663332
6777722
6079999

0885559
1185359
1188332
1144432
6664432
6777722
6079999

0441119
7441119
7486662
7788862
7333862
5553322
5059999

0224449
1124439
1125533
1125883
6665583
6777788
6079999

0777739
1178839
1162833
1162883
6662444
5552244
5059999

0344469
7334469
7736662
7832222
7888111
5558111
5059999

0777789
1178889
1168322
1164332
6664432
5554432
5059999

0777789
1178889
1168322
1163342
6663442
5553442
5059999

0551119
2251119
2554488
2374486
2374886
3377666
3079999

0551119
2251119
2556668
2376888
2376844
3377444
3079999

0881119
2281119
2688334
2633344
2666744
5557777
5059999

0881119
2281119
2688337
2633377
2666447
5554447
5059999

0777739
1174339
1144388
1144386
2222886
5552666
5059999

0777739
1147339
1144388
1144386
2222886
5552666
5059999

0884479
1184479
1188477
1133376
2222336
5552666
5059999

0222239
7266639
7764433
7864443
7888111
5558111
5059999

0777789
1178889
1168444
1163344
6662333
5552222
5059999

0777789
1178889
1168333
1163344
6662444
5552222
5059999

0333869
3388869
1186667
1122227
1124477
5554447
5059999

0333889
3372289
1177288
1176244
1176244
5556664
5059999

0445559
4445859
2222888
2376668
3376111
3776111
3079999

0355449
3354449
3855112
3888112
6668112
6777722
6079999

0333889
3366689
1167288
1167244
1177244
5557224
5059999

0333889
6663389
1167288
1167244
1177244
5557224
5059999

0333449
3324449
1128666
1128886
1122786
5557777
5059999

0333889
3344689
1144688
1147666
1177772
5552222
5059999

0333889
3344489
1164488
1167777
1166672
5552222
5059999

0443889
4443689
1133688
1137666
1177772
5552222
5059999

0333889
3344489
1164488
1162222
1166672
5557777
5059999

0722229
7777429
1134488
1134486
1133886
5553666
5059999

0333889
3322869
1128867
1126667
1124477
5554447
5059999

0333889
3322879
1128877
1124476
1124476
5554666
5059999

0333449
3322449
1127488
1127786
1127886
5557666
5059999

0333889
3322689
1127688
1127666
1127744
5557444
5059999

0333449
3322449
1128847
1126877
1126887
5556667
5059999

0333889
3322789
1127788
1126744
1126744
5556664
5059999

0444889
6443389
6333788
6667777
2222111
5552111
5059999

0333889
6443389
6444788
6667777
2222111
5552111
5059999

0333889
6663389
6444788
6447777
2222111
5552111
5059999

0333889
3344489
1124488
1122226
1177776
5557666
5059999

0114449
7112449
7112222
7733386
7338886
5558666
5059999

0112889
7112689
7112688
7722666
7333444
5553344
5059999

0116669
2116889
2116844
2338844
2233374
5557777
5059999

0777739
2278839
2666833
2644883
2644111
5554111
5059999

0116669
7118869
7118462
7788442
7333442
5553322
5059999

0114449
7118449
7118886
7733386
7332666
5552222
5059999

0333889
2113389
2117488
2117446
2277446
5557666
5059999

0333889
2113389
2114488
2114446
2277776
5557666
5059999

0666889
2116789
2116788
2117744
2233744
5553334
5059999

0444889
2244389
2117388
2117336
2117736
5557666
5059999

0444889
2244839
2118837
2116337
2116377
5556667
5059999

0322119
7332119
7732114
7832644
7888644
5558666
5059999

0411889
4411389
4411388
2222336
2777736
5557666
5059999

0711239
7711239
6711233
6788223
6668444
5558844
5059999

0333119
3386119
8886117
8666477
2222447
5552447
5059999

0388119
3386119
3886117
3666477
2222447
5552447
5059999

