0777739
1117339
1112344
2222344
6668545
6888555
6809999

0777739
1117339
1112388
2222386
5544886
5444666
5509999

0333559
1113359
1112557
2222477
6668447
6888447
6809999

0333889
4443389
4466688
2222611
5572611
5777711
5509999

0666889
1116789
1116788
2557744
2533744
2553334
2209999

0333889
1113389
1114488
2554446
2577776
2557666
2209999

0333889
1113389
1114488
2644455
2677775
2666755
2209999

0333889
1113389
1117488
2557446
2577446
2557666
2209999

0333889
1113389
1114788
2644755
2644775
2666755
2209999

0333559
1113359
1114557
6664477
6884427
6822227
8809999

0322229
3344429
3844666
3888611
5578611
5777711
5509999

0777739
1117339
1112388
5552386
5452886
4422666
4409999

0777739
1117339
1112344
6662344
6882545
6822555
8809999

0333559
1113359
1112557
6662477
6882447
6822447
8809999

0333889
3322689
1112688
1112666
5572444
5777744
5509999

0333449
3388449
1118462
1118862
5576662
5777722
5509999

0557889
3577289
3557288
3367211
4362211
4466611
4409999

0666889
5556289
5756288
7777211
4332211
4433311
4409999

0557889
6577289
6557288
6667211
4332211
4433311
4409999

0333889
6663389
6555288
6575211
7777211
4442211
4409999

0333889
7553389
7756288
7556211
7666211
4442211
4409999

0766639
7777639
1118633
1118883
2222585
4442555
4409999

0111639
7111639
7766633
7822223
7888525
4448555
4409999

0333889
4473389
4472288
4776211
5576211
5666211
5509999

0322229
3324449
3111447
3111557
6668577
6888557
6809999

0666889
4476389
4476388
4773311
5573211
5222211
5509999

0111449
3111449
3366647
2388677
2385657
2885557
2209999

0111449
8111449
8885457
2685557
2633377
2666337
2209999

0386669
3388869
3111862
3111442
5574442
5777722
5509999

0333889
4443389
4455788
2657711
2655711
2666711
2209999

0333889
4443389
4466688
2555611
2575611
2777711
2209999

0386669
3388869
3111867
3111557
2222577
4442557
4409999

0333889
6663389
6111788
6111755
2222775
4442755
4409999

0766639
7777639
4448633
2448883
2111585
2111555
2209999

0111889
4111839
4428837
4426337
5526377
5226667
5509999

0111889
4111389
4427388
4427336
5527736
5227666
5509999

0111889
2111689
2222688
4466655
4477775
4333755
3309999

0111889
2111689
2222688
7777666
5573344
5333444
5509999

0447889
4447789
5557688
5357611
3366611
3222211
3209999

0555889
4535789
4437788
4433711
6663711
6222211
6209999

0333889
5573389
5777788
5544411
6664411
6222211
6209999

0333889
4443389
4475588
7777511
6665511
6222211
6209999

0333889
6663389
6222288
6275511
7777511
4445511
4409999

0333889
6663389
6222288
6244411
5574411
5777711
5509999

0222289
4238889
4438666
4433611
5573611
5777711
5509999

0333889
4443389
4411188
2611155
2677775
2666755
2209999

0333889
5573389
5777788
5566611
2222611
4442611
4409999

0666889
3655879
3658872
3355772
4311172
4411122
4409999

0477779
4457539
4455533
2666883
2611183
2611188
2209999

0322229
3321119
3441117
3444557
6668577
6888557
6809999

0866639
7888639
7558633
7751113
7551112
4442222
4409999

0777739
8857539
6855533
6881113
6661112
4442222
4409999

0386669
3388869
3444862
3441112
5571112
5777722
5509999

0333869
3388869
4486662
4441112
5571112
5777722
5509999

0486669
4488869
4433862
3331112
5571112
5777722
5509999

0881119
2681119
2688557
2666577
2233557
4443337
4409999

0881119
2381119
2388557
2336577
2236557
4446667
4409999

0881119
2381119
2388666
2335556
2235756
4447777
4409999

0445559
3445759
3347777
2388666
2381116
2881116
2209999

0666889
7655589
7653588
7733111
7432111
4432222
4409999

0886669
2385569
2388567
2335577
2231117
4441117
4409999

0222289
5258889
5558111
6667111
6777744
6333444
3309999

0361119
3361119
3866622
3888442
5578442
5777742
5509999

0441119
6441119
6433322
6668332
5578882
5777782
5509999

0441119
6441119
6488322
6668332
5578832
5777732
5509999

0886669
2285569
2388567
2335577
2431117
4431117
4409999

0441119
4441119
2222666
2333886
5573386
5777788
5509999

0361119
3361119
3866642
3888442
5578442
5777722
5509999

0777789
1178889
1158562
1155562
4336662
4433322
4409999

0666239
4446239
7446233
7755223
7885111
7855111
8809999

0226669
1126889
1126844
1128844
5573334
5777733
5509999

0446239
4446239
7666233
7755223
7885111
7855111
8809999

0226669
1126889
1126844
1128844
5533374
5337777
5509999

0225559
1125759
1127777
1128666
4338886
4433386
4409999

0475559
4475859
4477888
2673338
2633111
2666111
2209999

0445559
4445859
7777888
2673338
2633111
2666111
2209999

0333889
1173389
1177288
1176244
5576244
5666224
5509999

0466639
4468839
4467833
2557883
2577111
2557111
2209999

0333889
4443389
4455788
2657777
2655111
2666111
2209999

0377779
4335759
4435552
4432222
6668111
6888111
6809999

0377779
3345759
3445552
3442222
6668111
6888111
6809999

0551119
2251119
2557777
2833376
2888336
4448666
4409999

0333449
3374449
8777722
8886112
5586112
5666112
5509999

0551119
2251119
2558666
2888336
2833376
4447777
4409999

0881119
2281119
2388557
2336577
2436557
4436667
4409999

0886669
1182269
1188267
1133277
3335257
4445557
4409999

0881119
2281119
2388666
2335556
2435756
4437777
4409999

0777789
1178889
1158544
1155544
6663334
6222233
6209999

0444889
1144839
1128837
1126337
5526377
5226667
5509999

0444889
1144389
1127388
1127336
5527736
5227666
5509999

0777739
1174439
1144433
1122223
6668525
6888555
6809999

0222239
4278839
4477833
4476883
5576111
5666111
5509999

0222239
4255539
4457533
4477773
6668111
6888111
6809999

0555889
3575689
3772688
3372666
4372111
4422111
4409999

0355579
3358579
3888772
3864472
1164442
1166622
1109999

0388449
3384449
3886662
3777762
1157562
1155522
1109999

0364449
3364479
3866672
3888772
1158572
1155522
1109999

0355579
3358579
3888772
3866672
1164442
1164422
1109999

0333449
3384449
8886662
8777762
1157562
1155522
1109999

0777749
5576449
5886442
5586662
1188332
1133322
1109999

0666449
5576449
5776482
5578882
1178332
1133322
1109999

0477779
6447559
6448852
6668552
1188332
1133322
1109999

0477779
4467559
4468852
6668552
1188332
1133322
1109999

0666449
5576449
5776432
5578832
1178332
1188322
1109999

0222239
7777239
5754433
5554443
6668111
6888111
6809999

0222239
5544239
5444733
5577773
6668111
6888111
6809999

0222239
6668239
6888733
6877773
5544111
5444111
5509999

0222289
5258889
5558444
7777446
1173336
1133666
1109999

0222239
5258839
5557833
6667883
1167744
1167444
1109999

0333889
6663389
6222288
6255544
1157544
1177774
1109999

0333889
6663389
6222288
6247777
1144575
1144555
1109999

0333889
6663389
6222288
6244555
1144575
1147777
1109999

0333889
6663389
6222288
6277774
1157544
1155544
1109999

0114889
6114489
6114488
6667777
5533372
5332222
5509999

0333119
3322119
6662117
6882557
6482577
4488557
4409999

0377779
3357549
3255544
3222244
6668111
6888111
6809999

0117559
6117759
6117558
6667888
2222844
2333444
3309999

0114889
6114489
6114488
6667777
2222575
2333555
3309999

0114449
6114489
6118887
6668557
2222577
2333557
3309999

0115559
6115759
6117777
6668844
2222844
2333884
3309999

0443119
4443119
8833117
2836557
2886577
2666557
2209999

0666119
3886119
3386117
2388557
2344577
2444557
2209999

0555119
3575119
3377118
2376888
2376844
2666444
2209999

0333119
3344119
8844117
2846557
2886577
2666557
2209999

0114889
6114489
6114488
6662222
5573332
5777733
5509999

0114889
6114489
6114488
6662222
5533372
5337777
5509999

0886669
4485569
4488567
4335577
1133327
1122227
1109999

0333889
5573389
5777788
5544666
1144426
1122226
1109999

0333889
4473389
4475588
4775666
1175526
1122226
1109999

0336669
5533369
5884467
5584477
1188427
1122227
1109999

0666119
5556119
5356117
3344477
3884427
3822227
8809999

0445559
4445359
8666322
8886332
1186732
1177772
1109999

0322119
4332119
4432117
4432557
6668577
6888557
6809999

0333889
4443389
4422788
6662755
1162775
1162755
1109999

0322119
3342119
3442117
3442557
6668577
6888557
6809999

0333889
6663389
6112788
6112755
4112775
4422755
4409999

0386669
3388869
3112867
3112557
4112577
4422557
4409999

0666119
4886119
4486117
4488557
2222577
2333557
3309999

0557119
6577119
6557118
6667888
2222844
2333444
3309999

0666119
5556119
5756118
7777888
2222844
2333444
3309999

0444119
6844119
6888117
6668557
2222577
2333557
3309999

0444889
5544839
5228837
5526337
1126377
1126667
1109999

0444889
5544389
5227388
5527336
1127736
1127666
1109999

0388119
3386119
3886112
3666442
5574442
5777722
5509999

0333889
5573389
5777788
5562222
1162444
1166644
1109999

0333119
3386119
8886112
8666442
5574442
5777722
5509999

0666889
7611289
7611288
7711255
7333225
4443355
4409999

0333119
3386119
8886117
8666557
2222577
4442557
4409999

0388119
3386119
3886117
3666557
2222577
4442557
4409999

0322229
3324449
3666447
3886557
1186577
1188557
1109999

0386669
3388869
3442867
3442557
1142577
1122557
1109999

0333889
4443389
4411788
2611755
2611775
2666755
2209999

0333889
5573389
5772488
5572446
1172446
1122666
1109999

0333889
6663389
6442788
6442755
1142775
1122755
1109999

0333889
5573389
5777788
5522226
1144426
1144666
1109999

0422229
4438829
4433855
6663885
1163755
1167777
1109999

0422229
4468829
4463855
6663885
1133755
1137777
1109999

0422229
6448829
6443855
6663885
1133755
1137777
1109999

0333119
3344119
2444117
2222557
6668577
6888557
6809999

0222239
7777239
5758833
5558643
1188644
1166644
1109999

0222239
6668239
6888733
6855743
1157744
1155744
1109999

0444119
3344119
2333117
2222557
6668577
6888557
6809999

0222279
5544279
5444877
5588876
1183336
1133666
1109999

0222239
5544239
5444337
5568377
1168887
1166687
1109999

0222239
6668239
6888337
6855377
1154447
1155447
1109999

0333449
3374449
7777666
2222886
1152586
1155588
1109999

0666889
7621189
7621188
7721155
7422335
4433355
4409999

0333889
5573389
5777788
5566644
1162444
1162222
1109999

0333889
3375589
7777588
6665544
1162444
1162222
1109999

0551179
2251179
2551177
2833376
2888336
4448666
4409999

