0333559
1113359
1110557
8822227
6824477
6884447
6669999

0333559
1113359
1110557
6664477
6884447
6822227
8829999

0333559
1113359
1110557
6664447
6884477
6822227
8829999

0333889
1113389
1110288
7777244
6575244
6555224
6669999

0333889
1113389
1110288
7666244
7556244
7756224
7559999

0445559
4445359
1110322
1118332
6888732
6877772
6669999

0333889
1113389
1110788
2666755
2644775
2644755
2249999

0333889
1113389
1110788
2666755
2446775
2446755
2249999

0333889
1113389
1110788
2222755
6442775
6444755
6669999

0333889
1113389
1110788
2222755
6662775
6444755
6449999

0333889
3355289
4450288
4455211
6472211
6777711
6669999

0666889
7655289
7650288
7755211
7332211
4433311
4449999

0333889
5553389
5750288
7777211
6444211
6442211
6669999

0333889
6663389
6740288
6744211
7744211
5752211
5559999

0333889
5553389
5750288
7744211
6744211
6742211
6669999

0333889
6663389
6440288
6444211
7777211
5752211
5559999

0443889
4443389
1110388
1117355
6277775
6222255
6669999

0666889
7655589
7650588
7733344
7332444
1112222
1119999

0554479
2254479
2550477
2833376
2888336
1118666
1119999

0333889
3355589
4450588
4422226
4777726
1117666
1119999

0444889
3445589
3360588
2365511
2366611
2777711
2279999

0333229
3355529
4450527
4448827
6111877
6111887
6669999

0333889
5553389
5750288
7777244
6111244
6111224
6669999

0555449
7565449
7760432
7866632
7888332
1118322
1119999

0445559
7445659
7740632
7866632
7888332
1118322
1119999

0445559
7445359
7740332
7866632
7888632
1118622
1119999

0222239
7255539
7750533
7866643
7888644
1118644
1119999

0333889
4223389
4420788
4427711
6525711
6555711
6669999

0333889
4443389
2440788
2222755
6111775
6111755
6669999

0744889
7744489
6750588
6755533
6663332
1112222
1119999

0333559
6663359
6880557
6811177
8811127
4422227
4449999

0322889
3325589
3720588
3725511
6774411
6744411
6669999

0344889
3344489
3220788
3255711
6257711
6255711
6669999

0723889
7723389
6720388
6722355
6664445
1114455
1119999

0666449
2688449
2680455
2883335
2233755
1117777
1119999

0333889
5573389
5770488
5574411
6274411
6222211
6669999

0553339
2533449
2550444
2777786
2278886
1118666
1119999

0421119
4421119
4420388
7223386
7553886
7753666
7559999

0421119
4421119
4420333
7223386
7558886
7758666
7559999

0333889
4443389
2440688
2222611
5566611
5777711
5579999

0466639
4488639
4480633
7881113
7551112
7752222
7559999

0321119
3321119
3720666
3722886
7744486
5754488
5559999

0375559
3375859
3770888
3471118
4461112
4462222
6669999

0375559
3375859
3770888
3471118
6441112
6442222
6669999

0721119
7721119
3720666
3722886
3344486
5354488
5559999

0421119
4421119
4420557
8822577
6833557
6883337
6669999

0477779
3447559
3440522
3388552
6381112
6881112
6669999

0386669
3388869
3440862
3441112
5541112
5777722
5579999

0333889
3372289
5570288
5776244
5576244
1116664
1119999

0388449
3384449
3880111
3557111
6577772
6552222
6669999

0553339
6533889
6550811
6668811
2222711
2447777
4449999

0333449
3384449
8880111
8557111
6577772
6552222
6669999

0333559
6663359
6880557
6822227
8824477
1114447
1119999

0221119
4421119
4420388
7423386
7553886
7753666
7559999

0221119
4421119
4420333
7423386
7558886
7758666
7559999

0333889
4223389
4420788
4427777
6525111
6555111
6669999

0553339
6533449
6550447
6668847
2222877
1112887
1119999

0441119
4441119
8850562
7855562
7886662
7733322
7339999

0333889
6663389
6440788
6444755
2222775
1112755
1119999

0333889
5553389
5750488
7777446
2222446
1112666
1119999

0386669
3388869
3440867
3444557
2222577
1112557
1119999

0225559
1125859
1120888
1123338
6444733
6447777
6669999

0333889
1173389
1170288
1177244
6575244
6555224
6669999

0445559
3445859
3340888
2376668
2376111
2776111
2279999

0551119
2251119
2550444
2887446
2877776
8833666
3339999

0666889
3655589
3650588
3372222
4372111
4477111
4479999

0222239
5258839
5550833
7666883
7746111
7446111
7449999

0222239
5258839
5550833
7777883
6744111
6444111
6669999

0222239
4278839
4470833
4477883
6575111
6555111
6669999

0333449
3384449
8880112
8555112
6575112
6777722
6669999

0388449
3384449
3880112
3555112
6575112
6777722
6669999

0422229
4438829
4430855
1133885
1163755
1167777
6669999

0422229
4433329
4480337
1188877
1165857
1165557
6669999

0333889
3355589
4450588
4442222
1166672
1167777
1169999

0445559
7445859
7740888
7326668
7326111
3326111
3229999

0445559
3445859
3340888
7326668
7326111
7726111
7229999

0722229
7777829
5550888
5356668
4336111
4436111
4439999

0722229
7777829
3440888
3446668
3346111
5356111
5559999

0722229
7777829
4430888
4436668
4336111
5356111
5559999

0722229
7777829
5550888
5356668
3346111
3446111
3449999

0444739
8447739
8880733
1185753
1165552
1162222
6669999

0333889
3355589
4450588
4447777
1166672
1162222
1169999

0444889
2244689
2730688
2733666
2773111
5753111
5559999

0115559
3115859
3110888
3322228
6327444
6777744
6669999

0115559
6115859
6110888
6663338
2222733
2447777
4449999

0115559
3115259
3110244
3388244
6382274
6887777
6669999

0115559
3115759
3110774
3388744
6382744
6882222
6669999

0114479
3114479
3110477
3388575
6382555
6882222
6669999

0333449
3384449
8880557
8226577
1126557
1126667
1129999

0333449
3384449
8880666
8225556
1125756
1127777
1129999

0388229
3385529
3880527
3115527
6114477
6114447
6669999

0388449
3384449
3880557
3226577
1126557
1126667
1129999

0333229
3385529
8880527
8115527
6114477
6114447
6669999

0388449
3384449
3880666
3225556
1125756
1127777
1129999

0333889
5553389
5750688
7777644
1166644
1122224
1129999

0333889
3355589
4450588
4447666
1177776
1122226
1129999

0486669
4488869
4430867
2233557
2113577
2113557
2119999

0344889
3344489
3220788
3211755
6211775
6211755
6669999

0333889
5553389
5750288
7711244
6711244
6711224
6669999

0422229
6448829
6440855
6663885
1133755
1137777
1139999

0422229
4468829
4460855
6663885
1133755
1137777
1139999

0222239
7255539
7750533
7881143
7861144
8861144
6669999

0445559
7445359
7740332
7881132
7861132
8861122
6669999

