0333889
3372289
5572088
5772611
5572611
4466611
4449999

0333889
1113389
1112088
2222666
7777446
5754446
5559999

0333889
1113389
1112088
2222555
6444575
6447777
6669999

0336669
2233369
2444067
2844557
2888577
1118557
1119999

0336669
2233369
2557068
2577888
2557844
1117444
1119999

0344889
3344489
3111088
3111666
5522226
5777726
5579999

0333889
6663389
6111088
6111444
7777442
5752222
5559999

0554479
2254479
2554077
2833376
2888336
1118666
1119999

0333889
2243389
2446088
2446555
2666575
1117777
1119999

0333889
2243389
2644088
2644555
2666575
1117777
1119999

0333889
3372289
5572088
5772666
5572446
1114446
1119999

0333889
3342289
6442088
6442555
6662575
1117777
1119999

0333889
6663389
6111088
6111555
2222575
2447777
4449999

0222239
6668239
6888033
6875543
7777544
1115544
1119999

0344889
3344489
3111088
3111755
6277775
6222255
6669999

0444889
3445589
3365088
2365511
2366611
2777711
2279999

0333829
3388829
6585027
6555227
6664477
1114447
1119999

0777789
5578889
5338022
5533342
6111442
6111442
6669999

0222289
5258889
5558033
4443336
4477776
1117666
1119999

0222239
7777239
4478033
4448883
6111585
6111555
6669999

0111449
2111449
2222047
6663557
6883577
6833557
8839999

0111449
2111449
2222047
6668557
6888577
6833557
3339999

0333889
6663389
6555088
6575444
7777442
1112222
1119999

0333889
7553389
7756088
7556444
7666442
1112222
1119999

0355579
3358579
3888077
3811174
6211144
6222244
6669999

0366689
3368889
3768044
3711144
7711142
5752222
5559999

0766689
7768889
3768044
3711144
3311142
5352222
5559999

0322889
3325589
3725088
3725511
6774411
6744411
6669999

0222239
6668239
6888033
6811143
5511144
5777744
5579999

0333889
5573389
5774088
5574411
6274411
6222211
6669999

0333889
6663389
6444088
6442555
2222575
1117777
1119999

0333889
6443389
6444088
6662555
2222575
1117777
1119999

0444889
6443389
6333088
6662555
2222575
1117777
1119999

0446669
4443369
8333062
8881112
5581112
5777722
5579999

0222289
5258889
5558011
6663311
6333711
6447777
4449999

0422229
4423339
4486033
8886555
8666575
1117777
1119999

0722229
7725559
6735058
6733888
6663844
1113444
1119999

0333889
6663389
6744088
6744111
7742111
5752222
5559999

0333889
6663389
6555088
6575111
4772111
4472222
4479999

0322229
3326669
3886044
3856544
8855574
1117777
1119999

0881119
4481119
4488022
4336662
5533362
5777762
5579999

0322229
3325559
3885057
3866677
8861117
4461117
4449999

0333889
2243389
2744088
2744666
2771116
5751116
5559999

0222239
1188239
1168033
1168843
5566644
5777744
5579999

0333889
1143389
1144088
1144666
5522226
5777726
5579999

0441119
4441119
8333062
8883362
5586662
5777722
5579999

0444889
6443389
6333088
6667777
2222575
1112555
1119999

0441119
4441119
6665052
6885552
6877772
8833722
3339999

0333449
3386449
8886047
8666557
2222577
1112557
1119999

0333449
3374449
7777011
8855511
6852511
6882222
6669999

0333889
6443389
6444088
6667777
2222575
1112555
1119999

0333889
6663389
6444088
6447777
2222575
1112555
1119999

0881119
4481119
4488032
4777732
6575332
6555322
6669999

0355579
3358579
3888077
3866674
2222644
1112644
1119999

0388449
3386449
3886047
3666557
2222577
1112557
1119999

0333449
3384449
8887022
8557112
6577112
6557112
6669999

0336669
1133369
1122067
1182557
8882577
8442557
4449999

0336669
1133369
1122068
1172888
5572844
5772444
5579999

0766689
7768889
3768022
3744112
3344112
5354112
5559999

0388449
3384449
3887022
3557112
6577112
6557112
6669999

0366689
3368889
3768022
3744112
7744112
5754112
5559999

0333889
1173389
1177088
1172222
6575442
6555444
6669999

0777789
1178889
1128055
1122225
6443355
6444333
6669999

0777789
1178889
1128055
1122225
6663355
6444333
6449999

0333889
1173389
1177088
1174455
6274445
6222255
6669999

0333889
1143389
1144088
1144755
6277775
6222255
6669999

0333889
6663389
6555088
6575444
1177442
1172222
1179999

0422229
4426669
4455067
1158867
1155877
1133887
3339999

0777789
5578889
5338044
5533344
1166642
1162222
1169999

0333889
4473389
4472088
4772222
6575111
6555111
6669999

0333889
5553389
5752088
7742222
6744111
6744111
6669999

0114479
3114479
3114077
3388575
6382555
6882222
6669999

0444379
8443379
8883077
1183575
1162555
1162222
6669999

0333449
3384449
8887022
8117552
6117752
6117552
6669999

0388449
3384449
3887022
3117552
6117752
6117552
6669999

0388229
3385529
3885027
3115527
6114477
6114447
6669999

0333229
3385529
8885027
8115527
6114477
6114447
6669999

0344889
3344489
3666088
3226555
1126575
1127777
1129999

0344889
3344489
3211088
3211555
6211575
6227777
6669999

0333889
6663389
6711088
6711444
7711442
5752222
5559999

0422229
4423339
4411033
8811555
6811575
6887777
6669999

0222239
6668239
6888033
6875543
1177544
1175544
1179999

0222239
6668239
6888033
6871143
5571144
5771144
5579999

