0111449
2111449
2222407
6663557
6883577
6833557
8839999

0111449
2111449
2222407
6668557
6888577
6833557
3339999

0322229
3311129
3811107
3888557
6448577
6444557
6669999

0322229
3311129
3711108
3755888
6775844
6755444
6669999

0322229
3311129
3811107
3888557
6668577
6444557
6449999

0422229
4411129
4411107
6663557
6883577
6833557
8839999

0422229
4411129
4411107
6668557
6888577
6833557
3339999

0445559
4445259
6668207
6888277
6833227
1113337
1119999

0322229
3366629
3555607
3585677
8881117
8441117
4449999

0222239
5256339
5556307
8666377
8881117
4481117
4449999

0445559
3445859
3488802
3381112
6371112
6777722
6669999

0355449
3354449
3255807
3288877
6281117
6221117
6669999

0722229
7723339
6733505
6788555
6668444
1118844
1119999

0885559
2285659
2388607
2366677
2331117
4431117
4449999

0766689
7768889
2768505
2744555
2444111
2233111
3339999

0885559
1185659
1188607
1166677
4422227
4433327
4339999

0333449
3386449
8886407
8666557
2222577
1112557
1119999

0388449
3386449
3886407
3666557
2222577
1112557
1119999

0333449
3374449
8777702
8882222
6585111
6555111
6669999

0422229
4466629
4468807
1168557
1188577
1133557
3339999

0777789
4478889
4448505
1133555
1163332
1162222
6669999

0115559
3115759
3117704
3388744
6382744
6882222
6669999

0333449
3384449
8882207
8112557
6112577
6112557
6669999

0388449
3384449
3882207
3112557
6112577
6112557
6669999

