0222239
6667239
6887330
6877311
8857511
4455511
4449999

0222239
6668239
6888330
6844311
5544411
5777711
5579999

0222239
7777239
5756330
5556311
4666811
4488811
4489999

0222239
6667239
6557330
6577311
4557811
4488811
4489999

0222239
6668239
6888330
6874311
5574411
5774411
5579999

0222269
7777269
5756660
5553311
4333811
4488811
4489999

0333559
1113359
1117550
2777786
2448886
2448666
2249999

0445559
4445759
1117730
1118733
6888723
6822223
6669999

0446669
4446889
1116830
1118833
5522223
5777723
5579999

0555449
7535449
7733240
7883211
7863211
8862211
6669999

0333449
3386449
8886240
8666211
7777211
5752211
5559999

0388449
3386449
3886240
3666211
7777211
5752211
5559999

0336669
8833369
7855260
7885211
7755211
7442211
4449999

0333869
3388869
5586660
5777744
5572444
1112222
1119999

0333559
1113359
1117550
2277774
2666844
2688844
2689999

0333559
1113359
1118550
2278886
2777786
2444666
2449999

0422229
4425559
4435750
8837711
6833711
6883711
6669999

0322229
3326669
3446880
3446811
5548811
5777711
5579999

0336669
2233369
2444760
2844755
2888775
1118755
1119999

0336669
2233369
2777760
2575884
2555844
1118844
1119999

0336669
2233369
2557860
2577888
2557448
1117444
1119999

0336669
2233369
2448860
2448555
2488575
1117777
1119999

0777789
2278889
2658530
2655533
2666443
1114443
1119999

0554449
2254439
2558630
2888633
2866673
1117777
1119999

0386669
3388869
3111860
3111444
7777442
5752222
5559999

0554479
2254479
2554770
2833376
2888336
1118666
1119999

0333559
2243359
2448550
2448886
2777786
1117666
1119999

0386669
3388869
3111860
3111555
2222575
2447777
4449999

0111449
8111449
8885450
2385556
2377776
2337666
2239999

0333559
6663359
8864550
2864411
2884411
2777711
2279999

0333869
3388869
2286660
2111555
2111575
2447777
4449999

0333559
3366659
8864550
2864411
2884411
2777711
2279999

0336669
4433369
4448860
2111855
2111885
2777755
2279999

0446669
4448869
2558760
2588711
2557711
2233711
3339999

0111329
8111329
8883320
4483226
4477776
5457666
5559999

0111449
2111449
2222740
6663755
6883775
6833755
8839999

0111449
2111449
2222740
6668755
6888775
6833755
3339999

0344889
3344879
3248870
3222277
6111575
6111555
6669999

0411129
4411129
4433320
7336822
7556888
7756668
7559999

0322229
3311129
3711180
3778884
6758544
6755544
6669999

0311169
7311169
7336660
7738444
7888442
5852222
5559999

0355579
3358579
3888770
3811174
6211144
6222244
6669999

0446669
7445569
7488560
7785533
7883332
1112222
1119999

0766689
7768889
3768220
3744211
3344211
5354211
5559999

0333449
3384449
8887220
8557211
6577211
6557211
6669999

0386669
3388869
3555860
3575444
7777442
1112222
1119999

0366689
3368889
3768220
3744211
7744211
5754211
5559999

0388449
3384449
3887220
3557211
6577211
6557211
6669999

0355529
3357529
3777720
3446822
4446888
1116668
1119999

0333429
3374429
5574420
5776822
5576888
1116668
1119999

0766629
7777629
5544620
5444822
5533888
1113338
1119999

0445559
7445259
7488230
7786233
7886223
1116663
1119999

0422229
4421119
4431110
8837777
6833575
6883555
6669999

0322229
7321119
7331110
7738666
7888446
5854446
5559999

0322229
3321119
3441110
3448666
5548886
5777786
5579999

0554449
2533449
2553330
2777786
2278886
1118666
1119999

0333559
2443359
2444550
2777786
2278886
1118666
1119999

0885559
2385759
2388770
2336744
2236744
1116664
1119999

0444559
2443359
2333550
2777786
2278886
1118666
1119999

0777749
5573449
5883440
5583311
6288311
6222211
6669999

0553339
2533449
2554440
2777786
2278886
1118666
1119999

0421119
4421119
4428830
7226833
7556883
7756663
7559999

0885559
2685759
2688770
2666744
2233744
1113334
1119999

0421119
4421119
4423330
7226833
7556888
7756668
7559999

0336669
2433369
2448860
2448555
2288575
1117777
1119999

0422229
4475529
4477530
8875533
6871113
6881113
6669999

0426669
4426889
4426830
7228833
7551113
7751113
7559999

0333869
3388869
4486660
4442555
2222575
1117777
1119999

0486669
4488869
4433860
3332555
2222575
1117777
1119999

0744559
7744459
2788550
2781116
2881116
2233666
3339999

0386669
3388869
3444860
3442555
2222575
1117777
1119999

0336669
5533369
5777760
5572884
2222844
1118844
1119999

0333229
3388429
5584420
5884426
5577776
1117666
1119999

0466689
4468889
4468230
7222233
7551113
7751113
7559999

0336669
5533369
5777760
5587111
8882111
8442222
4449999

0722229
7725559
6735850
6733888
6663448
1113444
1119999

0722229
7724449
6784430
6788833
6665853
1115553
1119999

0786669
7788869
3744860
3744111
3342111
5352222
5559999

0777749
3575449
3555440
3388111
6382111
6882222
6669999

0445559
3445759
3477770
3388111
6382111
6882222
6669999

0477779
3445759
3445550
3388111
6382111
6882222
6669999

0555449
3575449
3777740
3388111
6382111
6882222
6669999

0386669
3388869
3744860
3744111
7742111
5752222
5559999

0386669
3388869
3555860
3575111
4772111
4472222
4479999

0226669
4426889
4426830
7428833
7551113
7751113
7559999

0221119
4421119
4428830
7426833
7556883
7756663
7559999

0221119
4421119
4423330
7426833
7556888
7756668
7559999

0422229
4433329
4486330
8886555
8666575
1117777
1119999

0822229
4888729
4468730
4467733
6665753
1115553
1119999

0722229
7744429
6784430
6788833
6665853
1115553
1119999

0822229
7888329
7558330
7754436
7554436
1114666
1119999

0322229
3355429
3885440
3855446
8877776
1117666
1119999

0336669
5533369
5777760
5578844
2222844
1112884
1119999

0222239
1144239
1144330
1174386
5578886
5778666
5579999

0445559
4445859
2688870
2687777
2666111
2233111
3339999

0344429
3384429
3788820
3755822
6775111
6755111
6669999

0388429
3384429
3884420
3777722
6575111
6555111
6669999

0355729
3357729
3855720
3888722
6448111
6444111
6669999

0355529
3357529
3777720
3448822
6448111
6488111
6669999

0884449
1184429
1188320
1173326
5573226
5773666
5579999

0355729
3357729
3855720
3888722
6668111
6444111
6449999

0486669
4488869
4433860
3337777
2222575
1112555
1119999

0455729
4457729
4455720
6663722
6883111
6833111
8839999

0455729
4457729
4455720
6668722
6888111
6833111
3339999

0333869
3388869
4486660
4447777
2222575
1112555
1119999

0333449
3384449
8887550
8777756
2222556
1112666
1119999

0444729
8447729
8886720
5586722
5666111
5533111
3339999

0333449
3386449
8886740
8666755
2222775
1112755
1119999

0333429
3384429
8884420
8777722
6575111
6555111
6669999

0355579
3358579
3888770
3866674
2222644
1112644
1119999

0388449
3384449
3887550
3777756
2222556
1112666
1119999

0386669
3388869
3444860
3447777
2222575
1112555
1119999

0388449
3386449
3886740
3666755
2222775
1112755
1119999

0226669
1126889
1126830
1128833
7777443
5754443
5559999

0777729
1175529
1188520
1185522
6883344
6333444
6669999

0885559
1185259
1188230
1176233
4776223
4476663
4479999

0886669
1185569
1188560
1175533
4773332
4472222
4479999

0551119
2251119
2554440
2887446
2877776
8833666
3339999

0336669
1133369
1122860
1172888
5572448
5772444
5579999

0336669
1133369
1122760
1182755
8882775
8442755
4449999

0333449
3324449
5522220
5777786
5578886
1118666
1119999

0333449
3324449
6822220
6888555
6668575
1117777
1119999

0226669
4426889
4426380
7423388
7553111
7753111
7559999

0333449
3355449
6665840
6255888
6222278
1117777
1119999

0422229
4425559
4435750
8837777
6833111
6883111
6669999

0445529
8444529
8885520
1187226
1177776
1133666
3339999

0426669
4426889
4426380
7223388
7553111
7753111
7559999

0333119
3388119
2286110
2886555
2666575
2447777
4449999

0114449
3114479
3115570
3388577
6385572
6882222
6669999

0116669
2116379
2116370
2883377
2283575
4488555
4449999

0386669
3388869
3555860
3575444
1177442
1172222
1179999

0444889
5544879
5338870
5533377
1166672
1162222
1169999

0222279
5253779
5553370
1188374
1168344
1168844
6669999

0666119
7622119
7632110
7732884
7332844
5358844
5559999

0442119
7442119
7432110
7732286
7338886
5358666
5559999

0442119
4442119
6662110
6882255
6877775
8833755
3339999

0666119
5556119
5756110
2773884
2733844
2738844
2239999

0666119
5556119
5756110
2773334
2733844
2788844
2289999

0666119
2688119
2683110
2883555
2233575
4437777
4449999

0115559
3115759
3117740
3388744
6382744
6882222
6669999

0114479
3114479
3114770
3388575
6382555
6882222
6669999

0388119
3386119
3886110
3666444
7777442
5752222
5559999

0333119
3386119
8886110
8666444
7777442
5752222
5559999

0555119
7535119
7733110
7883444
7863442
8862222
6669999

0444379
8443379
8883770
1183575
1162555
1162222
6669999

0477779
4455739
4458830
1155833
1162883
1162222
6669999

0666229
5576329
5776320
5573324
1173844
1188844
1189999

0333229
5553329
5758820
7777826
1144886
1144666
1149999

0333449
3384449
8886660
8226555
1126575
1127777
1129999

0333449
3384449
8887550
8227756
1127556
1127666
1129999

0333119
3386119
8886110
8666555
2222575
2447777
4449999

0388449
3384449
3887550
3227756
1127556
1127666
1129999

0388119
3386119
3886110
3666555
2222575
2447777
4449999

0388449
3384449
3886660
3226555
1126575
1127777
1129999

0322229
3327889
3777780
3115588
6115444
6115544
6669999

0222239
4411239
4411330
7411386
7558886
7758666
7559999

0333559
3382259
8882550
8112444
6112744
6117777
6669999

0388559
3382259
3882550
3112444
6112744
6117777
6669999

0333119
3382119
8882110
8552444
6522744
6557777
6669999

0388119
3382119
3882110
3552444
6522744
6557777
6669999

0442119
4442119
6662110
6322555
6388575
3387777
3889999

0446119
4446119
8666110
8882222
5583332
5777733
5579999

0666119
4446119
8446110
8882222
5583332
5777733
5579999

0446669
8444369
8883360
2283555
2113575
2117777
2119999

0322229
3328449
3888440
3875456
1175556
1177666
1179999

0322229
3328679
3888670
3866677
1144575
1144555
1149999

0322229
3325559
3445850
3444888
1166678
1167777
1169999

0486669
4488869
4411860
2311555
2311575
2337777
2239999

0666119
2236119
2736110
2733884
2773844
5758844
5559999

0786669
7788869
3711860
3711444
3311442
5352222
5559999

0386669
3388869
3711860
3711444
7711442
5752222
5559999

0666119
7688119
7638110
7738844
7332444
5352222
5559999

0411229
4411279
4411270
6668277
6888575
6833555
3339999

0411229
4411279
4411270
6663277
6883575
6833555
8839999

0311229
3311279
3811270
3888277
6668575
6444555
6449999

0311229
3311279
3811270
3888277
6448575
6444555
6669999

0422229
4433329
4411330
8811555
6811575
6887777
6669999

0222269
7777269
5756660
5553334
1133844
1188844
1189999

0222269
7777269
5756660
5553884
1133844
1138844
1139999

0222269
4488269
4486660
4883555
1133575
1137777
1139999

0388229
3386279
3886270
3666277
1144575
1144555
1149999

0333229
3386279
8886270
8666277
1144575
1144555
1149999

0666229
4446279
8446270
8883277
1183575
1133555
1139999

0446229
4446279
8666270
8883277
1183575
1133555
1139999

0422229
4421179
4431170
8831177
6833575
6883555
6669999

0441129
7441129
7431120
7736822
7336888
5356668
5559999

0554449
2254439
2551130
2881133
2861173
8867777
6669999

0441129
7441129
7741120
7666822
7633888
5653338
5559999

