0333559
1113359
1118552
0888442
6874442
6777722
6669999

0333889
1113389
1117288
0557244
6577244
6557224
6669999

0333889
1113389
1112788
0442755
6442775
6422755
6669999

0555889
3545289
3344288
0344211
6372211
6777711
6669999

0333889
3344489
2274488
0275511
6277511
6275511
6669999

0333889
3355789
2257788
0255711
6244711
6244411
6669999

0333889
3375589
2277588
0275511
6274411
6244411
6669999

0333889
3344489
2244788
0255711
6257711
6255711
6669999

0333889
4473389
4472288
0477211
6575211
6555211
6669999

0333889
5553389
5752288
0774211
6744211
6744211
6669999

0111739
8111739
8887733
0585743
6555244
6222244
6669999

0333889
3375589
7777588
0445511
6444211
6222211
6669999

0473889
4473389
4477388
0575311
6555211
6222211
6669999

0443889
4443389
7777388
0575311
6555211
6222211
6669999

0333889
3322869
5528867
0526667
5524477
1114447
1119999

0333889
3322879
5528877
0524476
5524476
1114666
1119999

0333449
3322449
5527488
0527786
5527886
1117666
1119999

0333889
3322689
5527688
0527666
5527744
1117444
1119999

0333449
3322449
5528847
0526877
5526887
1116667
1119999

0333889
3322789
5527788
0526744
5526744
1116664
1119999

0111739
8111739
8887733
0485753
6445552
6442222
6669999

0111739
8111739
8887733
0485753
4465552
4462222
6669999

0111889
3111289
3344288
0344255
6347225
6777755
6669999

0111889
3111289
3344288
0344255
6374225
6777755
6669999

0777789
4478889
4458532
0455532
6111332
6111322
6669999

0477779
4457539
4455533
0111883
6111283
6222288
6669999

0222289
5258889
5558444
0333446
3377776
1117666
1119999

0222289
5258889
5558644
0333644
3366674
1117777
1119999

0111379
8111379
8883377
0483575
4462555
4462222
6669999

0111379
8111379
8883377
0483575
6442555
6442222
6669999

0111889
2111689
2222688
0466655
4477775
4433755
3339999

0111889
2111689
2222688
0766655
7777335
4433355
4449999

0111889
2111689
2222688
0366655
3377775
3444755
3449999

0111889
2111789
2222788
0557744
6533744
6553334
6669999

0333889
3311189
2211188
0277774
6257544
6255544
6669999

0333889
3311189
2211188
0244555
6244575
6247777
6669999

0333889
3311189
2211188
0247777
6244575
6244555
6669999

0333889
3311189
2211188
0255544
6257544
6277774
6669999

0443889
4443689
5533688
0537666
5577772
1112222
1119999

0333889
3344489
5564488
0567777
5566672
1112222
1119999

0333889
3344689
5544688
0547666
5577772
1112222
1119999

0333869
3388869
5586667
0511177
5511127
4422227
4449999

0333889
3366689
5567288
0567244
5577244
1117224
1119999

0333889
6663389
5567288
0567244
5577244
1117224
1119999

0333449
3324449
5528666
0528886
5522786
1117777
1119999

0333889
3355589
2257588
0277774
6211144
6211144
6669999

0333889
4473389
4475588
0477511
6275511
6222211
6669999

0421119
4421119
4427777
0228755
6888335
6833355
6669999

0222239
5258839
5558337
0488377
4461117
4461117
6669999

0222239
5258839
5558337
0488377
6441117
6441117
6669999

0222289
5258889
5558337
0433377
4461117
4461117
6669999

0222289
5258889
5558337
0433377
6441117
6441117
6669999

0333889
3372289
5577288
0576244
5576244
1116664
1119999

0886669
4482269
4488267
0433277
3335257
1115557
1119999

0222239
5256339
5556311
0666311
4488711
4487777
4889999

0333869
3388869
5586667
0522227
5524477
1114447
1119999

0445559
3445759
3347777
0388111
6382111
6882222
6669999

0221119
4421119
4427777
0428755
6888335
6833355
6669999

0333889
3344489
5564488
0562222
5566672
1117777
1119999

0722229
7777429
5534488
0534486
5533886
1113666
1119999

0881119
4481119
4488666
0422226
5523336
5777733
5579999

0766639
7777639
4448633
0448883
2222585
1112555
1119999

0445559
3445759
3347711
0388711
6382711
6882222
6669999

0881119
4481119
4488552
0433352
6337552
6777722
6669999

0441119
4441119
7777832
0788832
6585332
6555322
6669999

0441119
4441119
2222666
0332886
5533386
5777788
5579999

0441119
3441119
3347777
0388575
6382555
6882222
6669999

0333889
3344489
5524488
0522226
5577776
1117666
1119999

0222239
5258839
5557833
0477883
6447111
6447111
6669999

0222239
5258839
5557833
0477883
4467111
4467111
6669999

0333889
3366689
7777688
0722655
1124445
1124455
1129999

0333119
3388119
5568117
0568877
5566627
4422227
4449999

0333889
4443389
4422788
0112755
6112775
6112755
6669999

0222239
5258839
5557833
0117883
6117744
6117444
6669999

0422229
4438829
4433855
0113885
6113755
6117777
6669999

0333889
3375589
7777588
0115544
6112444
6112222
6669999

0333889
3344489
2244788
0211755
6211775
6211755
6669999

0441179
3441179
3341177
0388575
6382555
6882222
6669999

0333889
5553389
5751188
0771144
6721144
6722224
6669999

