0666239
1116239
1116233
7088223
7558444
7758844
7559999

0666889
1116289
1116288
7044255
7444225
7733355
7339999

0333889
6663389
6222288
6044211
5544411
5777711
5579999

0333889
6663389
6222288
6074211
5574411
5774411
5579999

0777739
1117339
1112388
5052386
5552886
4422666
4449999

0333889
6663389
6444288
6044211
7777211
5752211
5559999

0344889
3344489
3666288
3076211
5576211
5772211
5579999

0333889
3366689
2222688
2044611
5544411
5777711
5579999

0333889
3366689
2222688
2074611
5574411
5774411
5579999

0422229
4423339
4433666
7088611
7558611
7758811
7559999

0422229
4423339
4466633
7088611
7558611
7758811
7559999

0333559
1113359
1117556
8077776
8882666
4482222
4449999

0333889
4473389
4472288
4077211
6575211
6555211
6669999

0444889
2244839
2558837
2056337
2556377
1116667
1119999

0554449
2254479
2557777
2033386
2338886
1118666
1119999

0444889
2244389
2557388
2057336
2557736
1117666
1119999

0333889
3322869
5528867
5026667
5524477
1114447
1119999

0333889
3322879
5528877
5024476
5524476
1114666
1119999

0333449
3322449
5527488
5027786
5527886
1117666
1119999

0333889
3322689
5527688
5027666
5527744
1117444
1119999

0333449
3322449
5528847
5026877
5526887
1116667
1119999

0333889
3322789
5527788
5026744
5526744
1116664
1119999

0111739
8111739
8887733
4085753
4465552
4462222
6669999

0111889
7111689
7732688
7032666
7332444
5352244
5559999

0555889
7525839
7728833
7026663
7226443
1116444
1119999

0555889
7525389
7723388
7023666
7223446
1114446
1119999

0777789
4478889
4458532
4055532
6111332
6111322
6669999

0333449
3384449
8882666
8072611
5572611
5772211
5579999

0388449
3384449
3882666
3072611
5572611
5772211
5579999

0333229
3344429
5554427
5058827
6111877
6111887
6669999

0388449
3384449
3886662
3075562
7777562
1115522
1119999

0333449
3384449
8886662
8075562
7777562
1115522
1119999

0111889
7111869
7738862
7036662
7334442
5354422
5559999

0555889
2575389
2773388
2073611
2273611
4466611
4449999

0111379
8111379
8883377
4083575
4462555
4462222
6669999

0722229
7777829
5553888
5053348
6111344
6111344
6669999

0111889
2111689
2222688
4066655
4477775
4433755
3339999

0777739
4447339
4422388
5052386
5552886
1112666
1119999

0777739
4447339
4488322
5058362
5558862
1116662
1119999

0222289
5258889
5558666
7044611
7444611
7733311
7339999

0333889
6663389
6777788
6075511
2222511
2445511
4449999

0311169
3311169
3886662
3082222
5588444
5777744
5579999

0422229
4423339
4411133
7011186
7558886
7758666
7559999

0443889
4443689
5533688
5037666
5577772
1112222
1119999

0555889
7525389
7723388
7023611
7223611
4466611
4449999

0777739
4478839
4446833
5056883
5556662
1112222
1119999

0388449
3384449
3886662
3011162
5511162
5777722
5579999

0333449
3384449
8886662
8011162
5511162
5777722
5579999

0333889
3344489
5564488
5067777
5566672
1112222
1119999

0333889
3344689
5544688
5047666
5577772
1112222
1119999

0333869
3388869
5586667
5011177
5511127
4422227
4449999

0311169
3311169
3886662
3084442
5588442
5777722
5579999

0333889
3366689
5567288
5067244
5577244
1117224
1119999

0333889
6663389
5567288
5067244
5577244
1117224
1119999

0333449
3324449
5528666
5028886
5522786
1117777
1119999

0666889
2644489
2634488
2037777
2233575
1113555
1119999

0333889
4473389
4475588
4077511
6275511
6222211
6669999

0445559
2445859
2488833
2083336
2277776
1117666
1119999

0555889
2575839
2778833
2076663
2276443
1116444
1119999

0777739
2575339
2555388
2044386
2244886
1114666
1119999

0555889
2575389
2773388
2073666
2273446
1114446
1119999

0344889
3344489
3777788
3057511
6255511
6222211
6669999

0666449
2655449
2658847
2055877
2233887
1113337
1119999

0666889
2655789
2657788
2055744
2233744
1113334
1119999

0333449
3384449
8881116
8071116
5572666
5772222
5579999

0388449
3384449
3881116
3071116
5572666
5772222
5579999

0222239
5258839
5558337
4088377
4461117
4461117
6669999

0222289
5258889
5558337
4033377
4461117
4461117
6669999

0556669
2256889
2556811
2078811
2473311
4477333
4479999

0388449
3386449
3886422
3076662
5571112
5771112
5579999

0322229
3326669
3886111
3086111
5588444
5777744
5579999

0333449
3386449
8886422
8076662
5571112
5771112
5579999

0333889
3372289
7777288
5056244
5556244
1116664
1119999

0333889
3372289
5577288
5076244
5576244
1116664
1119999

0886669
4482269
4488267
4033277
3335257
1115557
1119999

0388449
3384449
3886111
3076111
5576662
5772222
5579999

0333449
3384449
8886111
8076111
5576662
5772222
5579999

0466689
4468889
4468111
7033111
7553332
7752222
7559999

0333869
3388869
5586667
5022227
5524477
1114447
1119999

0388449
3384449
3882222
3072666
5571116
5771116
5579999

0333449
3384449
8882222
8072666
5571116
5771116
5579999

0221119
4421119
4427777
4028755
6888335
6833355
6669999

0333889
3344489
5564488
5062222
5566672
1117777
1119999

0722229
7777429
5534488
5034486
5533886
1113666
1119999

0881119
4481119
4488666
4022226
5523336
5777733
5579999

0388449
3384449
3882211
3072611
5572611
5772666
5579999

0333449
3384449
8882211
8072611
5572611
5772666
5579999

0441119
4441119
2222333
2073386
5578886
5778666
5579999

0441119
4441119
2222388
2073386
5573886
5773666
5579999

0371119
3371119
3776662
3075562
4488562
4485522
4889999

0881119
4481119
4488552
4033352
6337552
6777722
6669999

0333889
6663389
6444788
6044755
2222775
1112755
1119999

0375559
3375459
3774488
3074486
2222886
1112666
1119999

0376669
3376889
3776844
3078844
2222545
1112555
1119999

0386669
3388869
3444867
3044557
2222577
1112557
1119999

0388449
3378449
3778842
3072222
6575111
6555111
6669999

0551119
2251119
2553666
2073886
2473386
4477388
4479999

0551119
2251119
2558666
2078886
2473386
4477333
4479999

0333889
3344489
5524488
5022226
5577776
1117666
1119999

0222239
8244439
8884433
7086663
7556111
7756111
7559999

0222239
5258839
5557833
4077883
4467111
4467111
6669999

0333889
3344489
5554488
5052222
1166672
1167777
1169999

0344469
3374469
3776662
3075552
1175852
1188822
1189999

0388449
3384449
3886662
3075562
1177562
1175522
1179999

0388449
3384449
3882222
3076662
5576111
5776111
5579999

0333449
3384449
8886662
8075562
1177562
1175522
1179999

0333449
3384449
8882222
8076662
5576111
5776111
5579999

0322229
3344829
3444888
3076668
5576111
5776111
5579999

0333889
3344489
5554488
5057777
1166672
1162222
1169999

0333119
3388119
5568117
5068877
5566627
4422227
4449999

0322119
3372119
3772118
3072888
6575844
6555444
6669999

0388119
3386119
3886112
3076662
5574442
5774422
5579999

0333889
6663389
6777788
6057544
1155544
1122224
1129999

0333889
3344489
5554488
5057666
1177776
1122226
1129999

0333119
3386119
8886112
8076662
5574442
5774422
5579999

0411889
4411689
4411688
7066633
7553332
7752222
7559999

0411889
4411689
4411688
7033666
7553332
7752222
7559999

0445559
4445359
2222388
2073386
1173886
1177666
1179999

0443889
4443389
2222388
2075356
1175556
1177666
1179999

0777739
2575339
2555388
2011386
2211886
4411666
4449999

0344889
3344489
3222288
3075256
1175556
1177666
1179999

0333559
3382259
8882554
8072644
1172644
1177666
1179999

0388559
3382259
3882554
3072644
1172644
1177666
1179999

0333449
3384449
8881122
8071162
5571162
5776662
5579999

0388449
3384449
3881122
3071162
5571162
5776662
5579999

0388449
3384449
3886662
3071162
5571162
5771122
5579999

0333449
3384449
8886662
8071162
5571162
5771122
5579999

