5053889
5553389
0722388
7724311
6724411
6724411
6669999

3022229
3344429
0344666
7388611
7558611
7758811
7559999

5053889
5553389
0666388
7624311
7624411
7724411
7229999

5056889
5556289
0666288
7777211
4472211
4433311
4339999

5056889
5556289
0666288
7444211
7442211
7733311
7339999

8066679
8883679
0483677
4433575
4432555
1112222
1119999

5053889
5553389
0111388
7111326
7722226
7444666
7449999

5056669
5558869
0111862
4111882
4477772
4433722
3339999

5053889
5553389
0666388
2644311
2644411
2777711
2279999

5053889
5553389
0666388
2674311
2674411
2774411
2279999

5058839
5558339
0788322
7777342
6111442
6111442
6669999

3011169
3311169
0386664
7388844
7552844
7752222
7559999

3086669
3388869
0322867
5352477
5552447
1112447
1119999

3011169
3311169
0386667
2388877
2445857
2445557
2249999

5053889
5553689
0433688
4437666
4477772
1112222
1119999

5051119
5551119
0337777
2233374
2666844
2688844
2689999

5054449
5554479
0337777
2233311
2666811
2688811
2689999

5051119
5551119
0777788
2273386
2333886
2444666
2449999

5051119
5551119
0777733
2273334
2666844
2688844
2689999

3022229
3321119
0381117
4388877
4465857
4465557
6669999

5054449
5552449
0682222
7688811
7666811
7733311
7339999

5051119
5551119
0682222
7688842
7666844
7733344
7339999

3075559
3375859
0377888
4371118
4461112
4462222
6669999

8022229
8883329
0585333
7555666
7741116
7441116
7449999

3022229
3355729
0357777
8355666
8881116
4481116
4449999

5051119
5551119
0666844
2688844
2683334
2777733
2279999

5056669
5553369
0333267
8222277
8881117
4481117
4449999

5056449
5556449
0666847
2388877
2381117
2331117
2239999

5051119
5551119
0666444
7633344
7688332
7782222
7889999

3025559
3325759
0327777
8322666
8881116
4481116
4449999

3024889
3324489
0324488
7322666
7551116
7751116
7559999

5056889
5556789
0666788
2222774
2333744
1113344
1119999

5051119
5551119
0777722
8874442
6833442
6883332
6669999

5051119
5551119
0777722
8873332
6833442
6884442
6669999

3061119
3361119
0366622
8377772
8885752
4485552
4449999

3061119
3361119
0366622
7388442
7558442
7758842
7559999

5051119
5551119
0777722
3376662
4333862
4488862
4489999

3022889
3324489
0324488
7324666
7551116
7751116
7559999

5056669
5553369
0333867
2288877
2481117
2441117
2449999

3022229
3355529
0357511
8377611
8887611
4487666
4449999

8022229
8884429
0784411
7755411
6753311
6755333
6669999

3022229
3366629
0388644
5358644
5558874
1117777
1119999

3061119
3361119
0366642
7388442
7558442
7758822
7559999

3075559
3375859
0377888
2376668
2446111
2446111
2249999

5051119
5551119
0333666
3322226
4488726
4487777
4889999

3086669
3388869
0355862
7352222
7755111
7444111
7449999

5054449
5557449
0777722
6663112
6883112
6833112
8839999

5054449
5557449
0777722
6668112
6888112
6833112
3339999

3061119
3361119
0366655
8377775
8882755
4482222
4449999

5051119
5551119
0444666
7244886
7222286
7733388
7339999

5056669
5558869
0333867
3322887
1124477
1124447
1129999

3022229
3344829
0344888
7346668
7556111
7756111
7559999

5054449
5557449
0777722
1186662
1188862
1133862
3339999

5058839
5558339
0788344
7777344
1166642
1162222
1169999

5056669
5558869
0444862
1144882
1177772
1133722
3339999

5056279
5556279
0666277
1182274
1188844
1133844
3339999

2077779
2222749
0333844
3388844
6585111
6555111
6669999

5054449
5552449
0112222
7118666
7118886
7733386
7339999

5054449
5557449
0777722
3336662
1133862
1188862
1189999

5056669
5556889
0116844
2118844
2113334
2777733
2279999

5054449
5552449
0112666
7112886
7112286
7733388
7339999

5054449
5554479
0337777
2233386
2118886
2118666
2119999

5056449
5556449
0666347
2288377
2118337
2118837
2119999

5056669
5558869
0333867
3344887
1144477
1122227
1129999

5056889
5556789
0666788
3337744
1133744
1122224
1129999

3066679
3311679
0311677
8311575
8882555
4482222
4449999

5056279
5556279
0666277
3332274
1133844
1188844
1189999

3011889
3311689
0311688
7366644
7552444
7752222
7559999

5058839
5558339
0788322
7711342
6711442
6711442
6669999

5051139
5551139
0681133
2688843
2666844
2777744
2279999

5056669
5551169
0881164
2381144
2388744
2337777
2239999

5056669
5551169
0881167
2381177
2388447
2334447
2239999

5051179
5551179
0331177
2233374
2666844
2688844
2689999

