7044889
7744389
7554388
7503311
6553211
6222211
6669999

7022229
7723339
7555833
7505888
6111448
6111444
6669999

7022229
7728839
7555833
7505883
6111443
6111444
6669999

5054449
5554479
6663772
6803372
6888372
1118322
1119999

7022229
7733329
7555338
7505888
6111844
6111444
6669999

3044889
3344489
6322788
6302755
6662775
1112755
1119999

5058839
5558339
4488322
4407362
4777762
1116662
1119999

2011139
2811139
2888633
2208643
5566644
5777744
5579999

4022229
4411129
4411155
8803335
6833755
6887777
6669999

7044889
7744389
7224388
7203311
6253511
6255511
6669999

5051119
5551119
2677778
2607888
2666844
2233444
3339999

5051119
5551119
7777333
2703386
2448886
2448666
2249999

5051119
5551119
7777388
2703386
2443886
2443666
2249999

5056669
5554469
8844462
7801112
7881112
7733322
7339999

6033389
6338889
6668111
4407111
4477772
5452222
5559999

2041119
2441119
2447777
2208755
6888335
6833355
6669999

6033389
6338889
6668111
2505111
2555444
2777744
2279999

5051119
5551119
3777744
3307844
6388842
6382222
6669999

5052449
5552449
6662411
6302211
6388711
3387777
3889999

5051119
5551119
4433322
4408332
6478882
6777782
6669999

5051119
5551119
4488322
4408332
6478832
6777732
6669999

5051119
5551119
6662222
6302444
6388744
3387777
3889999

3076669
3777769
3322565
8302555
8882111
4482111
4449999

3044889
3444689
3322688
7302666
7552111
7752111
7559999

8022229
8883329
4486333
4406555
4666575
1117777
1119999

7031119
7731119
7336662
7305562
4488562
4485522
4889999

5051119
5551119
8844462
7804462
7886662
7733322
7339999

7035559
7735459
7334488
7304486
2222886
1112666
1119999

7036669
7736889
7336844
7308844
2222545
1112555
1119999

7044439
7744339
7555388
7505386
2222886
1112666
1119999

5051119
5551119
2222447
8802447
6833477
6883337
6669999

5052239
5552739
6662733
6802773
6888744
1118444
1119999

5056449
5556449
7666422
7703112
7883112
7833112
8839999

5056449
5556449
7666422
7708112
7888112
7833112
3339999

4066689
4468889
4468112
7505112
7555112
7733322
7339999

4022229
4438829
4433855
1103885
1163755
1167777
6669999

3022229
3444829
3344888
7306668
7556111
7756111
7559999

5056229
5556249
7666244
7708244
7888111
7833111
3339999

5056229
5556249
7666244
7703244
7883111
7833111
8839999

6077779
6333749
6663344
2208844
2558111
2588111
2559999

5057119
5557119
2677118
2607888
2666844
2233444
3339999

5052119
5552119
6662114
6302244
6388744
3387777
3889999

5052119
5552119
6662117
6302277
6388447
3384447
3889999

5056119
5556119
7666112
7703442
7883442
7833422
8839999

5056119
5556119
7666112
7708442
7888442
7833422
3339999

6044889
6444839
6668833
2205553
2115753
2117777
2119999

6044889
6444389
6663388
2203555
2113575
2117777
2119999

