5053889
5553289
4433288
4430211
6472211
6777711
6669999

7022229
7723339
7885533
7860511
8865511
4466611
4449999

7022229
7723339
7655533
7650511
4666811
4488811
4489999

3075559
3375859
6377888
6370448
6662444
1112222
1119999

3044479
3344879
6388877
6380575
6662555
1112222
1119999

5058839
5558339
4488322
4470362
4777762
1116662
1119999

3075559
3375859
6377888
6370448
6664442
1112222
1119999

4022229
4421119
4431117
8830557
6833577
6883557
6669999

7034889
7734489
7334488
7350511
6255511
6222211
6669999

7036669
7736559
7336522
7380552
8881112
8441112
4449999

5051119
5551119
7777666
2370886
2344486
2334488
2239999

3076669
3776559
3376522
8370552
8881112
4481112
4449999

2033389
2338889
2558111
2250111
6557444
6777744
6669999

5051119
5551119
3777744
3370844
6388842
6382222
6669999

5051119
5551119
7777422
8870442
6833442
6883332
6669999

3071119
3771119
3375522
8370562
8885562
4486662
4449999

5051119
5551119
7777322
8870332
6844432
6884432
6669999

7031119
7731119
7335522
7380562
8885562
8446662
4449999

5051119
5551119
6664442
6880442
6877772
8833722
3339999

4086669
4488869
4433867
3330557
2222577
1112557
1119999

4071119
4471119
4477666
5570886
5222286
5533288
3339999

4066689
4468889
4468112
3330112
5533112
5777722
5579999

6022229
6777729
6667555
1180545
1188844
1133844
3339999

5053889
5553389
7777388
1170344
1162444
1162222
6669999

4066689
4468889
4468557
3330577
1133557
1122227
1129999

6022229
6777729
6667555
3330545
1133844
1188844
1189999

