7022229
7553329
7756333
7556011
4666811
4488811
4489999

5054479
5554479
1114772
1118072
6888332
6833322
6669999

7022229
7723339
7885533
7865011
8865511
4466611
4449999

5054449
5557449
2777788
2111086
2111886
2233666
3339999

4066689
4468889
4468552
7111052
7111552
7733322
7339999

8077779
8887449
6585444
6555033
6663332
1112222
1119999

2045559
2445759
2447777
2233086
3338886
1118666
1119999

5054449
5554479
3337777
2233011
2666811
2688811
2689999

5051119
5551119
3337777
2233074
2666844
2688844
2689999

5051119
5551119
2777788
2447086
2444886
2233666
3339999

5054449
5554489
6668887
2368077
2361117
2331117
2239999

5054449
5554489
3228887
3328077
6321117
6321117
6669999

3071119
3771119
3375522
8375062
8885562
4486662
4449999

7031119
7731119
7335522
7385062
8885562
8446662
4449999

5054449
5554489
6668887
6328077
6321117
3321117
3229999

5052449
5552449
6662411
6322011
6388711
3387777
3889999

5051119
5551119
3882222
3382044
6388744
6377774
6669999

5054449
5554489
2238887
2338077
2361117
2361117
6669999

5051119
5551119
8844462
7844062
7886662
7733322
7339999

5051119
5551119
8777762
8887062
4486662
4433322
4339999

3071119
3771119
3375556
8375056
8882666
4482222
4449999

7031119
7731119
7335556
7385056
8882666
8442222
4449999

5051119
5551119
8777744
8887044
6283334
6222233
6669999

7066639
7552639
7752633
7552043
1122844
1188844
1189999

2045559
2445359
2443388
2273086
1173886
1177666
1179999

5054449
5557449
2117788
2117086
2117886
2233666
3339999

7088439
7784439
7884433
7115053
6115552
6112222
6669999

5052119
5552119
6662117
6322077
6388447
3384447
3889999

5052119
5552119
6662114
6322044
6388744
3387777
3889999

5054449
5554479
3337777
2233086
2118886
2118666
2119999

5051179
5551179
3331177
2233074
2666844
2688844
2689999

