8077779
8885759
4485556
4433306
4332666
1112222
1119999

2077779
2111739
2111833
2288803
6585443
6555444
6669999

5053889
5553389
2222388
4442306
4477776
1117666
1119999

6033389
6338889
6668555
2111505
2111444
2777744
2279999

4066689
4468889
4468552
7111502
7111552
7733322
7339999

7011139
7711139
7555633
7585603
8882666
8442222
4449999

7011139
7711139
7555336
7585306
8882666
8442222
4449999

7022229
7553829
7753888
7553308
6111344
6111444
6669999

4011139
4411139
4455533
8857503
6877772
6882222
6669999

7022229
7711129
7811155
7888605
4448655
4433666
3339999

7022229
7711129
7811155
7888605
3338655
4433666
4449999

6033389
6338889
6668555
4447505
4477772
1112222
1119999

5054439
5554439
6668433
6888703
6877772
1112222
1119999

3075559
3375859
6377888
6374408
6664442
1112222
1119999

5051119
5551119
3337777
2233704
2666844
2688844
2689999

5051119
5551119
7777333
2273304
2666844
2688844
2689999

5051119
5551119
7777666
2278604
2888644
2833344
2339999

3071119
3771119
3372255
8372605
8882655
4482666
4449999

7031119
7731119
7332255
7382605
8882655
8442666
4449999

5051119
5551119
8844666
2844406
2883336
2777733
2279999

7033389
7338889
7758522
7455502
4461112
4461112
6669999

7033389
7338889
7758522
7455502
6441112
6441112
6669999

7031119
7731119
7336555
7386505
8886662
8442222
4449999

3071119
3771119
3376555
8376505
8886662
4482222
4449999

6033389
6338889
6668555
2222505
2777744
1117444
1119999

5051119
5551119
7777322
4788302
4468332
4468832
6669999

8044469
8884469
5586667
5222207
5533277
1113337
1119999

5051119
5551119
2222666
2333806
3388876
4487777
4449999

7088449
7784449
7883355
7333605
2222655
1112666
1119999

5051119
5551119
4477772
4448702
6888332
6833322
6669999

5051119
5551119
6877772
6888702
6668332
4433322
4449999

5051119
5551119
6664442
6884402
6877772
8833722
3339999

5051119
5551119
7777666
8733306
8882336
4482222
4449999

5051119
5551119
7777336
8733306
8882666
4482222
4449999

5051119
5551119
3377776
8333706
8882666
4482222
4449999

5051119
5551119
3444887
3344807
6328877
6322227
6669999

7022229
7726669
7886555
7386505
3388111
3444111
3449999

7022229
7726669
7886555
7486505
4488111
4433111
3339999

7022229
7723339
7833555
7888505
6448111
6444111
6669999

7022229
7723339
7833555
7888505
6668111
6444111
6449999

7022229
7738829
7338555
7388505
6344111
6444111
6669999

7022229
7733329
7338555
7888505
6844111
6444111
6669999

5056449
5556449
8666742
8883702
1183772
1133722
1139999

5056449
5556449
8666247
8883207
1183277
1133227
1139999

5056119
5556119
2666117
2448807
2444877
2233887
3339999

2046669
2446889
2446855
2278805
1173355
1177333
1179999

2066639
2222639
7777633
5758803
5558111
4488111
4449999

2044119
2344119
2334117
2238807
6535877
6555887
6669999

4075559
4475859
4477888
1173308
1162333
1162222
6669999

4077779
4455739
4458833
1155803
1162883
1162222
6669999

7088449
7783449
7883422
7113302
6115352
6115552
6669999

4075539
4477539
4475533
2276803
2116888
2116668
2119999

5054439
5554439
7777433
2276803
2116888
2116668
2119999

5056669
5553369
8333467
8884407
1184477
1122227
1129999

5054449
5554439
8666337
8886307
1186377
1122227
1129999

7088449
7783449
7883455
7113305
6112355
6112222
6669999

4066639
4411639
4411633
2211803
2557888
2577778
2559999

2041139
2441139
2441133
2276803
5576888
5776668
5579999

4021139
4421139
4421133
7226803
7556888
7756668
7559999

