5056889
5556789
2666788
2111770
2111744
2233444
3339999

2044889
2444879
2338877
2233370
6111575
6111555
6669999

7022889
7742389
7442388
7442330
6111535
6111555
6669999

7034889
7734489
7334488
7322220
6111525
6111555
6669999

7022229
7743329
7448333
7448880
6111585
6111555
6669999

7022229
7711129
7811155
7888650
4448655
4433666
3339999

7022229
7711129
7811155
7888650
3338655
4433666
4449999

5051119
5551119
3337777
2233740
2666844
2688844
2689999

5051119
5551119
7777333
2273340
2666844
2688844
2689999

5051119
5551119
7777666
2278640
2888644
2833344
2339999

3071119
3771119
3372255
8372650
8882655
4482666
4449999

7031119
7731119
7332255
7382650
8882655
8442666
4449999

5051119
5551119
2687777
2688870
2666844
2233444
3339999

7088449
7784449
7883355
7333650
2222655
1112666
1119999

7034889
7734489
7334488
7322220
6525111
6555111
6669999

2066679
2222679
5544677
5444870
5533888
1113338
1119999

4073889
4473389
4477388
1175350
1165552
1162222
6669999

4075559
4475359
4477388
1173380
1163882
1162222
6669999

5057889
5557389
4477388
4447330
1166632
1162222
1169999

7044889
7744389
7545388
7555330
1166632
1162222
1169999

2046669
2446889
2446855
2278850
1173355
1177333
1179999

2044889
2444389
2666388
2276330
1176535
1177555
1179999

6044889
6444389
6667388
2277330
2117535
2117555
2119999

7044889
7444389
7722388
7112330
6112535
6112555
6669999

7088449
7783449
7883455
7113350
6112355
6112222
6669999

7011889
7711389
7211388
7244330
6244535
6224555
6669999

7044889
7744389
7224388
7211330
6211535
6211555
6669999

4011229
4411279
4411277
6668270
6888575
6833555
3339999

4011229
4411279
4411277
6663270
6883575
6833555
8839999

4022229
4421179
4431177
8831170
6833575
6883555
6669999

5051179
5551179
2681177
2688870
2666844
2233444
3339999

