5056889
5556789
2666788
2222774
0333744
1113344
1119999

8066679
8883679
4483677
4433575
0432555
1112222
1119999

7066639
7444639
7744633
7822223
0888525
1118555
1119999

7044639
7444639
7766633
7822223
0888525
1118555
1119999

7066639
7744639
7444633
7822223
0888525
1118555
1119999

5052889
5552389
4442388
4422336
0777736
1117666
1119999

5054479
5554479
2222477
2833376
0888336
1118666
1119999

7022889
7552689
7752688
7552666
0333444
1113344
1119999

5058839
5558339
4488322
4447362
0777762
1116662
1119999

5053889
5553689
4433688
4437666
0477772
1112222
1119999

7044889
7744689
7554688
7566633
0553332
1112222
1119999

7044889
7744689
7554688
7533666
0553332
1112222
1119999

2044889
2444839
2558837
2256337
0556377
1116667
1119999

2044889
2444389
2557388
2257336
0557736
1117666
1119999

2045559
2445759
2447777
2233386
0338886
1118666
1119999

2033389
2338889
2558666
2254446
0554476
1117777
1119999

2033389
2338889
2558447
2256447
0556477
1116667
1119999

2066679
2555679
2585677
2288874
0333844
1113344
1119999

2077779
2333749
2553344
2256844
0556888
1116668
1119999

7022229
7723339
7554433
7544486
0558886
1118666
1119999

7022229
7723339
7666833
7688855
0684445
1114455
1119999

4022229
4466629
4433611
3338611
0888711
5857777
5559999

7022229
7556829
7756888
7556668
0333444
1113344
1119999

7022229
7553329
7756333
7556884
0666844
1118844
1119999

8022229
8883329
4486333
4446555
0666575
1117777
1119999

5051119
5551119
2222444
2887446
0877776
8833666
3339999

2066679
2222679
5553677
5853374
0888344
1118344
1119999

7022889
7721189
7621188
7621155
0666335
4433355
4449999

