5054889
5554489
1114488
1112222
6033372
6337777
6669999

5054889
5554489
1114488
1112222
6073332
6777733
6669999

5054889
5554489
1114488
1117777
6033372
6332222
6669999

8066679
8883679
4483677
4433575
4032555
1112222
1119999

5053889
5553689
4433688
4437666
4077772
1112222
1119999

5054889
5554489
6664488
6777733
6073332
1112222
1119999

5054889
5554489
6664488
6337777
6033372
1112222
1119999

5051119
5551119
7777388
2273386
2043886
2443666
2449999

5051119
5551119
3337777
2233786
2048886
2448666
2449999

5051119
5551119
7777333
2273386
2048886
2448666
2449999

7088439
7784439
7884433
7551113
6051112
6552222
6669999

7031119
7731119
7335544
7388544
6085542
6882222
6669999

5051119
5551119
4447777
4488733
6083332
6882222
6669999

4022229
4426669
4486557
8886577
8033557
1113337
1119999

5051119
5551119
3366644
7333644
7088642
7782222
7889999

8044439
8884439
2585337
2555377
2061117
2261117
6669999

5054449
5558449
2888337
2833377
2061117
2261117
6669999

4066689
4468889
4468557
2222577
2033557
1113337
1119999

5051119
5551119
4433322
4448332
6078882
6777782
6669999

5051119
5551119
4488322
4448332
6078832
6777732
6669999

5054889
5554489
6664488
6332222
6033372
1117777
1119999

5054449
5558449
6668887
6222287
6033277
1113337
1119999

7088449
7783449
7883411
7553311
6052311
6552222
6669999

3044119
3344119
2384117
2388877
2065857
2265557
6669999

7088119
7783119
7883114
7553344
6052344
6552222
6669999

3075559
3375859
2377888
2371148
2061144
2261144
6669999

