7066639
7755639
7885633
7855443
8802444
1112222
1119999

8077779
8886739
5586433
5666443
5502443
1112222
1119999

5054439
5554439
1114337
1118377
6208887
6222287
6669999

5053449
5553449
1113347
1118377
6208887
6222287
6669999

8077779
8886739
5586334
5666344
5502344
1112222
1119999

7022229
7723339
7111833
7111888
6505448
6555444
6669999

7022229
7728839
7111833
7111883
6505443
6555444
6669999

7022229
7733329
7111338
7111888
6505844
6555444
6669999

5056669
5558869
2222867
2333887
3304477
1114447
1119999

7088449
7784449
7885522
7333562
3305562
1116662
1119999

4011169
4411169
4486667
2388877
2305857
2335557
2239999

7066639
7755639
7885633
7855443
8804442
1112222
1119999

5051119
5551119
7777388
2273386
2403886
2443666
2449999

5051119
5551119
3337777
2233786
2408886
2448666
2449999

5051119
5551119
7777333
2273386
2408886
2448666
2449999

4022229
4421119
4431117
8833557
6803577
6883557
6669999

8022229
8883329
7585333
7555666
7701116
7441116
4449999

7088439
7784439
7884433
7551113
6501112
6552222
6669999

4075539
4477539
4475533
8871113
6801112
6882222
6669999

5054439
5554439
7777433
8871113
6801112
6882222
6669999

6033389
6338889
6668722
4477772
4401112
5451112
5559999

5051119
5551119
7777444
2376844
2306888
2336668
2239999

5051119
5551119
7777666
2374886
2304486
2334488
2239999

5053229
5553329
6668327
6888327
6804477
1114447
1119999

4086669
4488869
4433862
3331112
5501112
5777722
5579999

6033389
6338889
6668111
2555111
2505444
2777744
2279999

5054449
5554479
3337777
8833111
6802111
6882222
6669999

5051119
5551119
3444887
3344877
6308827
6322227
6669999

5054449
5552449
2222337
8833377
6801117
6881117
6669999

5051119
5551119
3777722
3378842
6308442
6388442
6669999

6033389
6338889
6668111
2222111
5502444
5777744
5579999

5051119
5551119
7777322
8874332
6804432
6884432
6669999

5051119
5551119
7777322
8873342
6803442
6883442
6669999

8044469
8884469
3286667
3222277
3301117
5351117
5559999

7088449
7783449
7883411
7553311
6502311
6552222
6669999

4075559
4475859
4477888
2376668
2306111
2336111
2239999

5054449
5557449
6667722
6887112
6807112
8833112
3339999

7088449
7784449
7883322
7333112
6505112
6555112
6669999

5051119
5551119
7777333
8873344
6802444
6882222
6669999

5051119
5551119
3337777
8833744
6802444
6882222
6669999

5051119
5551119
7777444
8873344
6802333
6882222
6669999

5054449
5554479
6667777
6882222
6802111
8833111
3339999

2077779
2222749
5533344
5336844
5506888
1116668
1119999

4066689
4468889
4468112
7555112
7505112
7733322
7339999

5056669
5557369
4477362
4447332
1107832
1188822
1189999

5056669
5557369
4447362
4477332
1107832
1188822
1189999

4022119
4423119
4423117
8823377
6805357
6885557
6669999

7044889
7744489
7223388
7255333
6205111
6255111
6669999

5058879
5558279
4488277
4443276
1103226
1133666
1139999

5052119
5552119
6662117
6882277
6804447
8833447
3339999

7032119
7732119
7332118
7322888
6505844
6555444
6669999

7088119
7783119
7883114
7553344
6502344
6552222
6669999

7022229
7554429
7754488
7553486
1103886
1133666
1139999

4075559
4475359
4477332
8871132
6801132
6881122
6669999

5051129
5551129
3331127
8833227
6804477
6884447
6669999

