6022229
6777729
6667333
5553311
5450811
4488811
4489999

4022229
4473329
4477333
8875511
6870511
6885511
6669999

3075559
3375859
6377888
6374448
6660442
1112222
1119999

3077779
3355749
6358844
6355844
6660882
1112222
1119999

3024889
3324489
6324488
6322555
6660575
1117777
1119999

3025559
3325759
6327777
6322884
6660844
1118844
1119999

7034889
7734489
7334488
7355511
6250511
6222211
6669999

5057889
5557689
2277688
2447666
2440111
2433111
3339999

4031119
4431119
4433557
6663577
6880557
6822227
8829999

3022229
3355729
6357777
6355884
6660844
1118844
1119999

3022229
3348829
6344855
6344885
6660755
1117777
1119999

8022229
8883329
6585333
6555444
6660744
1117777
1119999

5057889
5557689
2477688
2447666
2440111
2233111
3339999

7031119
7731119
7336662
7385562
8880562
8445522
4449999

3071119
3771119
3376662
8375562
8880562
4485522
4449999

3022889
3324489
6324488
6324555
6660575
1117777
1119999

7022889
7552689
7752688
7552666
4440111
4433111
3339999

7022889
7552689
7752688
7552666
3330111
4433111
4449999

6022229
6777729
6667844
1188844
1180545
1133555
3339999

4022229
4475529
4477588
1175586
1170886
1133666
3339999

5054229
5554429
6664427
1168827
1160877
1133887
3339999

8077779
8887119
6585112
6555112
6660332
4433322
4449999

7022229
7556829
7756888
7556668
3330111
4433111
4449999

5056669
5556889
4446832
4478832
1170332
1177322
1179999

5057889
5557789
6667288
1167244
1160244
1133224
3339999

7022229
7556829
7756888
7556668
4440111
4433111
3339999

7044889
7744489
7223388
7255333
6250111
6255111
6669999

2066639
2444639
2448633
2278883
1170585
1177555
1179999

5057889
5557789
2117488
2117446
2110446
2233666
3339999

5056669
5556449
2116447
2118847
2110877
2233887
3339999

7044119
7444119
7738112
7338882
6350582
6355522
6669999

7022229
7551129
7751188
7551186
4440886
4433666
3339999

7022229
7551129
7751188
7551186
3330886
4433666
4449999

5052239
5552339
4442388
4472386
1170886
1177666
1179999

2066639
2222639
4448633
4478883
1170585
1177555
1179999

