5054439
5554439
1114337
1118377
6888027
6822227
6669999

5053449
5553449
1113347
1118377
6888027
6822227
6669999

4022229
4473329
4477333
8875511
6875011
6885511
6669999

6033389
6338889
6668755
4477775
4442055
1112222
1119999

5053889
5553389
2222388
2444311
6447011
6777711
6669999

5056669
5558869
2222867
4442887
4433077
1113337
1119999

5053889
5553389
4446388
2446311
2666011
2777711
2279999

5054449
5552449
2222666
7111886
7111086
7733388
7339999

6033389
6338889
6668555
2111545
2111044
2777744
2279999

5054429
5554429
6668427
6888227
6833077
1113337
1119999

7088449
7784449
7883322
7333552
6111052
6111552
6669999

7044889
7744489
7222288
7233666
3335056
1115556
1119999

6033389
6338889
6668722
4477772
4445052
1115552
1119999

2011139
2811139
2888337
2248377
6445057
6445557
6669999

5053889
5553389
2222388
4442311
6447011
6777711
6669999

5053229
5553329
4488327
4486327
4886077
1116667
1119999

7022229
7723449
7883444
7833666
8835056
1115556
1119999

7022229
7728449
7888444
7833666
3335056
1115556
1119999

5054449
5558449
6668887
6222287
6233077
1113337
1119999

5051119
5551119
3884447
3384477
6388027
6322227
6669999

7061119
7761119
7866622
7888552
4448052
4433552
3339999

5051119
5551119
7777322
4788332
4468032
4468832
6669999

7061119
7761119
7866622
7888552
3338052
4433552
4449999

3071119
3771119
3372222
8372666
8885056
4485556
4449999

7031119
7731119
7332222
7382666
8885056
8445556
4449999

8022229
8886429
5586447
5666447
5533077
1113337
1119999

5057889
5557389
4477388
4447336
2222036
1112666
1119999

7031119
7731119
7336662
7385562
8885062
8445522
4449999

7044889
7744389
7545388
7555336
2222036
1112666
1119999

7066639
7768839
7565833
7555883
2222044
1112444
1119999

3071119
3771119
3376662
8375562
8885062
4485522
4449999

7033389
7338889
7758511
7455511
4462011
4462222
6669999

7033389
7338889
7758511
7455511
6442011
6442222
6669999

7036669
7738869
7338565
7388555
2222044
1112444
1119999

5051119
5551119
2222666
7442886
7444086
7733388
7339999

7034889
7734489
7334488
7322666
1125056
1125556
1129999

7022889
7552389
7752388
7552336
1144036
1144666
1149999

4075559
4475859
4477888
1173338
1162033
1162222
6669999

7088439
7784439
7884433
7115553
6115052
6112222
6669999

5053889
5553389
7777388
2276344
2116044
2116664
2119999

4066689
4468889
4468337
2233377
2115057
2115557
2119999

6044119
6444119
6668112
3338882
5533082
5777722
5579999

4066639
4468839
4468337
2288377
2115057
2115557
2119999

7022229
7553329
7758333
7558886
1144086
1144666
1149999

5054449
5554479
8222277
8883276
1183076
1133666
1139999

