8044479
8884479
6083377
6333575
6662555
1112222
1119999

8066679
8883679
4083677
4433575
4432555
1112222
1119999

2033389
2338889
2048666
2244611
5544611
5777711
5579999

8077779
8885759
2085554
2111644
2111644
2233666
3339999

8044469
8884469
2086667
2111557
2111577
2233557
3339999

7025559
7725859
7023888
7223348
6111344
6111344
6669999

7024439
7724439
7028433
7228883
6111585
6111555
6669999

8077779
8887559
6083352
6333552
6664442
1114422
1119999

2074439
2774439
2078433
2278883
6111585
6111555
6669999

2075559
2775859
2073888
2273348
6111344
6111344
6669999

5058839
5558739
2088733
2222773
6111744
6111444
6669999

5053889
5553689
4033688
4437666
4477772
1112222
1119999

5054889
5554489
6074488
6777733
6663332
1112222
1119999

5058849
5558449
3088447
3311177
6311127
6322227
6669999

2044889
2444389
2063388
2263555
6663575
1117777
1119999

2044889
2444839
2068833
2265553
6665753
1117777
1119999

7044559
7744459
7038552
7338882
6311182
6311122
6669999

5051119
5551119
3022227
3348827
6344877
6344887
6669999

2033389
2338889
2058511
2255511
6444711
6447777
6669999

5054889
5554489
3074488
3377111
6372111
6372222
6669999

5051119
5551119
3044887
3344877
6348827
6322227
6669999

5051119
5551119
3072222
3372884
6377844
6378844
6669999

5051119
5551119
7022224
7728644
7888644
7833666
3339999

5051119
5551119
7022224
7723644
7883644
7833666
8839999

8022229
8883329
6087333
6777755
6664445
1114455
1119999

2076669
2777769
2088565
2283555
4883111
4433111
4439999

5057889
5557689
2077688
2447666
2444111
2233111
3339999

5051119
5551119
7086662
7788862
7333862
7443322
4449999

5058839
5558339
2088311
2222311
6444711
6447777
6669999

7086669
7788869
7055862
7352222
3355111
3444111
3449999

8077779
8885759
3085552
3342222
6344111
6344111
6669999

7086669
7788869
7055862
7452222
4455111
4433111
3339999

5051119
5551119
3078844
3377844
6372884
6372222
6669999

2033389
2338889
2058544
2255544
1166674
1167777
1169999

8022119
8882119
3082117
3342557
6344577
6344557
6669999

7044439
7784439
7088833
7115853
6115552
6112222
6669999

7066689
7768889
7068344
7223344
1123545
1123555
1129999

7055449
7754449
7055388
7223386
1123886
1123666
1129999

7035559
7735859
7033888
7113448
6114442
6112222
6669999

7055449
7754449
7055333
7223386
1128886
1128666
1129999

7066689
7768889
7068333
7223355
1124445
1124455
1129999

7035559
7735859
7033888
7113448
6112444
6112222
6669999

8022229
8884429
3084447
3311557
6311577
6311557
6669999

8077779
8885759
3085552
3311442
6311442
6311422
6669999

5058839
5558339
2088344
2222344
1166674
1167777
1169999

