7088449
7784449
7883322
7333552
6111502
6111552
6669999

3044889
3444789
3322788
5352776
5552706
1112666
1119999

7011169
7711169
7886662
7482222
4488505
4433555
3339999

7011169
7711169
7886662
7382222
3388505
3444555
3449999

5053889
5553689
4433688
4437666
4777702
1112222
1119999

7022229
7723339
7611133
7611155
4666805
4488855
4489999

7034889
7734489
7334488
7311155
6211105
6222255
6669999

3075559
3375859
6377888
6374448
6664402
1112222
1119999

8077779
8887449
6585444
6555333
6663302
1112222
1119999

7011139
7711139
7222233
7286663
8886505
8446555
4449999

4071119
4471119
4477333
2273355
2666805
2688855
2689999

4071119
4471119
4477666
2278655
2888605
2833355
2339999

7031119
7731119
7332222
7386662
8886505
8446555
4449999

3071119
3771119
3372222
8376662
8886505
4486555
4449999

3071119
3771119
3372666
8372655
8882605
4482255
4449999

7031119
7731119
7332666
7382655
8882605
8442255
4449999

7022229
7726669
7886111
7386111
3388505
3444555
3449999

7022229
7723339
7833111
7888111
6448505
6444555
6669999

7022229
7723339
7833111
7888111
6668505
6444555
6449999

7022229
7726669
7886111
7486111
4488505
4433555
3339999

4066689
4468889
4468111
7333111
7553302
7752222
7559999

6044889
6444789
6667788
2222755
2333705
1113355
1119999

5051119
5551119
4433322
4448332
6888702
6877772
6669999

5051119
5551119
6833322
6888332
6668702
4477772
4449999

7022229
7738829
7338111
7388111
6344505
6444555
6669999

5051119
5551119
3884422
3384442
6388702
6377772
6669999

7022229
7733329
7338111
7888111
6844505
6444555
6669999

7061119
7761119
7866622
7888552
4448502
4433552
3339999

7061119
7761119
7866622
7888552
3338502
4433552
4449999

8044469
8884469
5586667
5222277
5533207
1113337
1119999

7034889
7734489
7334488
7366655
2222605
1112655
1119999

5051119
5551119
3444887
3344877
6328807
6322227
6669999

4077779
4457569
4455562
3336662
1133802
1188822
1189999

4066679
4465579
4465772
3335572
1133802
1188822
1189999

7044469
7554469
7756662
7553332
1133802
1188822
1189999

4077779
4465759
4465552
6663332
1133802
1188822
1189999

5056669
5558869
4443862
4473882
1173302
1177322
1179999

5056449
5556449
8666742
8883772
1183702
1133722
1139999

4077779
4465759
4465552
6663882
1133802
1138822
1139999

7044469
7554469
7756662
7553882
1133802
1138822
1139999

4077779
4435759
4435558
1133888
1163802
1162222
6669999

7044469
7554469
7756668
7553888
1133802
1132222
1139999

4077779
4465759
4465558
6663888
1133802
1132222
1139999

5056449
5556449
8666247
8883277
1183207
1133227
1139999

4077779
4457539
4455532
1188332
1168302
1168822
6669999

7088239
7786239
7886233
7666223
1144505
1144555
1149999

5056119
5556119
2666117
2448877
2444807
2233887
3339999

4077779
4457569
4455562
1186662
1188802
1133822
3339999

4066679
4465579
4465772
1185572
1188802
1133822
3339999

4077779
4435759
4435552
1133882
1163802
1168822
6669999

2044119
2344119
2334117
2238877
6535807
6555887
6669999

7044889
7744389
7114388
7113355
6113205
6222255
6669999

7088439
7784439
7884433
7226663
1126505
1126555
1129999

4066639
4468839
4467833
2277883
2117505
2117555
2119999

4011889
4411789
4411788
3337755
6233705
6222255
6669999

5056669
5553369
8333467
8884477
1184407
1122227
1129999

5054449
5554439
8666337
8886377
1186307
1122227
1129999

7011239
7711239
7811233
7888223
6448505
6444555
6669999

7011239
7711239
7811233
7888223
6668505
6444555
6449999

4011889
4411689
4411688
7333666
7553302
7752222
7559999

7011889
7711389
7411388
7443355
6443205
6222255
6669999

7044889
7744489
7223388
7211333
6211505
6211555
6669999

7032889
7732689
7332688
7322666
1144505
1144555
1149999

4011889
4411689
4411688
7266655
7222205
7733355
7339999

7022229
7723339
7881133
7861155
8861105
4466655
4449999

4055579
4453579
4433772
8831172
6831102
6881122
6669999

4022229
4473329
4477333
8871155
6871105
6881155
6669999

