3075559
3375859
6377888
6374448
6662440
1112222
1119999

3077779
3355749
6358844
6355844
6662880
1112222
1119999

2066639
2111639
2111633
2244883
5544480
5777788
5579999

2066639
2111639
2111633
2285553
8885750
8447777
4449999

2066639
2111639
2111633
2274883
5574480
5774488
5579999

8044469
8884469
5586662
5332222
5533370
1117777
1119999

7022229
7723339
7611133
7611155
4666850
4488855
4489999

7034889
7734489
7334488
7311155
6211150
6222255
6669999

4071119
4471119
4477333
2273355
2666850
2688855
2689999

7011139
7711139
7445533
7445883
6245580
6222288
6669999

4071119
4471119
4477666
2278655
2888650
2833355
2339999

3071119
3771119
3372666
8372655
8882650
4482255
4449999

7031119
7731119
7332666
7382655
8882650
8442255
4449999

6044889
6444789
6667788
2222755
2333750
1113355
1119999

3022229
3344829
6344888
6345558
6665750
1117777
1119999

7066639
7768839
7565833
7555883
2222440
1112444
1119999

7036669
7738869
7338565
7388555
2222440
1112444
1119999

7034889
7734489
7334488
7366655
2222650
1112655
1119999

5051119
5551119
8777744
8887444
6283330
6222233
6669999

5056669
5554469
3344468
2333888
2222870
1117777
1119999

2066639
2222639
4488633
4485553
4885750
1117777
1119999

2066639
2222639
7777633
5754883
5554480
1114488
1119999

8077779
8885759
1185552
1162222
1163330
4466633
4449999

7044889
7744389
7114388
7113355
6113250
6222255
6669999

4011889
4411789
4411788
3337755
6233750
6222255
6669999

7011889
7711389
7411388
7443355
6443250
6222255
6669999

4011889
4411689
4411688
7266655
7222250
7733355
7339999

7022229
7723339
7881133
7861155
8861150
4466655
4449999

4022229
4473329
4477333
8871155
6871150
6881155
6669999

