5056669
5556889
1116822
1118842
7777442
0733442
3339999

5052449
5552449
1112488
1112286
7777886
0733666
3339999

3022229
3321119
6381117
6388877
6665857
0445557
4449999

3075559
3375859
6377888
6371118
6661112
0442222
4449999

5054449
5558449
3888722
3877772
3361112
0361112
6669999

2041119
2441119
2448666
2278886
5573386
0577333
5579999

2041119
2441119
2443666
2273886
5573386
0577388
5579999

2046669
2446889
2446811
2278811
5573311
0577333
5579999

8077779
8887449
3585444
3555111
3362111
0362222
6669999

7034889
7734489
7334488
7322666
5521116
0521116
5529999

5051119
5551119
6664447
6333447
6883377
0822227
8829999

5051119
5551119
6667777
6333744
6883344
0822224
8829999

5058849
5558449
3288447
3222277
3361117
0361117
6669999

2046669
2448869
2448565
2288555
7777111
0733111
3339999

7031119
7731119
7336662
7344462
5544862
0588822
5589999

7088239
7786239
7886233
7666223
5544111
0544111
5549999

7088439
7784439
7884433
7226663
5526111
0526111
5529999

5053889
5553689
1133688
1137666
1177772
0442222
4449999

7032889
7732689
7332688
7322666
5544111
0544111
5549999

5052889
5552689
4442688
4422666
7777111
0733111
3339999

8077779
8887119
3585112
3555112
3364442
0364422
6669999

7066639
7768839
7565833
7555883
2222111
0442111
4449999

8066679
8883679
1183677
1133575
1132555
0442222
4449999

7036669
7738869
7338565
7388555
2222111
0442111
4449999

5056119
5556119
2666118
2222888
7777844
0733444
3339999

