5054439
5554439
1118433
1118883
6777782
6072222
6669999

8022229
8883329
7585333
7555411
7764411
7064411
6669999

5056669
5556449
1116447
1118847
2222877
2033887
3339999

5057889
5557789
1117488
1117446
2222446
2033666
3339999

5057889
5557289
4477288
4447211
6662211
6033311
6339999

7044889
7744289
7545288
7555211
6662211
6033311
6339999

7044889
7744289
7545288
7555211
6332211
6033311
6669999

5057889
5557289
4477288
4447211
6332211
6033311
6669999

8044469
8884469
2286667
2111557
2111577
2033557
3339999

8077779
8885759
2285554
2111644
2111644
2033666
3339999

7044439
7744339
7111388
7111386
2222886
5052666
5559999

7044889
7744489
7222288
7111255
6111335
6033355
6669999

5053889
5553389
7111388
7111344
7762444
7062222
6669999

5053889
5553389
2222388
2111344
6111744
6077774
6669999

4011169
4411169
4486667
2388877
2335857
2035557
2239999

6044889
6444789
6667788
2222711
2333711
5053311
5559999

7034889
7734489
7334488
7366611
2222611
5052611
5559999

7022229
7733329
7338555
7888545
6811144
6011144
6669999

7022229
7738829
7338555
7388545
6311144
6011144
6669999

4071119
4471119
4477388
2273386
2553886
2053666
2559999

4011179
4411179
4438877
2233876
2553886
2053666
2559999

4071119
4471119
4477333
2273386
2558886
2058666
2559999

7031119
7731119
7334488
7344486
2222886
5052666
5559999

7044889
7744489
7222288
7233666
3331116
5051116
5559999

2045559
2445759
2447777
2281116
8881116
8033666
3339999

6033389
6338889
6668111
2222111
2777744
5057444
5559999

5051119
5551119
7777444
2376844
2336888
2036668
2239999

5051119
5551119
7777666
2374886
2334486
2034488
2239999

6033389
6338889
6668722
4477772
4441112
5051112
5559999

3071119
3771119
3376555
2376545
2666844
2088844
2289999

8077779
8885759
4485552
4441112
6331112
6033322
6669999

7088449
7558449
7758842
7551112
6331112
6033322
6669999

8077779
8887559
4483522
4433552
6431112
6031112
6669999

8077779
8885759
4485552
4441112
6661112
6033322
6339999

7088449
7558449
7758842
7551112
6661112
6033322
6339999

6033389
6338889
6668111
4447111
4477772
5052222
5559999

2041119
2441119
2448666
2278886
5573386
5077333
5579999

5054449
5558449
7888111
7833111
7763332
7062222
6669999

2041119
2441119
2447777
2233786
3338886
5058666
5559999

2041119
2441119
2443666
2273886
5573386
5077388
5579999

2041119
2441119
2447777
2285756
8885556
8033666
3339999

2041119
2441119
2446667
2286557
8886577
8033557
3339999

2046669
2446889
2446811
2278811
5573311
5077333
5579999

5051119
5551119
3366644
7333644
7788642
7082222
7889999

5051119
5551119
7833322
7888332
7768442
7064442
6669999

7022229
7723449
7883444
7833666
8831116
5051116
5559999

7022229
7728449
7888444
7833666
3331116
5051116
5559999

5057889
5557689
2277688
2447666
2444111
2033111
3339999

7034889
7734489
7334488
7322666
5521116
5021116
5529999

4066689
4468889
4468337
2233377
2551117
2051117
2559999

4066639
4468839
4468337
2288377
2551117
2051117
2559999

7088449
7784449
7883311
7333611
2222611
5052666
5559999

2077779
2333749
2553344
2258844
6558111
6088111
6669999

5051119
5551119
7222288
7244486
7744886
7033666
3339999

7031119
7731119
7336662
7344462
5544862
5088822
5589999

7088239
7786239
7886233
7666223
5544111
5044111
5549999

4075559
4475859
4477888
2376668
2336111
2036111
2239999

5051119
5551119
7444666
7744886
7222286
7033288
3339999

5051119
5551119
7222288
7444286
7744886
7033666
3339999

5051119
5551119
7222288
7744286
7444886
7033666
3339999

7088439
7784439
7884433
7226663
5526111
5026111
5529999

7055449
7754449
7855112
7888112
6668112
6033322
6339999

3055449
3354449
7355112
7388112
7768112
7068822
6669999

5057889
5557689
4477688
4447666
2222111
2033111
3339999

7044889
7744689
7545688
7555666
2222111
2033111
3339999

7055449
7754449
7355112
7388112
6338112
6038822
6669999

7088449
7786449
7886545
7666555
2222111
2033111
3339999

7055449
7754449
7355112
7388112
3368112
3068822
6669999

7055449
7754449
7855112
7888112
6338112
6033322
6669999

7032889
7732689
7332688
7322666
5544111
5044111
5549999

8066629
8883629
1183627
1133227
1134477
5054447
5559999

8077779
8883749
1183446
1133446
1132666
5052222
5559999

8077779
8883749
1183644
1133644
1132666
5052222
5559999

2077779
2222739
1166633
1164883
1164483
5054488
5559999

2077779
2222789
1138884
1138644
1133644
5053666
5559999

4066639
4468839
4467833
2277883
2557111
2057111
2559999

2044119
2444119
2666117
2286557
8886577
8033557
3339999

4011889
4411389
4411388
2222336
2777736
5057666
5559999

7022889
7721189
7321188
7321155
3364445
3064455
6669999

3022889
3321189
7321188
7321155
7764445
7064455
6669999

7022889
7721189
7321188
7321155
6334445
6034455
6669999

