7022229
7723339
7111833
7111888
6555448
6505444
6669999

7022229
7728839
7111833
7111883
6555443
6505444
6669999

7022229
7733329
7111338
7111888
6555844
6505444
6669999

4071119
4471119
4477388
2273386
2553886
2503666
2559999

4011179
4411179
4438877
2233876
2553886
2503666
2559999

4071119
4471119
4477333
2273386
2558886
2508666
2559999

3022229
3321119
6381117
6388877
6665857
4405557
4449999

3075559
3375859
6377888
6371118
6661112
4402222
4449999

5052449
5552449
3882411
3382211
6388711
6307777
6669999

5051119
5551119
3882222
3382444
6388744
6307777
6669999

4066689
4468889
4468337
2233377
2551117
2501117
2559999

4066639
4468839
4468337
2288377
2551117
2501117
2559999

7088449
7784449
7883322
7333112
6555112
6505112
6669999

5053889
5553689
1133688
1137666
1177772
4402222
4449999

7066639
7768839
7565833
7555883
2222111
4402111
4449999

8066679
8883679
1183677
1133575
1132555
4402222
4449999

7036669
7738869
7338565
7388555
2222111
4402111
4449999

4066639
4468839
4467833
2277883
2557111
2507111
2559999

5052119
5552119
3882114
3382244
6388744
6307777
6669999

5052119
5552119
3882117
3382277
6388447
6304447
6669999

7032119
7732119
7332118
7322888
6555844
6505444
6669999

