6022229
6777729
6667333
4483311
4488811
5450811
5559999

5056669
5556889
1116832
1118832
7777332
4470322
4449999

5052239
5552339
1112388
1112386
7777886
4470666
4449999

4022229
4423339
4455733
8857711
6855711
6880711
6669999

2066639
2222639
1118633
1118883
7777585
4470555
4449999

5053889
5553389
7111388
7111326
7722226
7440666
4449999

3044229
3444279
3388277
5358276
5558876
1110666
1119999

5056669
5558869
2222867
4442887
4433377
1110337
1119999

7055449
7754449
7255333
7283311
6288811
6220811
6669999

5054429
5554429
6668427
6888227
6833377
1110337
1119999

5056669
5556889
4446832
4478832
7777332
1110322
1119999

4022229
4423339
4411133
8811155
6877775
6880755
6669999

2066639
2444639
2448633
2278883
7777585
1110555
1119999

5051119
5551119
6662222
6377772
6388744
3380444
3889999

4021119
4421119
4423666
7223886
7553386
7750388
7559999

4021119
4421119
4428666
7228886
7553386
7750333
7559999

4086669
4488869
4433867
3332557
2222577
1110557
1119999

7031119
7731119
7233555
7283545
6288844
6220844
6669999

2041119
2441119
2448666
2278886
5573386
5770333
5579999

4066689
4468889
4468211
7222211
7553311
7750333
7559999

2041119
2441119
2443666
2273886
5573386
5770388
5579999

2046669
2446889
2446811
2278811
5573311
5770333
5579999

4022229
4423339
4486733
8886755
8666775
1110755
1119999

7055449
7754449
7255811
7288811
6283311
6220333
6669999

5054449
5558449
6668887
6222287
6233377
1110337
1119999

4026669
4426889
4426811
7228811
7553311
7750333
7559999

4022229
4488329
4483311
7883611
7553611
7750666
7559999

4022229
4433329
4486337
8886557
8666577
1110557
1119999

6022229
6777729
6667811
4488811
4483311
5450333
5559999

4022229
4475529
4477511
8875511
6873311
6880333
6669999

7022229
7766629
7555611
7585611
8883311
8440333
4449999

3022229
3777729
3374488
5354486
5554886
1110666
1119999

3022229
3777729
3376668
5356888
5556844
1110444
1119999

8022229
8886429
5586447
5666447
5533377
1110337
1119999

5051119
5551119
3334442
8833442
6877772
6880722
6669999

5051119
5551119
7777666
8722226
8883326
4480333
4449999

7086669
7788869
7355862
7352222
3355111
3440111
4449999

3086669
3388869
7355862
7352222
7755111
7440111
4449999

5052239
5552339
4442388
4472386
7777886
1110666
1119999

4086669
4488869
4433862
3332222
7777111
5750111
5559999

4066639
4468839
4462833
2222883
7777111
5750111
5559999

8077779
8885759
6285554
6222244
6663344
1110333
1119999

3044469
3884469
3386667
2388557
2222577
1110557
1119999

3075559
3775459
3374488
2374486
2222886
1110666
1119999

3077779
3885759
3385554
2388644
2222644
1110666
1119999

3076669
3776889
3376844
2378844
2222545
1110555
1119999

4022229
4423339
4455733
8857777
6855111
6880111
6669999

8077779
8885759
3385554
2333644
2222644
1110666
1119999

8044469
8884469
3386667
2333557
2222577
1110557
1119999

2066639
2222639
4448633
4478883
7777585
1110555
1119999

7066639
7768839
7565833
7555883
2222111
2440111
4449999

7036669
7738869
7338565
7388555
2222111
2440111
4449999

7088449
7784449
7882222
7553332
6533111
6550111
6669999

5056669
5556889
1176832
1178832
1177332
4470322
4449999

5056669
5556889
4446832
4478832
1177332
1170322
1179999

7022229
7733329
7338844
7558444
6588111
6550111
6669999

7022229
7744829
7444888
7553338
6533111
6550111
6669999

7022229
7444829
7744888
7553338
6533111
6550111
6669999

5052239
5552339
1172388
1172386
1177886
4470666
4449999

2066639
2222639
1178633
1178883
1177585
4470555
4449999

3076669
3772269
3372565
8372555
8882111
4480111
4449999

7036669
7732269
7332565
7382555
8882111
8440111
4449999

5058879
5558279
4488277
4443276
1133226
1130666
1139999

2066639
2444639
2448633
2278883
1177585
1170555
1179999

7088449
7784449
7883322
7333552
1166652
1160552
1169999

7088449
7786449
7886455
7226665
1123355
1120333
1129999

4073889
4473389
4477388
2275356
2115556
2110666
2119999

7044119
7444119
7738112
7338882
6355582
6350522
6669999

5052119
5552119
6662117
6322477
6388447
3380447
3889999

4075559
4475359
4477388
2273386
2113886
2110666
2119999

4011889
4411689
4411688
2366655
2377775
2330755
2239999

4066689
4468889
4468755
2277775
2113355
2110333
2119999

4086669
4488869
4411867
2311557
2311577
2330557
2239999

4022229
4423339
4411733
8811755
6811775
6880755
6669999

7022229
7554429
7754488
7553486
1133886
1130666
1139999

4022229
4433329
4411337
8811557
6811577
6880557
6669999

5052239
5552339
4442388
4472386
1177886
1170666
1179999

2066639
2222639
4448633
4478883
1177585
1170555
1179999

