2077779
2222739
1115533
1115883
6445583
6444088
6669999

2077779
2222739
1115533
1115883
6665583
6444088
6449999

5057889
5557789
6667388
6227311
6423311
4423011
4429999

5053889
5553389
6667388
6227311
6427711
4427011
4429999

2044889
2344789
2334788
2237711
6535711
6555011
6669999

5056889
5556789
2666788
2111774
2111744
2233044
3339999

5052449
5552449
6662347
6822377
6888337
1118037
1119999

7022229
7728449
7888444
7833355
6111335
6111055
6669999

7022229
7723339
7448833
7444855
6111885
6111055
6669999

4022229
4423339
4478833
7777855
6111885
6111055
6669999

5053889
5553389
2447388
2447311
2467711
2267011
6669999

5056889
5556789
2666788
2447711
2444711
2233011
3339999

5057889
5557789
2447688
2447611
2466611
2233011
3339999

5054449
5554479
2687777
2688811
2666811
2233011
3339999

5057889
5557789
2447388
2447311
2463311
2263011
6669999

3076669
3777769
3344462
5354482
5558882
1118022
1119999

5054479
5554479
6664772
6833372
6888332
1118022
1119999

7044889
7744489
7222288
7233355
6111335
6111055
6669999

7022229
7553829
7753888
7553348
6111344
6111044
6669999

7044889
7744489
7222288
7233666
3335556
1115056
1119999

6033389
6338889
6668722
4477772
4445552
1115052
1119999

2011139
2811139
2888337
2248377
6445557
6445057
6669999

5053889
5553389
4427388
4427311
6427711
6227011
6669999

4022229
4423339
4411133
8811155
6877775
6887055
6669999

5057889
5557789
4427388
4427311
6423311
6223011
6669999

5053889
5553389
2222388
6662311
6777711
6447011
4449999

7011139
7711139
7555332
7545382
6448882
6448022
6669999

5057889
5557789
6667388
2267311
2463311
2443011
2449999

5053889
5553389
6667388
2267311
2467711
2447011
2449999

3044889
3344289
6347288
6377255
6667225
1117055
1119999

5051119
5551119
2687777
2688874
2666844
2233044
3339999

5051119
5551119
2444666
2447886
2777786
2233088
3339999

7022229
7723449
7883444
7833666
8835556
1115056
1119999

7022229
7728449
7888444
7833666
3335556
1115056
1119999

6033389
6338889
6668555
2222545
2777744
1117044
1119999

3071119
3771119
3372222
8372666
8885556
4485056
4449999

7031119
7731119
7332222
7382666
8885556
8445056
4449999

5051119
5551119
7444666
7744886
7222286
7233088
3339999

7066639
7768839
7565833
7555883
2222444
1112044
1119999

3071119
3371119
6377552
6378852
6668552
4488022
4449999

5056669
5558869
4448367
4488377
2222337
1112037
1119999

5051119
5551119
7777332
4733382
4468882
4468022
6669999

5051119
5551119
6664442
6887442
6877772
8833022
3339999

5051119
5551119
7777862
4788862
4486662
4433022
3339999

7036669
7738869
7338565
7388555
2222444
1112044
1119999

5051119
5551119
3334442
8833442
6877772
6887022
6669999

5051119
5551119
3377772
4333782
4468882
4468022
6669999

5051119
5551119
6664447
6884477
6822227
8833027
3339999

5051119
5551119
2222666
7332886
7733386
7444088
7449999

7034889
7734489
7334488
7322666
1125556
1125056
1129999

8077779
8887119
6585112
6555112
6663332
4433022
4449999

2043889
2443389
2446388
2276355
1176665
1177055
1179999

5054449
5554479
2117777
2118666
2118886
2233086
3339999

5056669
5554469
2114467
2118477
2118887
2233087
3339999

5056669
5556449
2116447
2118477
2118887
2233087
3339999

7044559
7744459
7118552
7118882
6113382
6333022
6669999

7044559
7744459
7333552
7113382
6118882
6118022
6669999

6044119
6444119
6668112
5578882
5777782
5533022
3339999

4066689
4468889
4468337
2233377
2115557
2115057
2119999

5056119
5556119
7666112
7733382
7338882
7448022
4449999

4066639
4468839
4468337
2288377
2115557
2115057
2119999

4011889
4411689
4411688
2366655
2377775
2337055
2239999

5051179
5551179
2681177
2688874
2666844
2233044
3339999

