5054449
5558449
1118887
1113387
6333277
6222207
6669999

5053229
5553329
1116327
1116327
4666877
4488807
4489999

5054449
5554489
1118887
1118337
6233377
6222207
6669999

5054449
5554439
1118837
1118337
6288377
6222207
6669999

5052449
5552449
6662437
6822337
6888377
1118307
1119999

5056669
5558869
2222867
2333887
3344477
1114407
1119999

5054449
5554439
6222237
6288337
6668377
1118807
1119999

7011169
7711169
7886662
7482222
4488555
4433505
3339999

7011169
7711169
7886662
7382222
3388555
3444505
3449999

7011139
7711139
7222233
7286663
8886555
8446505
4449999

5053229
5553329
6668327
6888327
6811177
4411107
4449999

5051119
5551119
3334447
2233447
2666877
2688807
2689999

5051119
5551119
3337777
2233744
2666844
2688804
2689999

5051119
5551119
7777333
2273344
2666844
2688804
2689999

5051119
5551119
7777666
2278644
2888644
2833304
2339999

5056669
5558869
2222867
2333887
3311177
4411107
4449999

7031119
7731119
7332222
7386662
8886555
8446505
4449999

3071119
3771119
3372222
8376662
8886555
4486505
4449999

5051119
5551119
2666447
2684447
2688877
2233807
3339999

7022229
7726669
7886111
7386111
3388555
3444505
3449999

7022229
7723339
7833111
7888111
6448555
6444505
6669999

7022229
7723339
7833111
7888111
6668555
6444505
6449999

7022229
7726669
7886111
7486111
4488555
4433505
3339999

5053229
5553329
6668327
6888327
6844477
1114407
1119999

4022229
4426669
4486557
8886577
8333557
1113307
1119999

4066689
4468889
4468557
2222577
2333557
1113307
1119999

7022229
7738829
7338111
7388111
6344555
6444505
6669999

7022229
7733329
7338111
7888111
6844555
6444505
6669999

5051119
5551119
6664422
6884442
6877772
8833702
3339999

3022229
3344429
6344557
6388577
6668557
1118807
1119999

5054449
5558449
6668887
6222287
6333277
1113307
1119999

5056669
5554469
3344467
2333887
2222877
1118807
1119999

5056669
5558869
1123867
1123887
1123377
4422307
4449999

5053229
5553329
1188327
1168327
1168877
4466607
4449999

4022229
4423339
4433557
1188577
1168557
1168807
6669999

7088239
7786239
7886233
7666223
1144555
1144505
1149999

7088439
7784439
7884433
7226663
1126555
1126505
1129999

4066639
4468839
4467833
2277883
2117555
2117505
2119999

7011239
7711239
7811233
7888223
6448555
6444505
6669999

7011239
7711239
7811233
7888223
6668555
6444505
6449999

7044889
7744489
7223388
7211333
6211555
6211505
6669999

7032889
7732689
7332688
7322666
1144555
1144505
1149999

5054449
5558449
2238887
2331187
2361177
2361107
6669999

5054449
5558449
3228887
3321187
6321177
6321107
6669999

5054449
5558449
6668887
2361187
2361177
2331107
2239999

5054449
5558449
6668887
6321187
6321177
3321107
3229999

5051129
5551129
3331127
8833227
6844477
6884407
6669999

