2077779
2111739
2111833
2288843
6585443
6555440
6669999

5052449
5552449
6662743
6822773
6888733
1118730
1119999

8077779
8887249
6585244
6555244
6662233
1113330
1119999

7066629
7755629
7885623
7855223
8844433
1114430
1119999

5056669
5552769
2222763
4488773
4448733
1118830
1119999

4022229
4411129
4411155
8877775
6833755
6883330
6669999

7011129
7711129
7885523
7865223
8865533
4466630
4449999

5051119
5551119
3337777
2233744
2666844
2688840
2689999

5051119
5551119
7777443
2274443
2666833
2688830
2689999

5051119
5551119
7777333
2273344
2666844
2688840
2689999

5051119
5551119
7777666
2278644
2888644
2833340
2339999

5051119
5551119
7777666
2278446
2888446
2833340
2339999

7066629
7755629
7885623
7855223
8811133
4411130
4449999

4021119
4421119
4426663
7226883
7556833
7758830
7559999

4021119
4421119
4426668
7226888
7556833
7753330
7559999

7044469
7554469
7756663
7552883
2222833
1118830
1119999

4077779
4465759
4465553
6662883
2222833
1118830
1119999

7044469
7554469
7756668
7552888
2222833
1113330
1119999

4077779
4465759
4465558
6662888
2222833
1113330
1119999

4021119
4421119
4427777
8822575
6833555
6883330
6669999

4077779
4457539
4455533
8822223
6821113
6881110
6669999

4077779
4457539
4455533
6661113
6881113
6822220
8829999

6033389
6338889
6668244
7222244
7551114
7751110
7559999

2041119
2441119
2446663
2276883
5576833
5778830
5579999

2041119
2441119
2446668
2276888
5576833
5773330
5579999

6033389
6338889
6668211
7222211
7554411
7754440
7559999

7022229
7724439
7884433
7854563
8855563
1116660
1119999

7022229
7726669
7886444
7856544
8855533
1113330
1119999

5052449
5552449
3882411
3382211
6388711
6377770
6669999

4025559
4425759
4427711
8822711
6833711
6883330
6669999

6044889
6444839
6668833
2222553
2777753
1117550
1119999

7088449
7784449
7882222
7552111
6533111
6553330
6669999

7022229
7723339
7555833
7545888
6441118
6441110
6669999

7022229
7728839
7555833
7545883
6441113
6441110
6669999

4025559
4425759
4427777
8822111
6833111
6883330
6669999

4022229
4455729
4457777
8855111
6833111
6883330
6669999

8022229
8883329
6585333
6555111
6667111
4477770
4449999

5051119
5551119
3882222
3382444
6388744
6377770
6669999

4022229
4455729
4457711
8855711
6833711
6883330
6669999

8022229
8886729
5586774
5666744
5533744
1113330
1119999

7022229
7755429
7885446
7855446
8833666
1113330
1119999

4031119
4431119
4433555
6663575
6887777
6822220
8829999

3022229
3777729
3378666
5358886
5554486
1114440
1119999

3022229
3777729
3378844
5356844
5556884
1116660
1119999

5056669
5558869
4448763
4488773
2222733
1112730
1119999

7066639
7768839
7565833
7555883
2222444
1112440
1119999

7036669
7738869
7338565
7388555
2222444
1112440
1119999

5051119
5551119
8333444
8883344
6287777
6222270
6669999

8066629
8887629
1187623
1177223
1157533
4455530
4449999

5058839
5558639
1188633
1166673
1127777
4422220
4449999

8077779
8885759
4485552
4442222
1166633
1163330
1169999

7088449
7558449
7758842
7552222
1166633
1163330
1169999

5056119
5556119
8666112
8882222
4487777
4433370
4339999

5052119
5552119
3882114
3382244
6388744
6377770
6669999

2045559
2445859
2447888
2277778
1166633
1163330
1169999

2044119
2444119
2666118
2276888
5576833
5773330
5579999

2044119
2444119
2666113
2276883
5576833
5778830
5579999

6044119
6444119
6662118
2222888
7777833
5753330
5559999

6044119
6444119
6662113
2222883
7777833
5758830
5559999

4022119
4462119
4462118
6662888
7777833
5753330
5559999

7022119
7552119
7752118
7552888
6444833
6443330
6669999

4022119
4462119
4462113
6662883
7777833
5758830
5559999

7022119
7552119
7752113
7552883
6444833
6448830
6669999

7088449
7782449
7882545
7112555
6112233
6113330
6669999

7044559
7744459
7666558
7226888
1126833
1123330
1129999

7044559
7744459
7666553
7226883
1126833
1128830
1129999

5053889
5553389
7777388
2276344
2116444
2116660
2119999

7088449
7786449
7886455
7666335
1133355
1122220
1129999

6044889
6444839
6668833
2277773
2115753
2115550
2119999

8077779
8885759
4485556
4443336
1133666
1122220
1129999

7088449
7558449
7758846
7553336
1133666
1122220
1129999

6033389
6338889
6668755
2277775
2114455
2114440
2119999

5056669
5558869
7777863
2274883
2114433
2114430
2119999

7088449
7786449
7886455
7336665
1133355
1122220
1129999

4022229
4411729
4411755
8811775
6833755
6883330
6669999

7044559
7744459
7211558
7211888
6211833
6223330
6669999

7044559
7744459
7211553
7211883
6211833
6228830
6669999

5056119
5556119
2666118
2222888
7777833
4473330
4449999

5056119
5556119
2666113
2222883
7777833
4478830
4449999

7088229
7781129
7881123
7551123
6544433
6554430
6669999

4021179
4421179
4421177
8822575
6833555
6883330
6669999

