4022229
4466629
4467777
3565711
3555811
3388811
0389999

5053889
5553389
7111388
7111326
7722226
7444666
0449999

5056889
5556789
2666788
2111774
2111744
2233344
0339999

4066689
4468889
4468557
3111577
3111557
3322227
0329999

5056889
5556789
2666788
2447711
2444711
2233311
0339999

5057889
5557789
2447688
2447611
2466611
2233311
0339999

5054449
5554479
2687777
2688811
2666811
2233311
0339999

6022229
6777729
6667555
3111545
3111844
3388844
0389999

3011179
3311179
2366677
2388674
2558644
2258844
0559999

4011139
4411139
4488337
6668377
6558827
6522227
0559999

3022229
3321119
6381117
6388877
6665857
4445557
0449999

5054449
5552449
7332222
7733311
7666811
7688811
0689999

5051119
5551119
7332222
7733342
7666844
7688844
0689999

5051119
5551119
2687777
2688874
2666844
2233344
0339999

5051119
5551119
2444666
2447886
2777786
2233388
0339999

3071119
3371119
2377444
2376844
2556888
2256668
0559999

3071119
3371119
2377666
2374886
2554486
2254488
0559999

3075559
3375859
6377888
6371118
6661112
4442222
0449999

8022229
8883329
7585333
7555666
7741116
7441116
0449999

5051119
5551119
2666334
2633344
2688744
2287777
0889999

5051119
5551119
2666337
2633377
2688447
2284447
0889999

3086669
3388869
2344867
2344477
2551117
2251117
0559999

3088449
3368449
2368847
2366677
2551117
2251117
0559999

4031119
4431119
4433887
6663877
6558827
6522227
0559999

5051119
5551119
7444322
7744332
7666832
7688832
0689999

5051119
5551119
6664322
6744332
6744832
7788832
0789999

5051119
5551119
7666444
7736844
7336888
7322228
0329999

7022229
7766629
7555611
7585611
8883311
8444333
0449999

5051119
5551119
7444666
7744886
7222286
7233388
0339999

3044889
3344689
2347688
2377666
2557111
2257111
0559999

3071119
3771119
3376662
4375562
4488562
4485522
0889999

5051119
5551119
7777862
4788862
4486662
4433322
0339999

5051119
5551119
6664442
6887442
6877772
8833322
0339999

5051119
5551119
7666442
7736442
7336842
7388822
0389999

5051119
5551119
7777388
4723386
4423886
4423666
0229999

5051119
5551119
7777333
4723386
4428886
4428666
0229999

5051119
5551119
6664447
6884477
6822227
8833327
0339999

7086669
7788869
7355862
7352222
3355111
3444111
0449999

3086669
3388869
7355862
7352222
7755111
7444111
0449999

7066639
7768839
7565833
7555883
2222111
2444111
0449999

7036669
7738869
7338565
7388555
2222111
2444111
0449999

5056669
5556229
3336244
1133244
1188274
1187777
0889999

5053889
5553689
1133688
1137666
1177772
4442222
0449999

8066679
8883679
1183677
1133575
1132555
4442222
0449999

7066639
7768839
7565833
7555883
2222111
4442111
0449999

7036669
7738869
7338565
7388555
2222111
4442111
0449999

7036669
7732269
7332565
7382555
8882111
8444111
0449999

6044889
6444839
6668833
1125553
1125753
1127777
0229999

6044889
6444389
6663388
1123555
1123575
1127777
0229999

2066639
2222639
7777633
1175543
1188544
1185544
0889999

5056669
5556449
2116447
2118477
2118887
2233387
0339999

5054449
5554479
2117777
2118666
2118886
2233386
0339999

5056669
5554469
2114467
2118477
2118887
2233387
0339999

6044119
6444119
6668112
5578882
5777782
5533322
0339999

5056239
5556239
7666233
7788223
7118444
7118844
0119999

5056669
5553369
7333462
7788442
7118442
7118822
0119999

4022229
4438829
4433855
6663885
6113755
6117777
0119999

5051179
5551179
2681177
2688874
2666844
2233344
0339999

5058839
5558739
2288733
2666773
2116744
2116444
0119999

5054449
5558449
7338886
7733386
7112666
7112222
0119999

5054449
5552449
7332222
7733386
7118886
7118666
0119999

5056669
5551169
2231167
2331177
2388447
2384447
0889999

5056669
5551169
2231164
2331144
2388744
2387777
0889999

5051139
5551139
2271133
2777743
2666844
2688844
0689999

