5052889
5552389
4402388
4422336
4777736
1117666
1119999

7033389
7338889
7708555
7111545
6111244
6222244
6669999

7022229
7723339
7505833
7555888
6111448
6111444
6669999

7022229
7728839
7505833
7555883
6111443
6111444
6669999

7033389
7338889
7708244
7222244
6111545
6111555
6669999

7022229
7733329
7505338
7555888
6111844
6111444
6669999

5051119
5551119
2207777
2833376
2888336
2448666
4449999

5051119
5551119
2208666
2888336
2833376
2447777
4449999

4022229
4421119
4401117
6663557
6883577
6833557
8839999

4022229
4421119
4401117
6668557
6888577
6833557
3339999

5051119
5551119
3307777
2333786
2448886
2448666
2249999

5051119
5551119
4407777
4488733
6483332
6882222
6669999

3022229
3777729
3307444
5356844
5556888
1116668
1119999

3022229
3777729
3307666
5354886
5554486
1114488
1119999

5051119
5551119
8804462
7844462
7886662
7733322
7339999

5051119
5551119
8806662
7844462
7884462
7733322
7339999

7044439
7744339
7505388
7555386
2222886
1112666
1119999

3076669
3777769
3302268
5352888
5552844
1112444
1119999

2077779
2222739
1105533
1165883
1165583
4466688
4449999

4022229
4425559
4405357
1188377
1168337
1168837
6669999

4022229
4428839
4408337
1188377
1165357
1165557
6669999

5051179
5551179
2201177
2833376
2888336
2448666
4449999

