5054889
5554489
1114488
1112222
6663332
6777733
6079999

7044439
7744339
7111388
7111386
2222886
5552666
5059999

5054449
5552449
2222666
7388611
7338611
7738811
7039999

6044889
6444789
6667788
2222711
2333711
5553311
5059999

7034889
7734489
7334488
7366611
2222611
5552611
5059999

5054449
5558449
6668887
6311187
6311177
3322227
3029999

5051119
5551119
7777388
2273386
2443886
2443666
2049999

5051119
5551119
3337777
2233786
2448886
2448666
2049999

5051119
5551119
7777333
2273386
2448886
2448666
2049999

7031119
7731119
7334488
7344486
2222886
5552666
5059999

7044889
7744489
7222288
7233666
3331116
5551116
5059999

6033389
6338889
6668111
2222111
2777744
5557444
5059999

6033389
6338889
6668722
4477772
4441112
5551112
5059999

6033389
6338889
6668111
4447111
4477772
5552222
5059999

2041119
2441119
2447777
2233786
3338886
5558666
5059999

5051119
5551119
4433322
4448332
6668882
6777782
6079999

7022229
7723449
7883444
7833666
8831116
5551116
5059999

7022229
7728449
7888444
7833666
3331116
5551116
5059999

5051119
5551119
4488322
4448332
6668832
6777732
6079999

5051119
5551119
4446322
7446332
7666832
7788832
7089999

5051119
5551119
6662222
6372884
6377844
3378844
3079999

7088449
7784449
7883311
7333611
2222611
5552666
5059999

5051119
5551119
8822224
7823644
7883644
7733666
7039999

5051119
5551119
2222444
2376844
3376888
3776668
3079999

5051119
5551119
2222666
2344886
3344486
3777788
3079999

5051119
5551119
2222666
2374886
3374486
3774488
3079999

5051119
5551119
4446662
7443362
7333862
7788822
7089999

5054889
5554489
6664488
6372222
6372111
3377111
3079999

8066629
8883629
1183627
1133227
1134477
5554447
5059999

8077779
8883749
1183446
1133446
1132666
5552222
5059999

8077779
8883749
1183644
1133644
1132666
5552222
5059999

2077779
2222739
1166633
1164883
1164483
5554488
5059999

2077779
2222789
1138884
1138644
1133644
5553666
5059999

4011889
4411389
4411388
2222336
2777736
5557666
5059999

