5053449
5553449
1113347
1118377
6668887
6222287
6209999

5054439
5554439
1114337
1118377
6668887
6222287
6209999

5057889
5557789
1117488
1117446
2222446
2333666
3309999

5056669
5556449
1116447
1118847
2222877
2333887
3309999

5054449
5554479
1113772
1113372
6668372
6888322
6809999

5052239
5552739
1112733
1112773
6668744
6888444
6809999

8077779
8885759
2285554
2111644
2111644
2333666
3309999

8044469
8884469
2286667
2111557
2111577
2333557
3309999

8044469
8884469
3386667
2333557
2111577
2111557
2209999

8077779
8885759
3385554
2333644
2111644
2111666
2209999

3044469
3884469
3386667
2388557
2111577
2111557
2209999

3075559
3775459
3374488
2374486
2111886
2111666
2209999

3077779
3885759
3385554
2388644
2111644
2111666
2209999

3076669
3776889
3376844
2378844
2111545
2111555
2209999

5054449
5554479
8811177
2811176
2883376
2333666
2209999

5051119
5551119
7777388
2273386
2443886
2443666
2409999

5051119
5551119
3337777
2233786
2448886
2448666
2409999

4077779
4457539
4455533
2666883
2611183
2611188
2209999

5051119
5551119
7777333
2273386
2448886
2448666
2409999

3022229
3321119
6381117
6388877
6665857
4445557
4409999

3075559
3375859
6377888
6371118
6661112
4442222
4409999

2045559
2445759
2447777
2281116
8881116
8333666
3309999

5051119
5551119
3337777
2433786
2448886
2448666
2209999

5051119
5551119
7777333
2743386
2448886
2448666
2209999

5051119
5551119
7777333
2473386
2448886
2448666
2209999

5051119
5551119
7777388
2743386
2443886
2443666
2209999

5051119
5551119
7777388
2473386
2443886
2443666
2209999

4086669
4488869
4433862
3331112
5571112
5777722
5509999

2041119
2441119
2447777
2285756
8885556
8333666
3309999

2041119
2441119
2446667
2286557
8886577
8333557
3309999

2041119
2441119
2443337
2233557
6668577
6888557
6809999

6033389
6338889
6668111
2555111
2575444
2777744
2209999

7036669
7736449
7336444
7388111
5582111
5882222
5509999

7031119
7731119
7334666
7344886
5544286
5222288
5509999

6033389
6338889
6668111
2222111
5572444
5777744
5509999

5057889
5557689
2277688
2447666
2444111
2333111
3309999

7034449
7732449
7332222
7388666
5581116
5881116
5509999

5051119
5551119
7222288
7244486
7744886
7333666
3309999

5051119
5551119
7336662
7733362
7884462
7844422
8809999

7031119
7731119
7336662
7388462
5584462
5884422
5509999

5057239
5557239
4477233
4447223
6668111
6888111
6809999

7088239
7786239
7886233
7666223
5544111
5444111
5509999

7044239
7744239
7545233
7555223
6668111
6888111
6809999

4075559
4475859
4477888
2673338
2633111
2666111
2209999

4066639
4468839
4467833
2557883
2577111
2557111
2209999

6033389
6338889
6668444
2777744
2575111
2555111
2209999

5051119
5551119
7444666
7744886
7222286
7333288
3309999

5051119
5551119
7222288
7444286
7744886
7333666
3309999

5051119
5551119
7222288
7744286
7444886
7333666
3309999

7031119
7731119
7334446
7388446
5582666
5882222
5509999

5057889
5557689
4477688
4447666
2222111
2333111
3309999

7088449
7786449
7886545
7666555
2222111
2333111
3309999

7044889
7744689
7545688
7555666
2222111
2333111
3309999

5053889
5553689
1133688
1137666
1177772
4442222
4409999

7032889
7732689
7332688
7322666
5544111
5444111
5509999

7032449
7732449
7332545
7322555
6668111
6888111
6809999

7046669
7744369
7844362
7888332
1158532
1155522
1109999

4077779
4467559
4468852
6668552
1188332
1133322
1109999

7036669
7736119
7336112
7388112
5584442
5884422
5509999

7066639
7768839
7565833
7555883
2222111
4442111
4409999

8066679
8883679
1183677
1133575
1132555
4442222
4409999

7036669
7738869
7338565
7388555
2222111
4442111
4409999

7022889
7552389
7752388
7552336
1144436
1144666
1109999

2077779
2444739
2445533
2265883
1165583
1166688
1109999

5053119
5553119
8833117
2836477
2886447
2666447
2209999

3044119
3444119
3388117
2386557
2886577
2666557
2209999

5054449
5554439
8666337
8886377
1186327
1122227
1109999

5056669
5553369
8333467
8884477
1184427
1122227
1109999

2044119
2444119
2666117
2286557
8886577
8333557
3309999

7055889
7752289
7355288
7336244
1136244
1136664
1109999

6044889
6444839
6668833
2115553
2115753
2117777
2209999

6044889
6444389
6663388
2113555
2113575
2117777
2209999

4022229
4438829
4433855
6663885
1163755
1167777
1109999

4022229
4468829
4463855
6663885
1133755
1137777
1109999

7022229
7553329
7758333
7558886
1144486
1144666
1109999

2077779
2222739
4445533
4465883
1165583
1166688
1109999

7022889
7721189
7621188
7621155
4666335
4433355
4409999

