5054449
5554439
1110337
1118377
6888327
6822227
6669999

8022229
8883329
4480333
4455511
6457511
6777711
6669999

5056669
5558869
1110862
1117882
4477772
4433322
4339999

7022229
7723339
7650533
7655511
4666811
4488811
4489999

2044889
2344489
2330788
2237711
6535711
6555711
6669999

6044889
6444289
6660288
7111255
7111225
7733355
7339999

8022229
8883329
4480333
4447777
6111575
6111555
6669999

7022229
7553329
7750333
7558844
6111844
6111884
6669999

7035559
7735859
7330888
7311148
6211144
6222244
6669999

7011139
7711139
7880332
7865352
8865552
4466622
4449999

4021119
4421119
4420388
7223386
7553886
7753666
7559999

4021119
4421119
4420333
7223386
7558886
7758666
7559999

7035559
7735859
7330888
7341118
6441112
6442222
6669999

3075559
3775859
3370888
4371118
4461112
4462222
6669999

4066639
4488639
4480633
7881113
7551112
7752222
7559999

4021119
4421119
4420557
8822577
6833557
6883337
6669999

8077779
8887559
3380522
4333552
4461112
4461112
6669999

3077779
3887559
3380522
4388552
4461112
4461112
6669999

2041119
2441119
2440388
2273386
5573886
5773666
5579999

2041119
2441119
2440333
2273386
5578886
5778666
5579999

5051119
5551119
3330444
8833744
6877772
6882222
6669999

3022229
3324449
6380447
6388877
6665857
1115557
1119999

5051119
5551119
6660722
6377772
6388442
3384442
3889999

7031119
7731119
7330822
7388842
6585442
6555442
6669999

7022229
7755529
7850511
7888611
3338611
4433666
4449999

7022229
7755529
7850511
7888611
4448611
4433666
3339999

7022229
7766629
7880611
7855611
8853311
4455333
4449999

3022229
3777729
3370444
5356844
5556888
1116668
1119999

3022229
3777729
3370666
5354886
5554486
1114488
1119999

2044889
2344489
2330788
2237777
6535111
6555111
6669999

5051119
5551119
6660442
6884442
6877772
8833722
3339999

7035559
7735859
7330888
7366648
2222644
1112644
1119999

3075559
3775859
3370888
2376668
2446111
2446111
2249999

4022229
4438829
4430855
1133885
1163755
1167777
6669999

4022229
4433329
4480337
1188877
1165857
1165557
6669999

7035559
7735859
7330888
7326668
4426111
4426111
4229999

2043889
2443389
2440388
2275356
1175556
1177666
1179999

2045559
2445359
2440388
2273386
1173886
1177666
1179999

4086669
4488869
4430867
2233557
2113577
2113557
2119999

5056669
5558869
3330867
2233887
2114477
2114447
2119999

4022229
4468829
4460855
6663885
1133755
1137777
1139999

