6033389
6338889
6668022
1115552
1115752
4477772
4449999

5057889
5557789
6667088
6327411
6324411
3324411
3229999

5057889
5557789
1117088
1117666
4422226
4433326
4339999

6033379
6338879
6668077
4488575
4442555
1112222
1119999

6033389
6338889
6668055
4477775
4442755
1112222
1119999

5057889
5557789
1117088
1117334
6233344
6222244
6669999

5058879
5558779
4488076
4433376
4332666
1112222
1119999

5057889
5557789
6667088
2367411
2364411
2334411
2239999

5057889
5557789
3227088
3327411
6324411
6324411
6669999

3076669
3777769
3322068
5352888
5552844
1112444
1119999

7034449
7733449
7883022
7853562
8855562
1116662
1119999

6033389
6338889
6668022
4477772
4445752
1115552
1119999

7055539
7758539
7888033
7811143
6211144
6222244
6669999

2077779
2555739
2565033
2264883
6664483
1114488
1119999

7011139
7711139
7228033
7248883
6244585
6244555
6669999

5057889
5557789
2237088
2337411
2364411
2364411
6669999

5051119
5551119
7777088
2273386
2333886
2444666
2449999

5051119
5551119
7777033
2273334
2666844
2688844
2689999

7055539
7758539
7888033
7841113
6441112
6442222
6669999

4022229
4423339
4486033
8886555
8666575
1117777
1119999

5051119
5551119
7777022
8874442
6833442
6883332
6669999

5051119
5551119
6667022
6377772
6388442
3384442
3889999

7022229
7723339
7555033
7585666
8881116
8441116
4449999

5051119
5551119
7777022
8873332
6833442
6884442
6669999

5051119
5551119
7777022
4786662
4488862
4433862
3339999

5051119
5551119
7777022
3376662
4333862
4488862
4489999

2077779
2555749
2535044
2238844
6338111
6388111
6669999

2077779
2388749
2338044
2238844
6535111
6555111
6669999

5051119
5551119
2222088
2777786
4447886
4433666
3339999

5051119
5551119
2222088
2777786
3337886
4433666
4449999

7055539
7758539
7888033
7866643
2222644
1112644
1119999

5051119
5551119
8844062
7844462
7886662
7733322
7339999

7066689
7768889
7368011
7355511
3352511
3442222
4449999

3066689
3368889
7368011
7355511
7752511
7442222
4449999

3071119
3771119
3375056
8375556
8882666
4482222
4449999

7031119
7731119
7335056
7385556
8882666
8442222
4449999

7055539
7758539
7888033
7826663
4426111
4426111
4229999

8077779
8887559
1183056
1133556
1132666
4432222
4449999

7044439
7554439
7758033
7558883
1166682
1162222
1169999

4022229
4426669
4455067
1158867
1155877
1133887
3339999

2077779
2222749
8333044
8883344
6585111
6555111
6669999

5057889
5557789
2117088
2117446
2114446
2233666
3339999

5057889
5557789
2117088
2117666
2114446
2233446
3339999

5054449
5557449
2117088
2117786
2117886
2233666
3339999

5056669
5553369
8333067
8884477
1184447
1122227
1129999

5056669
5553369
8333067
8884447
1184477
1122227
1129999

5056669
5558869
4448067
4488337
1133377
1122227
1129999

5054449
5554439
8666037
8886337
1186377
1122227
1129999

4022229
4423339
4411033
8811555
6811575
6887777
6669999

