5054449
5553449
1113307
1118377
6888327
6822227
6669999

5056669
5556889
1116807
1118877
4422227
4433327
4339999

6033389
6338889
6668505
2111555
2111444
2777744
2279999

4022229
4411129
4411107
6663557
6883577
6833557
8839999

4022229
4411129
4411107
6668557
6888577
6833557
3339999

6033389
6338889
6668505
4447555
4477772
1112222
1119999

5051119
5551119
2666807
2688877
2684447
2233447
3339999

7031119
7731119
7336505
7386555
8886662
8442222
4449999

3022229
3324449
6384407
6388877
6665857
1115557
1119999

3071119
3771119
3376505
8376555
8886662
4482222
4449999

5051119
5551119
3884407
3384477
6388427
6322227
6669999

6033389
6338889
6668505
2222555
2777744
1117444
1119999

3022229
3355529
6357508
6377888
6667844
1117444
1119999

3022229
3344429
6384407
6388877
6665857
1115557
1119999

5051119
5551119
2222307
2488377
4468337
4468837
6669999

5051119
5551119
2222307
2488377
6448337
6448837
6669999

5051119
5551119
6664402
6884442
6877772
8833722
3339999

7022229
7726669
7886505
7386555
3388111
3444111
3449999

7022229
7726669
7886505
7486555
4488111
4433111
3339999

7022229
7723339
7833505
7888555
6448111
6444111
6669999

7022229
7723339
7833505
7888555
6668111
6444111
6449999

4022229
4466629
4468807
1168557
1188577
1133557
3339999

5054449
5552449
2222307
1188377
1168337
1168837
6669999

7022229
7738829
7338505
7388555
6344111
6444111
6669999

7022229
7733329
7338505
7888555
6844111
6444111
6669999

8077779
8887559
1183506
1133556
1132666
4432222
4449999

5056669
5556889
2116807
2118877
2114447
2233447
3339999

