5056669
5554269
8844260
7844211
7882211
7733311
7339999

6033379
6338879
6668770
4488575
4442555
1112222
1119999

4022229
4425559
4435750
8837711
6833711
6883711
6669999

2077779
2111739
2111830
2288833
6585443
6555444
6669999

8077779
8885759
4485550
4443311
6333211
6222211
6669999

7088449
7558449
7758840
7553311
6333211
6222211
6669999

7055539
7758539
7888330
7844311
6444211
6222211
6669999

2086669
2388869
2334860
2234411
5534411
5777711
5579999

7055539
7752539
7882330
7862311
8862211
4466611
4449999

8044429
8884429
5583320
5333226
5577776
1117666
1119999

2044889
2444879
2338870
2233377
6111575
6111555
6669999

5056669
5552269
8844260
7844211
7884211
7733311
7339999

3076669
3777769
3322860
5352888
5552448
1112444
1119999

4011129
4411129
4433320
7336822
7556888
7756668
7559999

8044469
8884469
5586660
5777733
5573332
1112222
1119999

8077779
8887449
6585440
6555433
6663332
1112222
1119999

8044469
8884469
5586660
5337777
5533372
1112222
1119999

7011139
7711139
7555330
7525386
4428886
4428666
4229999

3055729
3357729
6355720
6388722
6668444
1118844
1119999

4022229
4421119
4431110
8837777
6833575
6883555
6669999

7055539
7758539
7888330
7844311
6244411
6222211
6669999

7034449
7734489
7338880
7358511
6255511
6222211
6669999

4021119
4421119
4428830
7226833
7556883
7756663
7559999

4021119
4421119
4423330
7226833
7556888
7756668
7559999

3077779
3885759
3385550
2388611
2222611
4466611
4449999

8077779
8885759
3385550
2333611
2222611
4466611
4449999

8022229
8884429
3384440
7333666
7551116
7751116
7559999

7022229
7733329
7555330
7585666
8881116
8441116
4449999

3022229
3884429
3384440
7388666
7551116
7751116
7559999

7022229
7766629
7555630
7585633
8881113
8441113
4449999

4022229
4475529
4477530
8875533
6871113
6881113
6669999

6022229
6777729
6667830
4488833
4481113
5451113
5559999

4026669
4426889
4426830
7228833
7551113
7751113
7559999

4086669
4488869
4433860
3332555
2222575
1117777
1119999

8077779
8885759
2485550
2441116
2441116
2233666
3339999

5051119
5551119
7777330
2733386
2448886
2448666
2249999

5051119
5551119
3377770
2333786
2448886
2448666
2249999

4066689
4468889
4468230
7222233
7551113
7751113
7559999

2046669
2446889
2446830
2278833
5571113
5771113
5579999

2041119
2441119
2443330
2276833
5576888
5776668
5579999

8077779
8885759
3385550
2333666
2441116
2441116
2249999

2041119
2441119
2448830
2276833
5576883
5776663
5579999

8077779
8885759
2285550
2441116
2441116
2433666
3339999

3077779
3885759
3385550
2388666
2441116
2441116
2249999

7055449
7754449
7255830
7288833
6281113
6221113
6669999

8044469
8884469
3386660
7333111
7552111
7752222
7559999

8077779
8885759
3385550
4333111
4462111
4462222
6669999

5051119
5551119
4477770
4488733
6483332
6882222
6669999

3044469
3884469
3386660
7388111
7552111
7752222
7559999

3077779
3885759
3385550
4388111
4462111
4462222
6669999

8044469
8884469
5586660
5332222
5533372
1117777
1119999

8022229
8886729
5586770
5666744
5533744
1113334
1119999

4022229
4433329
4486330
8886555
8666575
1117777
1119999

3022229
3777729
3376660
5356884
5556844
1118844
1119999

3022229
3777729
3374440
5354486
5558886
1118666
1119999

2046669
2446889
2446380
2273388
5573111
5773111
5579999

2077779
2222789
5558880
5358666
3341116
3441116
3449999

2077779
2222789
5558880
5358666
4331116
4431116
4439999

2077779
2222789
3448880
3448666
3341116
5351116
5559999

2077779
2222789
4438880
4438666
4331116
5351116
5559999

7055529
7758529
7888320
7843322
6443111
6443111
6669999

4086669
4488869
4433860
3337777
2222575
1112555
1119999

7034429
7734429
7334820
7388822
6585111
6555111
6669999

4055729
4457729
4455720
6663722
6883111
6833111
8839999

4055729
4457729
4455720
6668722
6888111
6833111
3339999

3075529
3377529
6375520
6378822
6668111
4488111
4449999

3044469
3884469
3386660
2388555
2222575
1117777
1119999

3077779
3885759
3385550
2388666
2222446
1114446
1119999

4022229
4425559
4435750
8837777
6833111
6883111
6669999

8077779
8885759
3385550
2333666
2222446
1114446
1119999

8044469
8884469
3386660
2333555
2222575
1117777
1119999

8077779
8885759
1185550
1122226
1123336
4433666
4449999

8077779
8885759
1185550
1166633
1163332
4462222
4449999

4026669
4426889
4426380
7223388
7553111
7753111
7559999

8077779
8885759
1185550
1162222
1163332
4466633
4449999

8077779
8885759
1185550
1133666
1123336
4422226
4449999

5052119
5552119
3882110
3382244
6388744
6377774
6669999

2044119
2344119
2334110
2238666
5538886
5777786
5579999

2044119
2444119
2333110
2273386
5578886
5778666
5579999

4077779
4455739
4458830
1155833
1162883
1162222
6669999

7044559
7744459
7333550
7223386
1128886
1128666
1129999

7086669
7788869
7333860
7223355
1124445
1124455
1129999

5052119
5552119
6662110
6322444
6388744
3387777
3889999

4086669
4488869
4411860
2311555
2311575
2337777
2239999

4011229
4411279
4411270
6668277
6888575
6833555
3339999

4011229
4411279
4411270
6663277
6883575
6833555
8839999

4022229
4433329
4411330
8811555
6811575
6887777
6669999

4022229
4421179
4431170
8831177
6833575
6883555
6669999

