8077779
8883749
5583644
0533644
5532666
1112222
1119999

8077779
8883749
5583446
0533446
5532666
1112222
1119999

5053889
5553789
2233788
0237711
6244711
6244411
6669999

5053889
5553389
7777388
0744311
6444211
6222211
6669999

4073889
4473389
4477388
0575311
6555211
6222211
6669999

8077779
8885759
3385552
0333442
6111442
6111422
6669999

3077779
3885759
3385552
0388442
6111442
6111422
6669999

8066629
8883629
5583627
0533227
5534477
1114447
1119999

4077779
4457539
4455533
0111883
6111283
6222288
6669999

6033389
6338889
6668557
0111577
4111557
4422227
4429999

5056669
5558869
7777862
0733882
3334442
1114422
1119999

8022229
8884429
3384447
0333557
6111577
6111557
6669999

3022229
3884429
3384447
0388557
6111577
6111557
6669999

5053889
5553389
7777388
0744311
6244411
6222211
6669999

3044889
3444789
3355788
0357711
6255711
6222211
6669999

4021119
4421119
4427777
0228755
6888335
6833355
6669999

5058839
5558339
2288311
0244311
6244711
6247777
6669999

3076669
3777769
3322565
0382555
8882111
8442111
4449999

3044889
3444689
3322688
0372666
5572111
5772111
5579999

3075559
3775459
3374488
0374486
2222886
1112666
1119999

3077779
3885759
3385554
0388644
2222644
1112666
1119999

3076669
3776889
3376844
0378844
2222545
1112555
1119999

3044469
3884469
3386667
0388557
2222577
1112557
1119999

3071119
3771119
3376662
0375562
4488562
4485522
4889999

5051119
5551119
7777862
0788862
4486662
4433322
4339999

8044469
8884469
3386667
0333557
2222577
1112557
1119999

8077779
8885759
3385554
0333644
2222644
1112666
1119999

5051119
5551119
7777388
0723386
4423886
4423666
4229999

5051119
5551119
7777333
0723386
4428886
4428666
4229999

5051119
5551119
7777844
0788844
6283334
6222233
6669999

2077779
2222739
5566633
0564883
5564483
1114488
1119999

2077779
2222789
5538884
0538644
5533644
1113666
1119999

6033389
6338889
6668112
0444112
5544112
5777722
5579999

3022229
3444829
3344888
0376668
5576111
5776111
5579999

8077779
8887119
5583116
0533116
5532666
4432222
4449999

5058879
5558279
3388277
0333276
1144226
1144666
1149999

5053119
5553119
8833112
0832222
6887444
6777744
6669999

6044889
6444839
6668833
0225553
1125753
1127777
1129999

6044889
6444389
6663388
0223555
1123575
1127777
1129999

5053119
5553119
8833112
0834442
6887442
6777722
6669999

3044119
3444119
3368112
0368882
5566682
5777722
5579999

4022229
4438829
4433855
0113885
6113755
6117777
6669999

6044119
6444119
6668112
0338882
5533382
5777722
5579999

6033389
6338889
6668557
0444577
1144557
1122227
1129999

5058839
5558739
2288733
0211773
6211744
6211444
6669999

5053889
5553389
2211388
0211344
6211744
6277774
6669999

3022229
3777729
3357588
0355586
1144886
1144666
1149999

5051139
5551139
8821133
0822223
6887444
6777744
6669999

