4022229
4423339
4433666
7088611
7558611
7758811
7559999

4022229
4423339
4466633
7088611
7558611
7758811
7559999

8077779
8883749
5583644
5033644
5532666
1112222
1119999

8077779
8883749
5583446
5033446
5532666
1112222
1119999

7044889
7744389
7554388
7053311
6553211
6222211
6669999

5052889
5552789
6662788
6022774
6333744
1113344
1119999

8066629
8883629
5583627
5033227
5534477
1114447
1119999

7033389
7338889
7758522
7055542
6111442
6111442
6669999

5056669
5558869
2222867
2033887
3334477
1114447
1119999

7088439
7784439
7884433
7022223
6111525
6111555
6669999

7088449
7784449
7885522
7033562
3335562
1116662
1119999

4022229
4423339
4411133
7011186
7558886
7758666
7559999

5054439
5554439
6668433
6078883
6777782
1112222
1119999

5051119
5551119
3337777
2033786
2448886
2448666
2249999

5051119
5551119
7777333
2073386
2448886
2448666
2249999

5051119
5551119
7777388
2073386
2443886
2443666
2249999

4066689
4468889
4468111
7033111
7553332
7752222
7559999

5051119
5551119
2222333
2073386
4778886
4478666
4479999

5051119
5551119
2222388
2073386
4773886
4473666
4479999

5051119
5551119
6777782
6078882
6668332
4433322
4449999

5051119
5551119
6777732
6078832
6668332
4488322
4449999

7088449
7783449
7883422
7033112
6535112
6555112
6669999

7088439
7784439
7884433
7022223
6525111
6555111
6669999

7022229
7723349
7333844
7088844
6585111
6555111
6669999

2077779
2222739
5566633
5064883
5564483
1114488
1119999

2077779
2222789
5538884
5038644
5533644
1113666
1119999

8077779
8887119
5583116
5033116
5532666
4432222
4449999

7088229
7783249
7883244
7033244
6535111
6555111
6669999

7033389
7338889
7758544
7055544
1166642
1162222
1169999

7088119
7783119
7883112
7033442
6535442
6555422
6669999

4011889
4411689
4411688
7066633
7553332
7752222
7559999

4011889
4411689
4411688
7033666
7553332
7752222
7559999

