4406889
4446289
0666288
7111255
7111225
7733355
7339999

4401119
4421119
0422227
6668557
6888577
6833557
3339999

4401119
4421119
0422227
6663557
6883577
6833557
8839999

4405559
4445759
0337777
2233311
2666811
2688811
2689999

4401119
4441119
0755588
2753586
2773886
2733666
2239999

4405559
4445859
0788811
2783611
2773611
2733666
2239999

4401119
4481119
0488822
7333862
7553362
7756662
7559999

4401119
4431119
0433557
6663577
6883557
6822227
8829999

4401119
4441119
0333862
3388862
5586662
5777722
5579999

4401119
4481119
0488832
7777832
6575332
6555322
6669999

4401119
4481119
0488832
7666832
7556332
7756322
7559999

4401119
4431119
0436662
7335562
7388562
7785522
7889999

4405559
4475859
0477888
2376668
2376111
2336111
2239999

4403889
4443389
0116388
2116355
2116665
2777755
2279999

4406669
4446559
0116522
7118552
7118882
7733382
7339999

4405559
4445759
0337777
2233386
2118886
2118666
2119999

4405559
4475359
0477332
8871132
6871132
6881122
6669999

