5507889
5777789
5544488
3304411
6333211
6222211
6669999

8803339
7833559
7886522
7706552
7666442
1114442
1119999

2207889
2777789
2555688
2505611
4466611
4433311
4339999

6505889
6555489
6664488
7204411
7222211
7733311
7339999

2401119
2441119
2447777
2208755
6888335
6833355
6669999

5501119
5331119
5533344
8807444
6877772
6882222
6669999

4405559
4445259
7222211
7703611
7883611
7833666
8839999

4405559
4445259
7222211
7708611
7888611
7833666
3339999

4401119
4441119
6662222
6302555
6388575
3387777
3889999

7505889
7555689
7722688
7302666
4332111
4432111
4439999

3505889
3555689
3322688
7302666
7742111
7442111
7449999

7505889
7555689
7722688
7302666
3342111
3442111
3449999

4401119
4431119
4336662
7305562
7388562
7785522
7889999

4401119
4441119
2222557
8802577
6833557
6883337
6669999

2208639
2888639
2866633
2705543
7777544
1115544
1119999

2201119
2441119
2447777
2408755
6888335
6833355
6669999

2204449
2666449
2886557
2806577
8833557
1113337
1119999

2201119
2331119
2733344
2708844
6778545
6788555
6669999

6804449
6888449
6668112
7505112
7555112
7733322
7339999

1106669
1155569
1157568
2307888
2377844
2337444
2239999

5507889
5777789
5544488
1104426
1122226
1133666
3339999

5507889
5777789
5544488
1104433
1163332
1162222
6669999

5506669
5777769
5578862
1108442
1188442
1133422
3339999

6505119
6555119
6667118
2307888
2377844
2337444
2239999

1103339
1133229
1155244
8805244
6855274
6887777
6669999

6505889
6555839
6668833
2204443
2114473
2117777
2119999

6505889
6555389
6663388
2203444
2113744
2117777
2119999

