5507889
5777789
5533288
3330211
6444211
6442211
6669999

2204449
2111449
2111666
2330886
5533386
5777788
5579999

5507889
5777789
5566688
2360411
2364411
2334411
2239999

2208449
2888449
2833347
2330557
6111577
6111557
6669999

2208839
2558739
2588733
2550773
6111744
6111444
6669999

5506669
5777769
5587462
8880442
8333442
1113322
1119999

5507889
5777789
5533288
3330244
6111244
6111224
6669999

5507889
5777789
5533388
2330611
2222611
4466611
4449999

5504439
5224439
5524337
8820377
6821117
6881117
6669999

5503449
5223449
5523347
8820377
6821117
6881117
6669999

5507889
5777789
5533388
2330666
2441116
2441116
2249999

5507889
5777789
5533388
4330111
4462111
4462222
6669999

3206669
3222269
3355567
8350577
8881117
4481117
4449999

4401119
4441119
2222666
2330886
5533386
5777788
5579999

2208839
2558339
2588311
2550311
6444711
6447777
6669999

5507889
5777789
5533488
3330446
2222446
1112666
1119999

8803339
6833449
6884447
6660557
2222577
1112557
1119999

4401119
4441119
8855562
7850562
7886662
7733322
7339999

8804449
6833449
6883337
6660557
2222577
1112557
1119999

3306669
4333869
4488867
4480557
2222577
1112557
1119999

4401119
4441119
7777666
5570886
5222286
5533288
3339999

2201119
2441119
2444666
2330886
5533386
5777788
5579999

5507889
5777789
5533388
2330666
2222446
1114446
1119999

6804449
6888449
6668112
3330112
5533112
5777722
5579999

3305529
8333529
8885527
1180227
1164477
1164447
6669999

5503329
5333829
5588827
1180227
1164477
1164447
6669999

1105559
1175359
1177322
8870332
6874432
6884442
6669999

1106669
1136559
1136522
7330552
7388442
7784442
7889999

1105559
1175359
1177332
8870432
6874432
6884422
6669999

2207889
2777789
2443388
2440333
6545111
6555111
6669999

2206669
2777769
2887565
2380555
3388111
3444111
3449999

2206669
2777769
2887565
2480555
4488111
4433111
3339999

3304449
8333449
8887777
1180575
1162555
1162222
6669999

1103339
1133229
1155244
8850244
6855274
6887777
6669999

5507889
5777789
5533688
3330644
1166644
1122224
1129999

6804449
6888449
6668557
3330577
1133557
1122227
1129999

6505889
6555789
6667788
3330744
1133744
1122224
1129999

5507889
5777789
5566688
3330644
1133644
1122224
1129999

6505449
6555449
6668847
3330877
1133887
1122227
1129999

2208839
2558339
2588344
2550344
1166674
1167777
1169999

