4405579
4445779
1115572
1118072
6888332
6833322
6669999

7505889
7555389
7743388
7443011
6443211
6222211
6669999

7304889
7334489
7734488
7535011
6555211
6222211
6669999

5507889
5777789
5544488
3344011
6333211
6222211
6669999

5504449
5884479
5587777
3388011
6333211
6222211
6669999

5507889
5777789
5566688
2364011
2364411
2334411
2239999

6804449
6888449
6668552
7111052
7111552
7733322
7339999

3304449
7333449
7552222
7752086
7558886
1118666
1119999

5504449
5333449
5583322
8887062
8777762
1116662
1119999

2405559
2445759
2447777
2233086
3338886
1118666
1119999

4405559
4445759
3337777
2233011
2666811
2688811
2689999

4401119
4471119
3472288
3772086
3372886
5352666
5559999

5506669
5886449
5586444
7288011
7222211
7733311
7339999

4401119
4441119
2777788
2575086
2555886
2233666
3339999

5501119
5881119
5587777
3388074
6333244
6222244
6669999

4401119
4471119
3472222
3772086
3378886
5358666
5559999

4401119
4441119
6662222
6882055
6877775
8833755
3339999

5504449
5333449
5573388
7777086
2222886
1112666
1119999

7301119
7331119
7736662
7535062
4555862
4488822
4489999

4401119
4441119
6665552
6885052
6877772
8833722
3339999

4401119
4441119
8777732
8887032
6585332
6555322
6669999

3304449
7333449
7552288
7752086
7552886
1112666
1119999

2205559
2445759
2447777
2433086
3338886
1118666
1119999

2201119
2331119
2733388
2744086
7744886
5754666
5559999

1104439
1174439
1177433
8875053
6875552
6882222
6669999

5507889
5777789
5544488
1144026
1122226
1133666
3339999

5504449
5884479
5587777
1188026
1122226
1133666
3339999

5507889
5777789
5544488
1144033
1163332
1162222
6669999

5504449
5884479
5587777
1188033
1163332
1162222
6669999

5504449
5227449
5527788
1127086
1127886
1133666
3339999

1104449
1188449
1186552
7886052
7666552
7733322
7339999

1105559
1175359
1177332
8874032
6874432
6884422
6669999

5506669
5886449
5586442
1188042
1177772
1133722
3339999

1104449
1127449
1127788
5527086
5227886
5533666
3339999

2405559
2445359
2443388
2273086
1173886
1177666
1179999

2204449
2114479
2117777
2118055
6888335
6833355
6669999

4405559
4445759
3337777
2233086
2118886
2118666
2119999

4401139
4471139
4771133
8875053
6875552
6882222
6669999

2205559
2445359
2443388
2473086
1173886
1177666
1179999

5501179
5881179
5581177
3388074
6333244
6222244
6669999

