3304449
7333449
7552222
7756802
7556888
1116668
1119999

2208839
2558739
2588733
2557703
6111744
6111444
6669999

5506669
5886239
5586233
4488203
4442273
1117777
1119999

7505639
7555639
7766633
7111803
4111888
4422228
4429999

6804449
6888449
6668552
7111502
7111552
7733322
7339999

6505449
6555449
6668842
7111802
7111882
7733322
7339999

3304449
7333449
7558822
7756802
7556882
1116662
1119999

5507889
5777789
5511188
3311104
6333244
6222244
6669999

6505889
6555839
6668833
2211103
2411173
2447777
2449999

4401119
4471119
3472222
3776802
3376888
5356668
5559999

4406669
4476889
3476822
3778802
3371112
5351112
5559999

5502239
5666239
5586233
8886203
8777744
1117444
1119999

6505889
6555789
6667788
2222704
2333744
1113344
1119999

5507889
5777789
5566688
2222604
2333644
1113344
1119999

5501119
5881119
5587777
3388704
6333244
6222244
6669999

4401119
4471119
3478822
3776802
3376882
5356662
5559999

4401119
4441119
8666322
8886302
5586332
5777732
5579999

4405559
4445859
2237888
2337708
2367111
2367111
6669999

5504439
5224439
5527433
8827703
6827111
6887111
6669999

3304449
7333449
7722555
7882505
7862111
8862111
6669999

4405559
4435859
2437888
2337708
2367111
2267111
6669999

4405559
4445859
6667888
2367708
2367111
2337111
2239999

1104439
1144439
1155533
8857503
6877772
6882222
6669999

4405559
4445859
3227888
3327708
6327111
6327111
6669999

1107889
1177289
1137288
4437206
4433226
5453666
5559999

1103889
1133289
1137288
4437206
4477226
5457666
5559999

4405559
4445859
6667888
6327708
6327111
3327111
3229999

1105559
1175359
1177322
8873302
6873442
6884442
6669999

1104449
1173449
1173322
8877302
6875352
6885552
6669999

2204119
2344119
2344117
2338807
6535877
6555887
6669999

5507889
5777789
5532288
1133204
1163244
1163244
6669999

4405539
4422539
4725533
7728803
6728111
6788111
6669999

1104449
1188449
1186552
7886502
7666552
7733322
7339999

5506669
5886449
5586442
1188402
1177772
1133722
3339999

2406669
2446889
2446855
2278805
1173355
1177333
1179999

5506669
5884469
5584462
1188402
1177772
1133722
3339999

4405559
4445859
7777888
1173308
1162333
1162222
6669999

5504449
5882449
5582222
1188706
1177776
1133666
3339999

5507889
5777789
5544488
1124406
1122226
1133666
3339999

1102239
1162339
1162355
6662305
4488755
4487777
4889999

1104449
1173449
1173355
8877305
6872355
6882222
6669999

6505739
6555739
6667733
2288703
2118444
2118844
2119999

6505889
6555839
6668833
2244403
2114473
2117777
2119999

7505639
7555639
7766633
7444803
1144888
1122228
1129999

7505889
7555289
7711288
7311206
3311226
3444666
3449999

3505889
3555289
3311288
7311206
7711226
7444666
7449999

7505889
7555289
7711288
7411206
4411226
4433666
3339999

5506669
5222269
5533267
3338807
1144877
1144887
1149999

2401139
2441139
2441133
2276803
5576888
5776668
5579999

5507889
5777789
5566688
2361104
2361144
2331144
2239999

2206669
2446889
2446855
2478805
1173355
1177333
1179999

5504449
5224439
5521133
8821103
6821173
6887777
6669999

2201139
2441139
2441133
2476803
5576888
5776668
5579999

