4405579
4488579
6485577
6883370
6662333
1112222
1119999

2207889
2477389
2447388
2447330
6111535
6111555
6669999

5507889
5777789
5511188
3311140
6333244
6222244
6669999

5504449
5334479
5533377
8811170
6811172
6882222
6669999

3305579
2333579
2445577
2446870
2246888
1116668
1119999

5507889
5777789
5533388
4331110
4461112
4462222
6669999

5502279
5666279
5586277
8886270
8333444
1113344
1119999

5501119
5331119
5533388
4777780
4467882
4462222
6669999

6505889
6555789
6667788
2222740
2333744
1113344
1119999

5507889
5777789
5566688
2222640
2333644
1113344
1119999

5501119
5881119
5587777
3388740
6333244
6222244
6669999

5504479
5224479
5524377
8823370
6823111
6883111
6669999

8803339
6833479
6884477
6664470
2222575
1112555
1119999

5507889
5777789
5533388
2666330
2446111
2446111
2249999

5507889
5777789
5533388
2666330
2644111
2644111
2249999

5507889
5777789
5533388
2336660
2446111
2446111
2249999

5502279
5444279
5544277
6663270
6883111
6833111
8839999

6802279
6888279
6668277
5553270
5453111
4433111
4439999

6802279
6888279
6668277
5544270
5444111
5533111
3339999

5502279
5444279
5544277
6668270
6888111
6833111
3339999

8802279
3855279
3885277
3355270
6344111
6444111
6669999

1107889
1177389
1167388
4467330
4466632
5452222
5559999

4403889
4443389
7777388
1175350
1165552
1162222
6669999

5503379
5333879
5588877
1184470
1164442
1162222
6669999

4405559
4445359
7777388
1173380
1163882
1162222
6669999

5507889
5777789
5533388
2222330
6662111
6444111
6449999

5507889
5777789
5533388
2222330
6442111
6444111
6669999

3305579
8333579
8885577
1184470
1164442
1162222
6669999

3304449
8333449
8887777
1185750
1165552
1162222
6669999

5507889
5777789
5532288
1133240
1163244
1163244
6669999

4405579
4422579
3425577
3328870
6328111
6388111
6669999

7505889
7555389
7744388
7444330
1166632
1162222
1169999

4407889
4477389
5457388
5557330
1166632
1162222
1169999

2208879
2558379
2588377
2553370
6443111
6444111
6669999

2208879
2558379
2588377
2553370
6663111
6444111
6449999

2406669
2446889
2446855
2278850
1173355
1177333
1179999

1104229
1144279
1144277
6663270
6883575
6833555
8839999

1104229
1144279
1144277
6668270
6888575
6833555
3339999

1102239
1162339
1162355
6662350
4488755
4487777
4889999

1105579
1188579
1185577
4883370
4462333
4462222
6669999

1104449
1173449
1173355
8877350
6872355
6882222
6669999

5507889
5777789
5566688
2361140
2361144
2331144
2239999

4406229
4446279
8666277
8883270
1183575
1133555
1139999

2206669
2446889
2446855
2478850
1173355
1177333
1179999

