6505889
6555789
6667788
2222711
0332711
4433311
4449999

5507889
5777789
5566688
2222611
0332611
4433311
4449999

2207889
2777789
2611188
2611155
0666335
4433355
4449999

8807449
3877449
3887422
3357562
0355562
1116662
1119999

2505889
2555389
2444388
2244336
0777736
1117666
1119999

2405559
2445759
2447777
2233386
0338886
1118666
1119999

2806669
2888369
2558364
2253344
0553744
1117777
1119999

2806669
2888369
2558367
2253377
0553447
1114447
1119999

4401119
4421119
3428666
3328886
0322786
5357777
5559999

6505889
6555789
6662788
2222774
0333744
1113344
1119999

7505449
7555449
7733422
7883332
0861112
8861112
6669999

4406669
4426889
3426811
3328811
0322711
5357777
5559999

4401119
4471119
4777722
5586662
0588862
5533862
3339999

5501119
5331119
5533322
7777862
0788862
4486662
4449999

4405559
4445659
2222611
2366611
0388711
3387777
3889999

4405559
4445359
2222311
2883311
0863711
8867777
6669999

2205559
2885759
2387777
2388666
0331116
4431116
4449999

3304449
6333449
6222211
6668211
0888711
5857777
5559999

2205559
2445359
2444311
2883311
0863711
8867777
6669999

2205559
2445659
2444611
2366611
0388711
3387777
3889999

2208449
2888449
2837411
2337611
0377611
5357666
5559999

5506669
5886229
5586244
3388244
0333274
1117777
1119999

2205559
2445759
2447777
2433386
0338886
1118666
1119999

2203379
2333879
2688877
2685574
0666544
1115544
1119999

2205579
2444579
2445577
2833376
0888336
1118666
1119999

2207889
2557689
2577688
2557666
0333444
1113344
1119999

2205579
2666579
2685577
2688874
0333844
1113344
1119999

2201119
2731119
2733666
2773886
0753586
4455588
4449999

2201119
2881119
2687777
2688755
0666335
4433355
4449999

1107889
1127789
1127488
5527446
0522446
5533666
3339999

1106669
1126449
1126447
5528847
0522877
5533887
3339999

1103889
1133789
1132788
5532774
0562744
5562244
6669999

2208119
2888119
2837114
2337644
0377644
5357666
5559999

1104449
1168449
1168882
5566682
0577772
5533722
3339999

1106669
1148869
1144862
5544882
0577772
5533722
3339999

1103339
1133879
1188872
5584772
0564472
5564422
6669999

1103889
1133879
1138872
5534772
0564472
5564422
6669999

2205559
2115759
2117777
2118666
0338886
4433386
4449999

7505119
7555119
7733112
7883332
0864442
8864422
6669999

