5507889
5777789
5544488
3334411
6033211
6222211
6669999

3505889
3555489
3364488
2364411
2066611
2777711
2279999

6505889
6555489
6664488
2334411
2033311
2777711
2279999

3304449
7333449
7886662
7785562
7088562
1115522
1119999

8806669
7855369
7885362
7755332
7044432
1114422
1119999

8806669
7855369
7885362
7755332
7011132
4411122
4449999

4401119
4441119
2833355
2888335
2068755
2267777
6669999

6804449
6888449
6668557
2222577
2033557
1113337
1119999

6505449
6555449
6668847
2222877
2033887
1113337
1119999

6505889
6555789
6667788
2222744
2033744
1113334
1119999

5507889
5777789
5566688
2222644
2033644
1113334
1119999

4401119
4471119
4777722
5586662
5088862
5533862
3339999

4401119
4441119
8777722
8887552
6083352
6333552
6669999

2203339
2833449
2888447
2558477
6051117
6551117
6669999

2204439
2844439
2888337
2558377
6051117
6551117
6669999

1103889
1173389
1177388
2275356
2075556
2444666
2449999

1105559
1175359
1177388
2273386
2073886
2444666
2449999

4401119
4441119
8333552
8883352
6087552
6777722
6669999

1107889
1127789
1127488
5527446
5022446
5533666
3339999

1106669
1126449
1126447
5528847
5022877
5533887
3339999

1103889
1133789
1132788
5532774
5062744
5562244
6669999

2203339
2833119
2888117
2558117
6054477
6554447
6669999

5506669
5886119
5586117
2288117
2033377
2444337
2449999

2208119
2888119
2833117
2553337
6054477
6554447
6669999

1104449
1168449
1168882
5566682
5077772
5533722
3339999

1106669
1148869
1144862
5544882
5077772
5533722
3339999

1103339
1133879
1188872
5584772
5064472
5564422
6669999

1103889
1133879
1138872
5534772
5064472
5564422
6669999

2204449
2114439
2115533
2115883
6075583
6777788
6669999

3505889
3555689
3311688
2311666
2011444
2777744
2279999

