6505889
6555789
6667788
2222711
4402711
4433311
4339999

5507889
5777789
5566688
2222611
4402611
4433311
4339999

2204449
2111449
2111666
2333886
5503386
5777788
5579999

5503379
5333779
5511172
8811172
6804442
6884422
6669999

8804449
2833449
2883337
2666557
2206577
1116557
1119999

5507889
5777789
5533488
3334411
6204411
6222211
6669999

8803339
2833449
2884447
2666557
2206577
1116557
1119999

8804449
6833449
6883332
6661112
5501112
5777722
5579999

8803339
6833449
6884442
6661112
5501112
5777722
5579999

3306669
4333869
4488862
4481112
5501112
5777722
5579999

5506669
5886449
5586447
2388477
2301117
2331117
2239999

5507889
5777789
5544488
2344666
2301116
2331116
2239999

5504449
5884479
5587777
2388666
2301116
2331116
2239999

5506669
5884469
5584467
2388477
2301117
2331117
2239999

4405559
4445759
3337777
8833111
6802111
6882222
6669999

5501119
5331119
5533327
8822227
6804477
6884447
6669999

5501119
5331119
5533322
8877772
6807442
6884442
6669999

2205559
2885759
2387777
2388666
3301116
3441116
4449999

2203339
2833449
2888447
2558477
6501117
6551117
6669999

1104449
1132449
1132222
8833555
6803575
6887777
6669999

2204439
2844439
2888337
2558377
6501117
6551117
6669999

4401119
4441119
2222666
2333886
5503386
5777788
5579999

4405559
4445859
2666888
2677778
2607111
2233111
3339999

4405559
4445759
3337711
8833711
6802711
6882222
6669999

1103449
1133449
1132247
8832557
6802577
6882557
6669999

4401119
4481119
4788832
7777832
6505332
6555322
6669999

4401119
4481119
4788832
7755832
6705332
6755322
6669999

4405559
4445859
7777888
2376668
2306111
2336111
2239999

2208449
2888449
2866647
2333677
3305657
1115557
1119999

2201119
2681119
2688844
2666844
5503334
5777733
5579999

1104449
1155449
1157777
8855733
6803332
6882222
6669999

2201119
2441119
2444666
2333886
5503386
5777788
5579999

2201119
2331119
2733344
2778844
6708545
6788555
6669999

1105559
1135759
1137744
8833744
6803742
6882222
6669999

1105559
1135759
1137777
8833444
6803442
6882222
6669999

4401119
4441119
3337777
8833575
6802555
6882222
6669999

4405559
4445759
6667777
6882222
6802111
8833111
3339999

6804449
6888449
6668112
7555112
7505112
7733322
7339999

8804449
3855449
3885112
3355112
6307112
6777722
6669999

1106669
1144469
1184467
2388877
2305857
2335557
2239999

1104449
1155449
1157777
2355786
2308886
2338666
2239999

1104469
1144469
1186667
2388877
2305857
2335557
2239999

1106669
1155569
1157568
2377888
2307844
2337444
2239999

2203339
2833119
2888117
2558117
6504477
6554447
6669999

5506669
5886119
5586117
2388117
2304477
2334447
2239999

1103449
1133449
1137422
8837552
6807752
6887552
6669999

2208119
2888119
2833117
2553337
6504477
6554447
6669999

7505119
7555119
7732118
7332888
6302844
6322444
6669999

1106669
1155569
1158562
7888442
7804442
7733322
7339999

2207889
2777789
2443388
2444333
6505111
6555111
6669999

6505119
6555119
6667118
2377888
2307844
2337444
2239999

1104889
1164489
1164488
6662222
5503332
5777733
5579999

2307119
2377119
2337118
2237888
6505844
6555444
6669999

2205559
2115759
2117777
2118666
4408886
4433386
4339999

2206669
2116889
2116844
2118844
5503334
5777733
5579999

6505119
6555119
6668112
7888442
7804442
7733322
7339999

7505119
7555119
7738112
7338882
6304482
6344422
6669999

6505739
6555739
6667733
2222743
1102844
1188844
1189999

4405559
4445359
7777332
8871132
6801132
6881122
6669999

4401179
4441179
3331177
8833575
6802555
6882222
6669999

