6505889
6555839
6668833
4422223
4440723
1117777
1119999

6505889
6555789
6667788
2222711
2330711
4433311
4449999

5507889
5777789
5566688
2222611
2330611
4433311
4449999

2207889
2777789
2366688
2365511
3360511
3445511
4449999

4401119
4481119
4788832
7755832
6750332
6755322
6669999

8804449
3855449
3885112
3355112
6370112
6777722
6669999

5507889
5777789
5566688
1162222
1160442
1133444
3339999

3304449
8333449
8882222
1182555
1160575
1167777
6669999

5506669
5444369
5544362
7777332
1170832
1188822
1189999

5507889
5227789
5527488
1127446
1120446
1133666
3339999

5506669
5226449
5526447
1128847
1120877
1133887
3339999

2207889
2557689
2577688
2557666
4440111
4433111
3339999

2207889
2557689
2577688
2557666
3330111
4433111
4449999

2505449
2555449
2333488
2273386
1170886
1177666
1179999

1107889
1127789
1127488
5527446
5220446
5533666
3339999

1106669
1126449
1126447
5528847
5220877
5533887
3339999

2603339
2633889
2666844
2278844
1170545
1177555
1179999

4403119
4433119
4738112
7738882
6750582
6755522
6669999

4405559
4445859
2222888
2113338
6110733
6117777
6669999

2205559
2445859
2444888
2113338
6110733
6117777
6669999

2203339
2833449
2888444
2118555
6110575
6117777
6669999

2208449
2888449
2833455
2113335
6110755
6117777
6669999

