3304449
7333449
7558666
7758886
7552086
1112222
1119999

4403889
4443389
2222388
2555311
6575011
6777711
6669999

2804449
2888449
2558333
2253311
6557011
6777711
6669999

3305529
8333529
8885527
4486227
4446077
1116667
1119999

5503329
5333829
5588827
4486227
4446077
1116667
1119999

7505889
7555389
7722388
7442336
4442036
1112666
1119999

3206669
3222269
3311167
8311177
8885057
4485557
4449999

2207889
2777789
2366688
2365511
3365011
3445511
4449999

2203889
2443389
2444388
2555311
6575011
6777711
6669999

3304449
7333449
7552666
7752886
7552086
1112288
1119999

5507889
5777789
5544488
3334411
6233011
6222211
6669999

4401119
4471119
3472666
3772886
3372086
5352288
5559999

5502279
5666279
5586277
8886274
8333044
1113344
1119999

4401119
4471119
4777722
6663552
6883052
6833552
8839999

4401119
4471119
4777722
6668552
6888052
6833552
3339999

4401119
4441119
8666322
8886332
5586032
5777732
5579999

5501119
5331119
5533322
8777762
8887062
4486662
4449999

4407889
4477389
5457388
5557336
2222036
1112666
1119999

7505889
7555389
7744388
7444336
2222036
1112666
1119999

4406669
4476889
3476811
3778811
3372011
5352222
5559999

4401119
4441119
2222666
3332886
5533086
5777788
5579999

1105559
1175359
1177344
8873344
6873042
6882222
6669999

2201119
2551119
2533666
2553336
4488076
4487777
4889999

1104439
1174439
1177433
8875553
6875052
6882222
6669999

1104439
1164439
1168433
6668883
7777082
5752222
5559999

4401119
4471119
3478666
3778886
3372086
5352222
5559999

1103339
1133449
1155444
8857777
6855072
6882222
6669999

1105559
1175859
1177888
2376668
2376044
2336444
2239999

1104889
1174489
1174488
2377666
2375056
2335556
2239999

1106669
1144469
1144867
2388877
2385057
2335557
2239999

1103449
1133449
1137422
8837552
6877052
6887552
6669999

5506669
5886119
5586117
3388117
4333077
4422227
4429999

1107449
1177449
1137422
8837552
6833052
6883552
6669999

1105559
1135459
1134422
7334462
7388062
7786662
7889999

5506669
5886119
5586117
2288117
2433077
2443337
2449999

1106669
1138869
1133867
5553887
5453077
4422227
4429999

1105559
1135459
1133447
6663447
6883077
6822227
8829999

5507889
5777789
5566688
1162222
1162044
1133444
3339999

1106669
1155569
1158562
7448882
7444082
7733322
7339999

5504449
5334479
5533372
1188772
1168072
1168822
6669999

1103339
1133449
1155444
8852222
6855072
6887777
6669999

2505889
2555879
2338877
2233376
1144076
1144666
1149999

4405559
4445859
7777888
1173338
1162033
1162222
6669999

3306669
8333469
8884467
2284477
2115057
2115557
2119999

6505739
6555739
6667733
2288743
2118044
2118844
2119999

6804449
6888449
6668337
2233377
2115057
2115557
2119999

6505119
6555119
6668112
7448882
7444082
7733322
7339999

7505119
7555119
7738112
7338882
6344082
6344422
6669999

2203339
2833449
2888447
2118477
6115057
6115557
6669999

2204439
2844439
2888337
2118377
6115057
6115557
6669999

2207889
2557389
2577388
2557336
1144036
1144666
1149999

4401139
4471139
4771133
8875553
6875052
6882222
6669999

