2804449
2888449
2068333
2263311
5566611
5777711
5579999

2304449
2334489
2038887
2238557
6111577
6111557
6669999

2305559
2335759
2037777
2238844
6111844
6111884
6669999

2304889
2334489
2034488
2237777
6111575
6111555
6669999

2307559
2337759
2037558
2237888
6111844
6111444
6669999

2505889
2555389
2063388
2263444
6663744
1117777
1119999

2505889
2555839
2068833
2264443
6664473
1117777
1119999

4401119
4421119
4022227
6668557
6888577
6833557
3339999

4401119
4421119
4022227
6663557
6883577
6833557
8839999

2207889
2777789
2034488
2334411
6354511
6355511
6669999

2207889
2557789
2057688
2557611
4466611
4433311
4339999

2207889
2777789
2033388
2335511
6444511
6445511
6669999

4408839
4448339
2088311
2555311
2565711
2267777
6669999

4401119
4481119
4088822
7333862
7553362
7756662
7559999

2205559
2885759
2087777
2388666
3341116
3441116
3449999

4401119
4431119
4033557
6663577
6883557
6822227
8829999

2205559
2885759
2087777
2388666
4331116
4431116
4439999

4401119
4481119
4088832
7777832
6575332
6555322
6669999

4401119
4481119
4088832
7666832
7556332
7756322
7559999

4407239
4447239
8077233
8887223
6585111
6555111
6669999

4401119
4431119
4036662
7335562
7388562
7785522
7889999

4405559
4475859
4077888
2376668
2376111
2336111
2239999

3302279
6333279
6055277
6665274
1155844
1188844
1189999

4405559
4475359
4077332
8871132
6871132
6881122
6669999

