6505889
6555839
6668833
4477773
4442703
1112222
1119999

5506669
5886739
5586733
4488773
4442703
1112222
1119999

2207889
2777789
2111688
2111655
4466605
4433355
4339999

2207889
2777789
2443388
2444333
6111505
6111555
6669999

3304449
7333449
7556662
7756882
7556802
1118822
1119999

5503379
5333779
5566672
4488672
4448602
1118822
1119999

4405559
4445759
6668722
6888772
6833702
1113332
1119999

3304449
7333449
7556668
7756888
7556802
1112222
1119999

5503379
5333779
5511172
8811172
6844402
6884422
6669999

4407889
4447689
5577688
5337666
5533302
1112222
1119999

4401119
4441119
3337777
2233755
2666805
2688855
2689999

4401119
4441119
7777333
2273355
2666805
2688855
2689999

4401119
4441119
7777666
2278655
2888605
2833355
2339999

6804449
6888449
6668111
7333111
7553302
7752222
7559999

4401119
4471119
3476668
3776888
3376802
5352222
5559999

3304449
7333449
7722111
7882111
7862505
8862555
6669999

4401119
4471119
4777722
6663552
6883502
6833552
8839999

4401119
4471119
4777722
6668552
6888502
6833552
3339999

1104889
1144689
1144688
7266655
7222205
7733355
7339999

1104889
1164489
1164488
7266655
7222205
7733355
7339999

1107889
1177689
1137688
2237666
2433505
2443555
2449999

1104889
1134489
1134488
2233666
2553706
2577776
2559999

1103889
1133689
1137688
2237666
2477505
2447555
2449999

4401119
4441119
3777782
3378882
6358502
6355522
6669999

4401119
4471119
3476662
3776882
3376802
5358822
5559999

4401119
4441119
8777732
8887332
6585302
6555322
6669999

3305579
4333579
4485577
4488876
2222806
1112666
1119999

2201119
2551119
2533666
2553336
4488706
4487777
4889999

1103339
1133749
1155744
8857744
6855702
6882222
6669999

1103339
1133449
1155444
8857777
6855702
6882222
6669999

1104889
1144689
1144688
7333666
7553302
7752222
7559999

1107889
1177689
1137688
2337666
2344505
2344555
2249999

5506669
5777769
5574462
3334442
1133802
1188822
1189999

1105559
1145759
1144722
8844772
6833702
6883332
6669999

1103449
1133449
1137422
8837552
6877502
6887552
6669999

7306669
7336119
7736112
7535112
4555802
4488822
4489999

1107449
1177449
1137422
8837552
6833502
6883552
6669999

1103339
1133559
1186522
8886552
8666702
4477772
4449999

5504449
5884479
5587777
1188333
1163302
1162222
6669999

5507889
5777789
5544488
1144333
1163302
1162222
6669999

2204119
2344119
2344117
2338877
6535807
6555887
6669999

1106669
1136449
1136442
7335542
7388502
7785522
7889999

1104449
1164439
1168832
6668332
5588302
5777722
5579999

1104449
1164489
1168882
6668332
5533302
5777722
5579999

1105579
1165779
1165572
6663372
4333802
4488822
4489999

8807239
6877239
6887233
6667223
1144505
1144555
1149999

5506669
5777769
5574462
1184442
1188802
1133822
3339999

1105579
1165779
1165572
3366672
4333802
4488822
4489999

1106669
1155569
1157562
3377772
4333802
4488822
4489999

2307889
2377689
2337688
2237666
1144505
1144555
1149999

1103339
1133449
1155444
8852222
6855702
6887777
6669999

1107229
1177249
1137244
8837244
6833505
6883555
6669999

1103229
1133249
1137244
8837244
6877505
6887555
6669999

2207889
2117789
2117688
2117655
4466605
4433355
4339999

3305579
8333579
8885577
2284476
2114406
2114666
2119999

6505119
6555119
6667112
3377772
4333802
4488822
4489999

1104889
1144789
1144788
3337755
6233705
6222255
6669999

5503379
5333879
5588877
2284476
2114406
2114666
2119999

5504479
5884479
5584377
2288376
2113306
2113666
2119999

5506669
5222269
5533267
3338877
1144807
1144887
1149999

2207889
2777789
2366688
2361155
3361105
3441155
4449999

