2207889
2777789
2111688
2111655
4466650
4433355
4339999

4406669
4411169
8411162
8882222
5583330
5777733
5579999

6505889
6555849
6668844
2311144
2311170
2337777
2239999

4401119
4441119
3337777
2233755
2666850
2688855
2689999

4401119
4441119
7777333
2273355
2666850
2688855
2689999

4401119
4441119
7777666
2278655
2888650
2833355
2339999

4401119
4431119
4732222
7733882
6753580
6755588
6669999

1104889
1144689
1144688
7266655
7222250
7733355
7339999

1104889
1164489
1164488
7266655
7222250
7733355
7339999

2208639
2888639
2866633
2445553
4445750
1117777
1119999

6505449
6555449
6663348
2333888
2222870
1117777
1119999

1106669
1155569
1154568
2344888
2344870
2337777
2239999

1105559
1175859
1177888
2376668
2376440
2336444
2239999

3304449
8333449
8882222
1185552
1165750
1167777
6669999

5507889
5777789
5566688
1162222
1162440
1133444
3339999

4406119
4446119
8666112
8882222
5583330
5777733
5579999

6505119
6555119
6664118
2344888
2344870
2337777
2239999

1104449
1155449
1152222
8855332
6833370
6887777
6669999

2505889
2555849
2338844
2233344
1166670
1167777
1169999

5504449
5882449
5582222
1188333
1163370
1167777
6669999

2207889
2117789
2117688
2117655
4466650
4433355
4339999

7505639
7555639
7766633
7224883
1124480
1124488
1129999

1105539
1122539
1125533
8824443
6824470
6887777
6669999

1106669
1122369
1123368
4423888
4423870
5457777
5559999

1104889
1144789
1144788
3337755
6233750
6222255
6669999

5506669
5886449
5586444
2288333
2113370
2117777
2119999

2206669
2554469
2544468
2553888
1133870
1137777
1139999

5501139
5221139
5521133
8824443
6824470
6887777
6669999

2207889
2777789
2366688
2361155
3361150
3441155
4449999

