5507889
5777789
5532288
4433211
4463211
0463211
6669999

6505889
6555789
6667788
2222711
2333711
0443311
4449999

5507889
5777789
5566688
2222611
2333611
0443311
4449999

5507889
5777789
5511188
4411133
4463332
0462222
6669999

5507889
5777789
5511188
4411126
4422226
0433666
3339999

2401119
2441119
2448666
2278886
5573386
0577333
5579999

2401119
2441119
2443666
2273886
5573386
0577388
5579999

2406669
2446889
2446811
2278811
5573311
0577333
5579999

5501119
5881119
5587777
4488733
4463332
0462222
6669999

5501119
5881119
5587777
4488726
4422226
0433666
3339999

4401119
4471119
4777722
3336662
5533862
0588862
5589999

2307889
2377689
2337688
2237666
5544111
0544111
5549999

2505889
2555689
2444688
2244666
7777111
0733111
3339999

2406669
2448869
2448565
2288555
7777111
0733111
3339999

2206669
2446889
2446811
2478811
5573311
0577333
5579999

8807239
6877239
6887233
6667223
5544111
0544111
5549999

1106669
1155569
1152568
2222888
7777844
0733444
3339999

2201119
2551119
2544488
2554486
7777886
0733666
3339999

2201119
2681119
2688844
2666844
7777545
0733555
3339999

2201119
2441119
2443666
2473886
5573386
0577388
5579999

2201119
2441119
2448666
2478886
5573386
0577333
5579999

5507889
5777789
5566688
4462222
4462111
0433111
3339999

5506669
5886119
5586112
4488112
4477772
0433722
3339999

1104449
1164489
1168887
6668337
5533377
0522227
5529999

1104449
1164439
1168837
6668337
5588377
0522227
5529999

2206669
2448869
2448565
2488555
7777111
0733111
3339999

6505119
6555119
6662118
2222888
7777844
0733444
3339999

2205559
2115459
2114488
2114486
7777886
0733666
3339999

2206669
2116889
2116844
2118844
7777545
0733555
3339999

