5507889
5777789
5544488
6664411
6222211
6033211
3339999

4407889
4477289
5457288
5557211
6662211
6033311
6339999

7505889
7555289
7744288
7444211
6662211
6033311
6339999

7505889
7555289
7744288
7444211
6332211
6033311
6669999

4407889
4477289
5457288
5557211
6332211
6033311
6669999

5507889
5777789
5532288
4433211
4463211
4063211
6669999

6505739
6555739
6667733
2111743
2111844
2088844
2289999

2207889
2777789
2311188
2311155
3364445
3064455
6669999

2207889
2777789
2311188
2311155
6334445
6034455
6669999

5507889
5777789
5511188
4411133
4463332
4062222
6669999

5507889
5777789
5511188
4411126
4422226
4033666
3339999

6505889
6555489
6664488
2274411
2777711
2033311
2339999

6505889
6555789
6667788
2244711
2444711
2033311
2339999

5507889
5777789
5566688
2244611
2444611
2033311
2339999

4401119
4441119
7777388
2273386
2553886
2053666
2559999

4401119
4441119
3337777
2233786
2558886
2058666
2559999

4401119
4441119
7777333
2273386
2558886
2058666
2559999

2207889
2777789
2445588
2444511
6335511
6033311
6669999

2207889
2777789
2355588
2354511
3364411
3064411
6669999

2205559
2885759
2387777
2388411
3364411
3064411
6669999

2205559
2885759
2387777
2388411
6334411
6034411
6669999

2207889
2777789
2355588
2354511
6334411
6034411
6669999

2207889
2777789
2445588
2444511
6665511
6033311
6339999

2204889
2744389
2744388
2773311
6753511
6055511
6669999

8802279
3855279
3885277
3355274
6311144
6011144
6669999

4405539
4488539
7485533
7881113
7761112
7062222
6669999

2405559
2445759
2447777
2281116
8881116
8033666
3339999

2401119
2441119
2448666
2278886
5573386
5077333
5579999

2401119
2441119
2447777
2233786
3338886
5058666
5559999

5506669
5886449
5586447
2388477
2331117
2031117
2239999

5507889
5777789
5544488
2344666
2331116
2031116
2239999

5504449
5884479
5587777
2388666
2331116
2031116
2239999

5506669
5884469
5584467
2388477
2331117
2031117
2239999

2401119
2441119
2443666
2273886
5573386
5077388
5579999

2205559
2445759
2447777
2481116
8881116
8033666
3339999

2401119
2441119
2447777
2285756
8885556
8033666
3339999

2401119
2441119
2446667
2286557
8886577
8033557
3339999

2406669
2446889
2446811
2278811
5573311
5077333
5579999

5501119
5331119
5533344
7777844
6788842
6082222
6669999

5501119
5881119
5587777
4488733
4463332
4062222
6669999

5501119
5881119
5587777
4488726
4422226
4033666
3339999

4401119
4471119
4777722
3336662
5533862
5088862
5589999

4405559
4445659
2222611
2366611
3388711
3087777
3889999

6804449
6888449
6668337
2233377
2551117
2051117
2559999

3306669
8333469
8884467
2284477
2551117
2051117
2559999

1104479
1144479
1138877
2233876
2553886
2053666
2559999

1106669
1144469
1144367
2288377
2558337
2058837
2559999

2307889
2377689
2337688
2237666
5544111
5044111
5549999

1103339
1133879
1188877
2284476
2554476
2054666
2559999

1103339
1133869
1188867
2286667
2554477
2054447
2559999

1103889
1133869
1138867
2236667
2554477
2054447
2559999

1103889
1133879
1138877
2234476
2554476
2054666
2559999

1103449
1133449
1137488
2237786
2557886
2057666
2559999

1103889
1133689
1137688
2237666
2557744
2057444
2559999

1103449
1133449
1138847
2236877
2556887
2056667
2559999

1103889
1133789
1137788
2236744
2556744
2056664
2559999

4408839
4448339
2288311
2555311
2565711
2067777
6669999

2205559
2445659
2444611
2366611
3388711
3087777
3889999

2206669
2446889
2446811
2478811
5573311
5077333
5579999

8807239
6877239
6887233
6667223
5544111
5044111
5549999

4405559
4445859
7777888
2376668
2336111
2036111
2239999

1104889
1144389
1144388
2222336
2777736
5057666
5559999

2201119
2881119
2387777
2388755
3364445
3064455
6669999

2201119
2881119
2385544
2388544
3365574
3067777
6669999

2201119
2441119
2447777
2485756
8885556
8033666
3339999

2201119
2441119
2446667
2486557
8886577
8033557
3339999

2201119
2441119
2443666
2473886
5573386
5077388
5579999

2201119
2881119
2387777
2388755
6334445
6034455
6669999

2201119
2881119
2385544
2388544
6335574
6037777
6669999

2201119
2441119
2447777
2433786
3338886
5058666
5559999

2201119
2441119
2448666
2478886
5573386
5077333
5579999

5507889
5777789
5566688
4462222
4462111
4033111
3339999

7505889
7555689
7744688
7444666
2222111
2033111
3339999

1106669
1144469
1184467
2388877
2335857
2035557
2239999

1104449
1155449
1157777
2355786
2338886
2038666
2239999

4407889
4477689
5457688
5557666
2222111
2033111
3339999

8807449
6877449
6887545
6667555
2222111
2033111
3339999

1104469
1144469
1186667
2388877
2335857
2035557
2239999

1106669
1155569
1157568
2377888
2337844
2037444
2239999

4403889
4443689
1133688
1137666
1177772
5052222
5559999

5506669
5886119
5586117
2388117
2334477
2034447
2239999

5506669
5886119
5586112
4488112
4477772
4033722
3339999

1104449
1164489
1168887
6668337
5533377
5022227
5529999

1104449
1164439
1168837
6668337
5588377
5022227
5529999

1107559
1167759
1167558
6667888
2222844
2033444
3339999

1104889
1164489
1164488
6667777
2222575
2033555
3339999

1104449
1164489
1168887
6668557
2222577
2033557
3339999

1105559
1165759
1167777
6668844
2222844
2033884
3339999

6505119
6555119
6667118
2377888
2337844
2037444
2239999

2505119
2555119
2666117
2286477
8886447
8033447
3339999

1103339
1133229
1186244
8886244
8666274
5057777
5559999

2207889
2777789
2114488
2114455
6114335
6033355
6669999

