6505889
6555789
6667788
2222711
2333711
4403311
4449999

5507889
5777789
5566688
2222611
2333611
4403311
4449999

4401119
4441119
7777388
2273386
2553886
2503666
2559999

4401119
4441119
3337777
2233786
2558886
2508666
2559999

4401119
4441119
7777333
2273386
2558886
2508666
2559999

4405559
4475859
3477888
3371118
6371112
6302222
6669999

4401119
4441119
3882222
3382555
6388575
6307777
6669999

6804449
6888449
6668337
2233377
2551117
2501117
2559999

3306669
8333469
8884467
2284477
2551117
2501117
2559999

1104479
1144479
1138877
2233876
2553886
2503666
2559999

1106669
1144469
1144367
2288377
2558337
2508837
2559999

1103339
1133879
1188877
2284476
2554476
2504666
2559999

1103339
1133869
1188867
2286667
2554477
2504447
2559999

1103889
1133869
1138867
2236667
2554477
2504447
2559999

1103889
1133879
1138877
2234476
2554476
2504666
2559999

1103449
1133449
1137488
2237786
2557886
2507666
2559999

1103889
1133689
1137688
2237666
2557744
2507444
2559999

1103449
1133449
1138847
2236877
2556887
2506667
2559999

1103889
1133789
1137788
2236744
2556744
2506664
2559999

4401119
4481119
4788832
7777832
6555332
6505322
6669999

2207889
2777789
2443388
2444333
6555111
6505111
6669999

2208449
2888449
2837545
2337555
6377111
6307111
6669999

2307119
2377119
2337118
2237888
6555844
6505444
6669999

7505119
7555119
7738112
7338882
6344482
6304422
6669999

