4406669
4446889
1116832
1118832
7777332
5750322
5559999

4402239
4442339
1112388
1112386
7777886
5750666
5559999

4406669
4448869
3111862
3111882
3377772
5350722
5559999

5507889
5777789
5566688
2364411
2364411
2330411
2239999

3306669
7333869
7788862
7585442
7555442
1110422
1119999

4406669
4446889
5556832
5758832
7777332
1110322
1119999

2505449
2555449
2333488
2273386
7777886
1110666
1119999

2603339
2633889
2666844
2278844
7777545
1110555
1119999

8804449
6833449
6883337
6662557
2222577
1110557
1119999

5507889
5777789
5533488
3332446
2222446
1110666
1119999

5507889
5777789
5533388
2331116
2441116
2440666
2249999

8803339
6833449
6884447
6662557
2222577
1110557
1119999

3306669
4333869
4488867
4482557
2222577
1110557
1119999

5501119
5331119
5533388
2777786
2447886
2440666
2249999

2401119
2441119
2448666
2278886
5573386
5770333
5579999

6804449
6888449
6668211
7222211
7553311
7750333
7559999

2401119
2441119
2443666
2273886
5573386
5770388
5579999

2406669
2446889
2446811
2278811
5573311
5770333
5579999

4401119
4471119
4777755
8822225
6823355
6880333
6669999

1103889
1173389
1177388
2275356
2475556
2440666
2449999

1105559
1175359
1177388
2273386
2473886
2440666
2449999

2206669
2446889
2446811
2478811
5573311
5770333
5579999

8804449
6833449
6883332
6662222
7777111
5750111
5559999

4402239
4442339
5552388
5752386
7777886
1110666
1119999

8803339
6833449
6884442
6662222
7777111
5750111
5559999

3306669
4333869
4488862
4482222
7777111
5750111
5559999

4405559
4475359
4773322
8873112
6873112
6880112
6669999

2201119
2441119
2443666
2473886
5573386
5770388
5579999

2201119
2441119
2448666
2478886
5573386
5770333
5579999

2201119
2331119
2733388
2744486
7744886
5750666
5559999

5507889
5777789
5533388
4332222
4462111
4460111
6669999

5504449
5333449
5573388
2777786
2222886
1110666
1119999

5506669
5777769
5573368
2333888
2222844
1110444
1119999

5507889
5777789
5533388
2334446
2222446
1110666
1119999

1106669
1188369
1183367
2883557
2443577
2440557
2249999

1104889
1144689
1144688
2366655
2377775
2330755
2239999

1104889
1164489
1164488
2366655
2377775
2330755
2239999

1105559
1175359
1177322
8873342
6873442
6880442
6669999

5506669
5886119
5586117
2288117
2433377
2440337
2449999

1103339
1133479
1184477
8884476
8222276
5250666
5559999

1105559
1175359
1177332
8874432
6874432
6880422
6669999

1103339
1133559
1144452
8844552
6877772
6880722
6669999

1103339
1133869
1188862
4486662
4477772
5450722
5559999

1106669
1188369
1183362
7883442
7553442
7750422
7559999

2505449
2555449
2333488
2273386
1177886
1170666
1179999

1103449
1133449
1135452
8835552
6877772
6880722
6669999

1103889
1133869
1138862
4436662
4477772
5450722
5559999

8803339
6833449
6882444
6662222
7777111
5750111
5559999

2603339
2633889
2666844
2278844
1177545
1170555
1179999

7505239
7555239
7788233
7118223
6118844
6110444
6669999

3305579
8333579
8885577
2284476
2114446
2110666
2119999

3304449
8333449
8886667
2286557
2116577
2110557
2119999

3304449
8333449
8887777
2285756
2115556
2110666
2119999

4403889
4443389
7777388
2275356
2115556
2110666
2119999

4403119
4433119
4738112
7738882
6755582
6750522
6669999

5503379
5333879
5588877
2284476
2114446
2110666
2119999

6505889
6555839
6668833
2277773
2117443
2110444
2119999

4402119
4442119
6662117
6322557
6388577
3380557
3889999

4405559
4445359
7777388
2273386
2113886
2110666
2119999

6804449
6888449
6668755
2277775
2113355
2110333
2119999

5507889
5777789
5511488
2311446
2311446
2330666
2239999

