5507889
5777789
5566688
2222611
3332611
4433011
4449999

6505889
6555789
6667788
2222711
3332711
4433011
4449999

6505889
6555789
6667788
2222711
4442711
4433011
3339999

5507889
5777789
5566688
2222611
4442611
4433011
3339999

4406669
4448869
3111862
3111882
3377772
5357022
5559999

5507889
5777789
5566688
2364411
2364411
2334011
2239999

6505889
6555789
6667788
2344711
2344711
2334011
2239999

5507889
5777789
5566688
2344611
2344611
2334011
2239999

6505889
6555789
6667788
2443711
2443711
2433011
2239999

5507889
5777789
5566688
2443611
2443611
2433011
2239999

2208839
2558739
2588733
2557743
6111744
6111044
6669999

3306669
7333469
7554462
7754482
7558882
1118022
1119999

4405559
4445759
2687777
2688811
2666811
2233011
3339999

4405579
4445779
6665572
6833372
6888332
1118022
1119999

5507889
5777789
5544488
6664411
6222211
6233011
3339999

4406669
4411169
3411162
3777782
3378882
5358022
5559999

5504449
5333449
5583322
8886662
8777762
1117062
1119999

5504449
5666449
5586322
8886332
8777732
1117032
1119999

3206669
3222269
3311167
8311177
8885557
4485057
4449999

2204889
2344789
2344788
2337711
6535711
6555011
6669999

2207889
2777789
2554488
2544411
6553311
6333011
6669999

2207889
2777789
2555388
2545311
6443311
6443011
6669999

4401119
4441119
2555666
2575886
2777786
2233088
3339999

5502239
5666239
5586233
8886243
8777744
1117044
1119999

4401119
4441119
6662222
6882755
6877775
8833055
3339999

4401119
4471119
3477552
3378852
6378552
6388022
6669999

4401119
4441119
6665552
6885752
6877772
8833022
3339999

4401119
4441119
2222666
5572886
5777786
5533088
3339999

1104889
1144689
1144688
2366655
2377775
2337055
2239999

1104889
1174489
1174488
2377666
2375556
2335056
2239999

1104889
1164489
1164488
2366655
2377775
2337055
2239999

1106669
1144469
1144867
2388877
2385557
2335057
2239999

1105559
1175859
1177888
2376668
2376444
2336044
2239999

1106669
1176559
1176522
4778552
4478882
4433082
3339999

4406669
4476559
4776522
1178552
1178882
1133082
3339999

5506669
5226449
5526447
1128477
1128887
1133087
3339999

5504449
5224479
5527777
1128666
1128886
1133086
3339999

5506669
5224469
5524467
1128477
1128887
1133087
3339999

5507889
5777789
5566688
1162222
1162444
1133044
3339999

1105559
1175359
1177332
8874432
6874432
6884022
6669999

1103339
1133559
1144452
8844552
6877772
6887022
6669999

1103339
1133869
1188862
4486662
4477772
5457022
5559999

6505889
6555879
6668872
1144772
1144472
1133022
3339999

5506669
5886449
5586442
1188742
1177772
1133022
3339999

1103449
1133449
1135452
8835552
6877772
6887022
6669999

1103889
1133869
1138862
4436662
4477772
5457022
5559999

1106669
1155569
1158562
7338882
7733382
7444022
7449999

3304449
8333449
8887552
1187752
1167552
1167022
6669999

1106669
1126449
1126447
5528477
5228887
5533087
3339999

1104449
1124479
1127777
5528666
5228886
5533086
3339999

1106669
1124469
1124467
5528477
5228887
5533087
3339999

2403889
2443389
2446388
2276355
1176665
1177055
1179999

5506669
5886449
5586447
1188477
1122227
1133027
3339999

5507889
5777789
5544488
1144666
1122226
1133026
3339999

5506669
5884469
5584467
1188477
1122227
1133027
3339999

5504449
5884479
5587777
1188666
1122226
1133026
3339999

4405559
4445759
2117777
2118666
2118886
2233086
3339999

2205559
2115759
2117777
2118666
4448886
4433086
3339999

2205559
2115759
2117777
2118666
3338886
4433086
4449999

3306669
8333469
8884467
2284477
2115557
2115057
2119999

4406119
4446119
3666112
3777782
3378882
5358022
5559999

3505119
3555119
3368112
7368882
7766682
7444022
7449999

7505119
7555119
7748112
7448882
6443382
6333022
6669999

7505119
7555119
7768112
7468882
4466682
4433022
3339999

6804449
6888449
6668337
2233377
2115557
2115057
2119999

7505119
7555119
7738112
7338882
6344482
6344022
6669999

7505119
7555119
7768112
7368882
3366682
3444022
3449999

6505119
6555119
6668112
7338882
7733382
7444022
7449999

2203339
2833449
2888447
2118477
6115557
6115057
6669999

2204439
2844439
2888337
2118377
6115557
6115057
6669999

4406669
4471169
3471162
3771182
3378882
5358022
5559999

2203889
2443389
2446388
2476355
1176665
1177055
1179999

