2207889
2777789
2443388
2444333
6111555
6111505
6669999

5507889
5777789
5511188
3311144
6333244
6222204
6669999

2208449
2888449
2835457
2335557
6311177
6311107
6669999

7505449
7555449
7738422
7338882
6311182
6311102
6669999

8804449
3855449
3885111
3355111
6372222
6777702
6669999

3304449
7333449
7722111
7882111
7862555
8862505
6669999

6804449
6888449
6668557
2222577
2333557
1113307
1119999

5501119
5331119
5533327
8822227
6844477
6884407
6669999

5501119
5881119
5584447
3388447
6333277
6222207
6669999

6505889
6555789
6667788
2222744
2333744
1113304
1119999

5507889
5777789
5566688
2222644
2333644
1113304
1119999

5501119
5881119
5587777
3388744
6333244
6222204
6669999

6505449
6555449
6668847
2222877
2333887
1113307
1119999

5501119
5331119
5533387
4448887
6448277
6222207
6669999

1107889
1177689
1137688
2237666
2433555
2443505
2449999

1104449
1138449
1138887
2233687
2553677
2566607
2559999

1103339
1133869
1188867
2286667
2554477
2544407
2559999

1103339
1133559
1144457
2244557
2666877
2688807
2689999

1103449
1133449
1135457
2235557
2666877
2688807
2689999

1103889
1133869
1138867
2236667
2554477
2544407
2559999

1103889
1133689
1137688
2237666
2477555
2447505
2449999

4401119
4431119
8433557
8883577
6283557
6222207
6669999

6505449
6555449
6663347
2333887
2222877
1118807
1119999

1107889
1177689
1137688
2337666
2344555
2344505
2249999

1106669
1155569
1154567
2344887
2344877
2338807
2239999

2203339
2833119
2888117
2558117
6544477
6554407
6669999

3305529
8333529
8885527
1184227
1164477
1164407
6669999

5503329
5333829
5588827
1184227
1164477
1164407
6669999

5506669
5886119
5586117
2388117
2344477
2334407
2239999

6505229
6555429
6664427
1184427
1188877
1133807
3339999

1105559
1175359
1177322
8874332
6874432
6884402
6669999

3304449
8333449
8882557
1182577
1162557
1162207
6669999

2208119
2888119
2833117
2553337
6544477
6554407
6669999

5507889
5777789
5532288
1133244
1163244
1163204
6669999

8807239
6877239
6887233
6667223
1144555
1144505
1149999

2307889
2377689
2337688
2237666
1144555
1144505
1149999

6505119
6555119
6664117
2344887
2344877
2338807
2239999

1106669
1148869
1144867
5544887
5222277
5533207
3339999

1104449
1168449
1168887
5566687
5222277
5533207
3339999

5504449
5882449
5582222
1188666
1177776
1133706
3339999

6505229
6555429
6664427
3334427
1133877
1188807
1189999

3304449
2333449
2222557
1188577
1168557
1168807
6669999

1107229
1177249
1137244
8837244
6833555
6883505
6669999

1103229
1133249
1137244
8837244
6877555
6887505
6669999

1106669
1122369
1123367
4423887
4423877
5458807
5559999

5507889
5777789
5566688
2361144
2361144
2331104
2239999

3505229
3555829
3388827
4381127
4461177
4461107
6669999

2206669
2554469
2544467
2553887
1133877
1138807
1139999

2206669
2554469
2544467
2553337
1133877
1188807
1189999

