2207559
2777759
2111558
2111888
6444833
6443330
6669999

2207559
2777759
2111553
2111883
6444833
6448830
6669999

7505229
7555239
7788233
7448263
4448863
1116660
1119999

6505889
6555839
6668833
2111443
2111443
2777740
2279999

7505629
7555629
7766623
7111223
4111833
4488830
4489999

5507229
5777729
5511123
8811123
6844433
6884430
6669999

5507889
5777789
5511188
3311144
6333244
6222240
6669999

4408879
4448779
5588276
5222276
5533666
1113330
1119999

4406669
4411169
2411163
2222883
7777833
5758830
5559999

4406669
4411169
2411168
2222888
7777833
5753330
5559999

3304449
8333449
8881116
2281116
2557666
2577770
2559999

6505229
6555729
6667723
4488723
4448733
1118830
1119999

5507229
5777729
5566623
4488623
4448633
1118830
1119999

2401119
2441119
2446663
2276883
5576833
5778830
5579999

2603339
2633889
2666844
2278844
5571114
5771110
5579999

2401119
2441119
2446668
2276888
5576833
5773330
5579999

2603339
2633889
2666811
2278811
5574411
5774440
5579999

6505889
6555789
6667788
2222744
2333744
1113340
1119999

5507889
5777789
5566688
2222644
2333644
1113340
1119999

5501119
5881119
5587777
3388744
6333244
6222240
6669999

5507889
5777789
5533388
2336111
2446111
2446660
2249999

2204449
2666449
2688111
2678111
5578833
5773330
5579999

5507889
5777789
5533388
4332222
4461112
4461110
6669999

2206669
2886449
2786444
2788111
7733111
5753330
5559999

7505889
7555839
7728833
7422223
6441113
6441110
6669999

7505889
7555839
7728833
7422223
4461113
4461110
6669999

3804449
3888449
3328666
7322226
7551116
7751110
7559999

2207559
2777759
2666553
2446883
4446833
1118830
1119999

2201119
2881119
2784446
2788446
7733666
5753330
5559999

2206669
2777769
2887565
2844555
8844433
1113330
1119999

2207559
2777759
2666558
2446888
4446833
1113330
1119999

1106669
1155569
1152563
2222883
7777833
4478830
4449999

1106669
1155569
1152568
2222888
7777833
4473330
4449999

2201119
2441119
2446663
2476883
5576833
5778830
5579999

2201119
2551119
2577773
2557883
6444833
6448830
6669999

2201119
2441119
2446668
2476888
5576833
5773330
5579999

2201119
2551119
2577778
2557888
6444833
6443330
6669999

4405559
4445859
6667888
6277778
6222233
1113330
1119999

1104479
1124479
1124773
8825573
6822533
6885530
6669999

7206669
7222269
7788565
7448555
4448833
1113330
1119999

1105559
1175859
1177888
2376668
2376444
2336440
2239999

1105559
1175859
1177888
2376448
2376444
2336660
2239999

2206669
2886119
2786113
2788113
7744433
5754430
5559999

5507889
5777789
5566688
1162222
1164442
1133440
3339999

2204119
2644119
2644113
2666883
7777833
5758830
5559999

2207119
2557119
2577113
2557883
6444833
6448830
6669999

2204119
2644119
2644118
2666888
7777833
5753330
5559999

2207119
2557119
2577118
2557888
6444833
6443330
6669999

1105559
1135759
1133774
6663744
6883744
6822220
8829999

1104479
1134479
1133477
6663575
6883555
6822220
8829999

5507889
5777789
5532288
1133244
1163244
1163240
6669999

5507889
5777789
5566688
1162222
1162444
1133440
3339999

1107559
1167759
1167558
6667888
2222833
2443330
4449999

1107559
1167759
1167553
6667883
2222833
2448830
4449999

2405559
2445859
2447888
2277778
1166633
1163330
1169999

2505119
2555119
2666118
2276888
4776833
4473330
4479999

2505119
2555119
2666113
2276883
4776833
4478830
4479999

6505119
6555119
6662118
2222888
7777833
4473330
4449999

6505119
6555119
6662113
2222883
7777833
4478830
4449999

2206669
2114469
2114463
2114883
7777833
5758830
5559999

2207559
2117759
2117553
2117883
6444833
6448830
6669999

1102249
1162449
1162443
6662883
7777833
5758830
5559999

1102249
1162449
1162448
6662888
7777833
5753330
5559999

2206669
2114469
2114468
2114888
7777833
5753330
5559999

2207559
2117759
2117558
2117888
6444833
6443330
6669999

3304449
8333449
8887666
2287556
2117756
2117550
2119999

3304449
8333449
8887777
2286575
2116555
2116660
2119999

8807449
6877449
6887455
6667335
1133355
1122220
1129999

6505889
6555839
6668833
2277773
2117443
2114440
2119999

7505229
7555249
7788244
7118244
6118833
6113330
6669999

6505889
6555839
6668833
7777443
1174443
1122220
1129999

5506669
5444769
5544763
2288773
2118733
2118830
2119999

7505629
7555629
7766623
7444223
1144833
1188830
1189999

4406119
4446119
2666118
2222888
7777833
5753330
5559999

4406119
4446119
2666113
2222883
7777833
5758830
5559999

5507889
5777789
5566688
2361144
2361144
2331140
2239999

7505229
7555829
7788823
7481123
4461133
4461130
6669999

7505229
7555829
7788823
7481123
6441133
6441130
6669999

5504479
5224479
5524773
8821173
6821133
6881130
6669999

2205559
2445859
2447888
2477778
1166633
1163330
1169999

