6505889
6555789
6667788
2222711
4442711
4433311
0339999

5507889
5777789
5566688
2222611
4442611
4433311
0339999

6804449
6888449
6668557
3111577
3111557
3322227
0329999

6505449
6555449
6668847
3111877
3111887
3322227
0329999

6505889
6555789
6667788
3111744
3111744
3322224
0329999

5507889
5777789
5566688
3111644
3111644
3322224
0329999

4405559
4445759
2687777
2688811
2666811
2233311
0339999

5507889
5777789
5544488
6664411
6222211
6233311
0339999

4406669
4411169
7411162
7735552
7335852
7388822
0389999

6505889
6555789
6667788
2222711
2333711
4443311
0449999

5507889
5777789
5566688
2222611
2333611
4443311
0449999

4401119
4441119
2255588
2753586
2773886
2733666
0739999

4401119
4441119
2233355
2666335
2688755
2687777
0889999

4401119
4441119
2555666
2575886
2777786
2233388
0339999

4401119
4441119
6662222
6882755
6877775
8833355
0339999

2205559
2885759
2387777
2388666
3341116
3441116
0449999

4405559
4445859
2288811
2783611
2773611
2733666
0739999

7301119
7331119
7736662
7435562
4488562
4485522
0889999

4401119
4471119
4777782
6668882
6558332
6533322
0559999

4401119
4441119
6665552
6885752
6877772
8833322
0339999

4401119
4471119
4777732
6668832
6558332
6588322
0559999

4401119
4441119
2222666
5572886
5777786
5533388
0339999

1104439
1144439
1188337
6668377
6558827
6522227
0559999

1103339
1133449
1188447
6668477
6558827
6522227
0559999

4403889
4433689
7432688
7732666
7552111
7522111
0559999

1106669
1176559
1176522
4778552
4478882
4433382
0339999

1104449
1188449
1186557
3886577
3666557
3322227
0329999

4406669
4476559
4776522
1178552
1178882
1133382
0339999

4405559
4445759
3337722
1133762
1188762
1186662
0889999

5506669
5226449
5526447
1128477
1128887
1133387
0339999

5504449
5224479
5527777
1128666
1128886
1133386
0339999

5506669
5224469
5524467
1128477
1128887
1133387
0339999

5507889
5777789
5566688
1162222
1162444
1133344
0339999

6505889
6555879
6668872
1144772
1144472
1133322
0339999

5506669
5886449
5586442
1188742
1177772
1133322
0339999

1106669
1126449
1126447
5528477
5228887
5533387
0339999

1104449
1124479
1127777
5528666
5228886
5533386
0339999

1106669
1124469
1124467
5528477
5228887
5533387
0339999

6505889
6555839
6668833
1124443
1124473
1127777
0229999

6505889
6555389
6663388
1123444
1123744
1127777
0229999

5507889
5777789
5544488
1144666
1122226
1133326
0339999

5504449
5884479
5587777
1188666
1122226
1133326
0339999

5506669
5884469
5584467
1188477
1122227
1133327
0339999

5506669
5886449
5586447
1188477
1122227
1133327
0339999

4405559
4445759
2117777
2118666
2118886
2233386
0339999

2205559
2115759
2117777
2118666
4448886
4433386
0339999

7505119
7555119
7768112
7468882
4466682
4433322
0339999

4406119
4446119
7666112
7735552
7335852
7388822
0389999

5507889
5777789
5544488
6664433
6113332
6112222
0119999

