3806669
3888769
3308764
5357744
5552744
1112222
1119999

5507889
5777789
5504488
3344411
6333211
6222211
6669999

2208449
2888449
2803347
2333557
6111577
6111557
6669999

5507889
5777789
5502688
2222611
4466611
4433311
4339999

2207889
2777789
2505688
2555611
4466611
4433311
4339999

2207889
2557789
2507688
2557611
4466611
4433311
4339999

5507889
5777789
5504488
3334411
6233411
6222211
6669999

7505889
7555489
7704488
7334411
6233311
6222211
6669999

5507889
5777789
5503388
2333611
2222611
4466611
4449999

5507889
5777789
5503388
2333666
2441116
2441116
2249999

5507889
5777789
5503388
4333111
4462111
4462222
6669999

3206669
3222269
3307565
8377555
8887111
4487111
4449999

1104449
1155449
1105666
7255886
7222286
7733388
7339999

4405559
4445859
2607888
2677778
2666111
2233111
3339999

7505239
7555239
7708233
7888223
6844111
6444111
6669999

4407239
4477239
8407233
8887223
6585111
6555111
6669999

3505889
3555689
3307688
2377666
2447111
2447111
2249999

5507889
5777789
5503388
2666333
2644111
2644111
2249999

5507889
5777789
5503388
2666333
2446111
2446111
2249999

5507889
5777789
5503388
2333666
2222446
1114446
1119999

1107889
1177289
1107288
6667255
6333225
6443355
4449999

5507889
5777789
5504488
1144426
1122226
1133666
3339999

4403339
4433119
8406112
8886112
5586662
5777722
5579999

5507889
5777789
5504488
1144433
1163332
1162222
6669999

2207119
2377119
2307118
2337888
6535844
6555444
6669999

5507889
5777789
5503388
2222333
6662111
6444111
6449999

5507889
5777789
5503388
2222333
6442111
6444111
6669999

5502279
5666279
5506277
3336274
1133844
1188844
1189999

5502279
5666279
5506277
1186274
1188844
1133844
3339999

2206669
2777769
2807565
2888555
4448111
4433111
3339999

2206669
2777769
2807565
2888555
3338111
4433111
4449999

5507889
5777789
5504488
1124446
1122226
1133666
3339999

7505889
7555489
7704488
7114433
6113332
6112222
6669999

7505889
7555389
7703388
7113444
6113442
6112222
6669999

7505889
7555839
7708833
7226663
1126443
1126444
1129999

7505889
7555389
7703388
7223666
1123446
1124446
1129999

7505889
7555849
7708844
7113344
6112333
6112222
6669999

7505889
7555839
7708833
7114443
6112443
6112222
6669999

3505119
3555119
3307116
8377776
8882666
4482222
4449999

