5506669
5444369
5544362
7111332
7111832
7788822
7089999

2401119
2441119
2447777
2233786
3338886
5558666
5059999

5506669
5886449
5586444
7388111
7332111
7732222
7039999

5501119
5331119
5533322
7446662
7444862
7788862
7089999

5504449
5882449
5582222
7388666
7331116
7731116
7039999

5501119
5331119
5533388
7222286
7244886
7744666
7049999

5501119
5881119
5586662
7388462
7334462
7734422
7039999

6505239
6555239
6668233
7888223
7844111
7744111
7049999

1104889
1144389
1144388
2222336
2777736
5557666
5059999

2201119
2441119
2447777
2433786
3338886
5558666
5059999

5501119
5881119
5584446
7388446
7332666
7732222
7039999

4405559
4445859
2222888
2376668
3376111
3776111
3079999

4403889
4443689
1133688
1137666
1177772
5552222
5059999

5506669
5886119
5586112
7388112
7334442
7734422
7039999

2205559
2445859
2444888
2376668
3376111
3776111
3079999

1106669
1144369
1144362
7545332
7555832
7788822
7089999

1103339
1133229
1186244
8886244
8666274
5557777
5059999

2204449
2114439
2115533
2115883
6665583
6777788
6079999

