6505889
6555789
6667788
2222711
4332711
4433311
4409999

5507889
5777789
5566688
2222611
4332611
4433311
4409999

5507889
5777789
5544488
6664411
6222211
6333211
3309999

2204449
2111449
2111666
2333886
5573386
5777788
5509999

2203349
2333449
2111447
2111557
6668577
6888557
6809999

5504449
5333449
5573388
2777786
2111886
2111666
2209999

5506669
5777769
5573368
2333888
2111844
2111444
2209999

5507889
5777789
5533388
2334446
2111446
2111666
2209999

7505889
7555489
7764488
7364411
3366611
3222211
3209999

4407889
4447789
5557688
5357611
3366611
3222211
3209999

3505889
3555489
3364488
7364411
7766611
7222211
7209999

5507889
5777789
5533488
3334411
6664411
6222211
6209999

6505889
6555489
6664488
7334411
7733311
7222211
7209999

2207889
2777789
2611188
2611155
4666335
4433355
4409999

6505889
6555789
6667788
2222711
2333711
4443311
4409999

5507889
5777789
5566688
2222611
2333611
4443311
4409999

5507889
5777789
5511188
2611144
2633344
2666334
2209999

5507889
5777789
5511188
4411126
4422226
4333666
3309999

8806669
7855369
7885362
7755332
7411132
4411122
4409999

5507889
5777789
5533388
2666334
2611144
2611144
2209999

5507889
5777789
5533388
2331116
2441116
2444666
2209999

2405559
2445759
2447777
2281116
8881116
8333666
3309999

5501119
5331119
5533388
2777786
2447886
2444666
2209999

5501119
5331119
5533344
2666844
2688874
2687777
2209999

5501119
5881119
5584447
2688447
2633377
2666337
2209999

5501119
5881119
5587777
2688744
2633344
2666334
2209999

4401119
4431119
4733666
2773886
2753586
2755588
2209999

8804449
6833449
6883332
6661112
5571112
5777722
5509999

8803339
6833449
6884442
6661112
5571112
5777722
5509999

3306669
4333869
4488862
4481112
5571112
5777722
5509999

2604439
2644439
2666337
2288377
5581117
5881117
5509999

2401119
2441119
2447777
2285756
8885556
8333666
3309999

2401119
2441119
2446667
2286557
8886577
8333557
3309999

2603339
2633449
2666447
2288477
5581117
5881117
5509999

4405559
4435759
4337777
2388666
2381116
2881116
2209999

2205559
2445759
2447777
2481116
8881116
8333666
3309999

2401119
2441119
2443337
2233557
6668577
6888557
6809999

5501119
5881119
5587777
4488726
4422226
4333666
3309999

4401119
4481119
4788822
7777862
5533362
5336662
5509999

5501119
5331119
5533322
6664442
6887442
6877772
8809999

5501119
5331119
5533322
7777862
4788862
4486662
4409999

3206669
3222269
3344565
7344555
7748111
7888111
7809999

7206669
7222269
7744565
7344555
3348111
3888111
3809999

2205559
2885759
2387777
2388666
4331116
4431116
4409999

2307889
2377689
2337688
2237666
5544111
5444111
5509999

2307449
2377449
2337545
2237555
6668111
6888111
6809999

4401119
4441119
2222666
2333886
5573386
5777788
5509999

4406239
4446239
7666233
7755223
7885111
7855111
8809999

7505239
7555239
7744233
7444223
6668111
6888111
6809999

8807239
6877239
6887233
6667223
5544111
5444111
5509999

4407239
4477239
5457233
5557223
6668111
6888111
6809999

4405559
4445859
7777888
2673338
2633111
2666111
2209999

5507889
5777789
5543388
2446333
2446111
2666111
2209999

5507889
5777789
5543388
2644333
2644111
2666111
2209999

7505449
7555449
7766642
7362222
3368111
3888111
3809999

7505449
7555449
7733342
7332222
6668111
6888111
6809999

3505449
3555449
3366642
7362222
7768111
7888111
7809999

2201119
2681119
2688844
2666844
5573334
5777733
5509999

5504449
5333449
5573322
7777112
6668112
6888112
6809999

2201119
2441119
2443337
2433557
6668577
6888557
6809999

2201119
2731119
2733666
2773886
4753586
4455588
4409999

2201119
2881119
2687777
2688755
4666335
4433355
4409999

1104889
1164489
1164488
6667777
5533372
5332222
5509999

2201119
2681119
2688844
2666844
5533374
5337777
5509999

2201119
2441119
2447777
2485756
8885556
8333666
3309999

2201119
2441119
2446667
2486557
8886577
8333557
3309999

2201119
2441119
2444666
2333886
5573386
5777788
5509999

5507889
5777789
5566688
4462222
4462111
4333111
3309999

1106669
1188369
1183367
2883557
2443577
2444557
2209999

4407889
4477689
5457688
5557666
2222111
2333111
3309999

8807449
6877449
6887545
6667555
2222111
2333111
3309999

7505889
7555689
7744688
7444666
2222111
2333111
3309999

1103339
1133449
1155447
2658847
2655877
2666887
2209999

1103889
1143389
1144388
2644355
2677775
2666755
2209999

1103449
1133449
1138847
2638557
2688577
2666557
2209999

1103889
1133489
1134488
2634455
2677775
2666755
2209999

2603339
2633119
2666117
2288117
5584477
5884447
5509999

5506669
5886119
5586112
4488112
4477772
4333722
3309999

5507889
5777789
5544488
6664433
1163332
1162222
1109999

1107559
1167759
1167558
6667888
2222844
2333444
3309999

1104889
1164489
1164488
6667777
2222575
2333555
3309999

1105559
1165759
1167777
6668844
2222844
2333884
3309999

1104449
1164489
1168887
6668557
2222577
2333557
3309999

2207889
2777789
2443388
2446333
5546111
5666111
5509999

4403119
4443119
8833117
2836557
2886577
2666557
2209999

3505119
3555119
3388117
2386477
2886447
2666447
2209999

2505379
2555379
2883377
2283674
1188644
1166644
1109999

1104889
1164489
1164488
6662222
5533372
5337777
5509999

1104889
1164489
1164488
6662222
5573332
5777733
5509999

2505889
2555879
2338877
2233376
1144476
1144666
1109999

2505119
2555119
2666117
2286477
8886447
8333447
3309999

4405559
4445359
8666322
8886332
1186732
1177772
1109999

5504449
5333449
5573322
7777862
1188862
1186662
1109999

6505449
6555449
6668422
3338882
1133782
1177772
1109999

2206669
2116889
2116844
2118844
5533374
5337777
5509999

2206669
2116889
2116844
2118844
5573334
5777733
5509999

2205559
2115759
2117777
2118666
4338886
4433386
4409999

6505889
6555839
6668833
2114443
2114473
2117777
2209999

6505889
6555389
6663388
2113444
2113744
2117777
2209999

7505889
7555689
7711688
7311666
3311444
3222244
3209999

3505889
3555689
3311688
7311666
7711444
7222244
7209999

2207889
2557389
2577388
2557336
1144436
1144666
1109999

2208639
2888639
2866633
2777743
1157544
1155544
1109999

2203349
2333449
2666447
2886557
1186577
1188557
1109999

2204449
2555449
2575333
2773386
1178886
1178666
1109999

2204449
2555449
2575388
2773386
1173886
1173666
1109999

2206669
2444369
2443367
2883557
1183577
1188557
1109999

