4405559
4445359
1110322
1118332
6888732
6877772
6669999

6505889
6555289
6660288
7777211
4472211
4433311
4339999

6505889
6555289
6660288
7444211
7442211
7733311
7339999

4403889
4443389
1110388
1117355
6277775
6222255
6669999

7505889
7555389
7740388
7443311
6443211
6222211
6669999

3304449
8333449
8880666
2585611
2555611
2777711
2279999

5501119
5881119
5580666
2288336
2433376
2447777
2449999

7305559
7335859
7730888
7431118
4461112
4462222
6669999

7305559
7335859
7730888
7431118
6441112
6442222
6669999

8803339
6833449
6880444
6662555
2222575
1117777
1119999

5501119
5881119
5580444
2388446
2377776
2337666
2239999

5501119
5881119
5580644
2388644
2366674
2337777
2239999

2401119
2441119
2440388
2273386
5573886
5773666
5579999

2401119
2441119
2440333
2273386
5578886
5778666
5579999

6505449
6555449
6660847
2388877
2381117
2331117
2239999

6505889
6555789
6660788
2222774
2333744
1113344
1119999

1105559
1165859
1160888
7266648
7222244
7733344
7339999

1104449
1155449
1150666
7255886
7222286
7733388
7339999

3206669
3222269
3350567
8355577
8881117
4481117
4449999

5506669
5222269
5580267
8883377
8333447
1114447
1119999

5506669
5222269
5580264
8883344
8333744
1117777
1119999

8803339
6833449
6880444
6667777
2222575
1112555
1119999

4401119
4441119
8850562
7855562
7886662
7733322
7339999

4405559
4475859
4770888
2376668
2376111
2336111
2239999

4405559
4435859
4330888
2376668
2376111
2776111
2279999

2201119
2881119
2780666
2788644
7733644
5753334
5559999

2201119
2441119
2440388
2473386
5573886
5773666
5579999

1103889
1133689
1130688
4437666
4477772
5452222
5559999

1103449
1133449
1130545
8837555
6877772
6882222
6669999

2201119
2441119
2440333
2473386
5578886
5778666
5579999

1103889
1133689
1130688
2535666
2555444
2777744
2279999

4405559
4435859
4330888
7326668
7326111
7726111
7229999

5503229
5883329
5580327
1188327
1164477
1164447
6669999

1105559
1175359
1170322
8877332
6874432
6884442
6669999

5507889
5777789
5530288
1133244
1163244
1163224
6669999

2208119
2888119
2830117
2433557
4463577
4463557
6669999

2208119
2888119
2830117
2433557
6443577
6443557
6669999

2208119
2888119
2830117
2334557
6344577
6344557
6669999

1105559
1165859
1160888
6663338
2222733
2447777
4449999

1105559
1175359
1170332
8877432
6874432
6884422
6669999

1106669
1188369
1180362
7884332
7554432
7754422
7559999

2206669
2777769
2870565
2888555
4448111
4433111
3339999

2206669
2777769
2870565
2888555
3338111
4433111
4449999

6505279
6555279
6660277
1182274
1188844
1133844
3339999

2403889
2443389
2440388
2275356
1175556
1177666
1179999

2405559
2445359
2440388
2273386
1173886
1177666
1179999

2205559
2115859
2110888
2113338
6444733
6447777
6669999

3304449
8333449
8880557
2286577
2116557
2116667
2119999

3304449
8333449
8880666
2285556
2115756
2117777
2119999

6505449
6555449
6660347
2288377
2118337
2118837
2119999

5507889
5777789
5530488
2233446
2113446
2113666
2119999

6505889
6555789
6660788
3337744
1133744
1122224
1129999

5504449
5884479
5580377
2288376
2113376
2113666
2119999

6505279
6555279
6660277
3332274
1133844
1188844
1189999

2203889
2443389
2440388
2475356
1175556
1177666
1179999

2205559
2445359
2440388
2473386
1173886
1177666
1179999

4405559
4475359
4770332
8871132
6871132
6881122
6669999

