5507889
5777789
5544088
3344411
6333211
6222211
6669999

5507889
5777789
5533088
3332222
6111442
6111444
6669999

5506669
5777769
5587062
8884442
8333442
1113322
1119999

5507889
5777789
5533088
3332611
2222611
4466611
4449999

5506669
5777769
5587062
8882222
8333444
1113344
1119999

7505449
7555449
7738042
7338882
6311182
6311122
6669999

2207889
2777789
2443088
2443311
6545311
6555311
6669999

2207889
2777789
2333088
2553311
6544411
6554411
6669999

5507889
5777789
5533088
3334411
6244411
6222211
6669999

5507889
5777789
5533088
3332666
2222446
1114446
1119999

5506669
5777769
5587062
8881112
8331112
4433322
4449999

4406669
4443369
8333062
8881112
5581112
5777722
5579999

5507889
5777789
5544088
2344666
2341116
2331116
2239999

4401119
4441119
8333062
8883362
5586662
5777722
5579999

5507889
5777789
5533088
3334446
2222446
1112666
1119999

4401119
4441119
6665052
6885552
6877772
8833722
3339999

5507889
5777789
5533088
3332222
6442111
6444111
6669999

5507889
5777789
5533088
3332222
6662111
6444111
6449999

5507889
5777789
5544088
1144426
1122226
1133666
3339999

5507889
5777789
5544088
1144433
1163332
1162222
6669999

3304449
8333449
8887022
1187552
1167752
1167552
6669999

5504449
5227449
5527088
1127786
1127886
1133666
3339999

5507889
5227789
5527088
1127666
1124446
1133446
3339999

5507889
5227789
5527088
1127446
1124446
1133666
3339999

1107889
1127789
1127088
5527446
5224446
5533666
3339999

1107889
1127789
1127088
5527666
5224446
5533446
3339999

1104449
1127449
1127088
5527786
5227886
5533666
3339999

5507889
5777789
5562088
1162222
1166644
1133444
3339999

5506669
5777769
5537068
2233888
2113844
2113444
2119999

2207889
2777789
2333088
2113355
6114445
6114455
6669999

2203339
2833559
2888057
2118557
6114477
6114447
6669999

5507889
5777789
5511088
2311666
2311446
2334446
2239999

