7505449
7555449
7738402
7338882
6311182
6311122
6669999

4405559
4445259
6668207
6888277
6833227
1113337
1119999

3304449
7333449
7722505
7882555
7862111
8862111
6669999

5501119
5331119
5533307
6664447
6884477
6822227
8829999

5501119
5331119
5533307
6664477
6884447
6822227
8829999

5501119
5331119
5533307
8822227
6824477
6884447
6669999

2201119
2331119
2833307
2888557
6668577
6444557
6449999

2201119
2331119
2733308
2755888
6775844
6755444
6669999

2201119
2331119
2833307
2888557
6448577
6444557
6669999

1105559
1145259
1144207
8844277
6833227
6883337
6669999

3304449
8333449
8882207
1182557
1162577
1162557
6669999

5506669
5226889
5526807
1128877
1124447
1133447
3339999

1105559
1175359
1177302
8874332
6874432
6884422
6669999

1106669
1126889
1126807
5528877
5224447
5533447
3339999

1103339
1133229
1144207
8844277
6845257
6885557
6669999

2203339
2833559
2888507
2118557
6114477
6114447
6669999

