6505329
6555329
6663320
1113822
1117888
4477778
4449999

4405559
4445759
1117730
1118733
6888723
6822223
6669999

8806669
7855269
7885260
7755211
7332211
4433311
4449999

4406669
4446889
1116830
1118833
5522223
5777723
5579999

5506669
5777769
5587260
8883211
8433211
4432211
4439999

4403339
4433889
4111680
7111688
7552666
7752222
7559999

2208449
2888449
2833340
2337777
6111575
6111555
6669999

4406669
4433369
4338860
2111855
2111885
2777755
2279999

6505889
6555839
6668830
2111334
2111344
2777744
2279999

5506669
5886239
5586230
4488233
4442273
1117777
1119999

4406669
4448869
2558760
2588711
2557711
2233711
3339999

4406669
4432269
8433260
8883211
5583211
5777711
5579999

4406669
4411169
8411160
8882222
5583332
5777733
5579999

3306669
7333869
7788860
7585444
7555442
1112222
1119999

5503379
5333779
5511170
2211174
2666844
2688844
2689999

5504449
5334479
5533370
8811177
6811172
6882222
6669999

5506669
5777769
5574460
2234411
2334811
2388811
2389999

4401119
4421119
3422220
3777786
3378886
5358666
5559999

3305529
7333529
7745520
7446822
7446888
1116668
1119999

6505889
6555839
6668830
2211133
2411173
2447777
2449999

4405559
4435759
8433770
8883711
6283711
6222211
6669999

5506669
5886449
5586440
7288411
7222211
7733311
7339999

5506669
5884469
5584460
7288411
7222211
7733311
7339999

7206669
7222269
7733360
7335511
4488511
4485511
4889999

8804449
6833449
6883330
6662555
2222575
1117777
1119999

8803339
6833449
6884440
6662555
2222575
1117777
1119999

3306669
4333869
4488860
4482555
2222575
1117777
1119999

5501119
5881119
5584440
2388446
2377776
2337666
2239999

5507229
5777729
5538820
4433826
4443886
1113666
1119999

6804449
6888449
6668230
7222233
7551113
7751113
7559999

2406669
2446889
2446830
2278833
5571113
5771113
5579999

2401119
2441119
2443330
2276833
5576888
5776668
5579999

2401119
2441119
2448830
2276833
5576883
5776663
5579999

5506669
5777769
5573360
8333111
8882111
4482222
4449999

5503379
5333779
5586270
8886274
8666244
1112244
1119999

2207559
2777759
2883550
2833666
8831116
4431116
4449999

2206669
2446889
2446830
2478833
5571113
5771113
5579999

2406669
2446889
2446380
2273388
5573111
5773111
5579999

4405559
4445859
2688870
2687777
2666111
2233111
3339999

8803339
6833479
6884470
6664477
2222575
1112555
1119999

8803339
6833449
6884440
6667777
2222575
1112555
1119999

8804449
6833449
6883330
6667777
2222575
1112555
1119999

3306669
4333869
4488860
4487777
2222575
1112555
1119999

1105529
1188529
1185520
4887226
4477776
4433666
3339999

2201119
2441119
2443330
2476833
5576888
5776668
5579999

2207559
2777759
2333550
2443386
4448886
1118666
1119999

2201119
2441119
2448830
2476833
5576883
5776663
5579999

2201119
2681119
2688830
2666833
7777443
5754443
5559999

1106669
1188369
1183360
7883444
7553442
7752222
7559999

1104449
1155449
1153330
8855733
6877772
6882222
6669999

1106669
1188469
1184460
7884433
7553332
7752222
7559999

1106669
1155569
1157560
8777733
8883332
4482222
4449999

2201119
2331119
2733380
2778884
6758544
6755544
6669999

1104429
1144429
1133320
7336822
7556888
7756668
7559999

5506669
5777769
5573360
2333884
2222844
1118844
1119999

1106669
1188369
1183360
2883555
2443575
2447777
2249999

1106669
1155569
1158560
2888334
2833344
2777744
2279999

5507229
5777729
5548820
1144826
1144886
1133666
3339999

5504229
5884429
5584420
1188726
1177776
1133666
3339999

4403339
4433889
4222280
7777288
6575111
6555111
6669999

4403339
4433889
4222280
7666288
7556111
7756111
7559999

5506669
5886119
5586110
7288114
7222244
7733344
7339999

2204119
2344119
2344110
2338666
5538886
5777786
5579999

1105559
1135759
1133770
6663744
6883744
6822224
8829999

2206669
2446889
2446380
2473388
5573111
5773111
5579999

4402119
4442119
6662110
6882255
6877775
8833755
3339999

4402119
4472119
3472110
3772286
3378886
5358666
5559999

6505119
6555119
6668110
2888334
2833344
2777744
2279999

2505119
2555119
2333110
2273386
4778886
4478666
4479999

6505119
6555119
6667110
8777733
8883332
4482222
4449999

1104229
1144279
1144270
6663277
6883575
6833555
8839999

1104229
1144279
1144270
6668277
6888575
6833555
3339999

2206669
2116889
2116830
2118833
7777443
5754443
5559999

3304449
8333449
8886660
2286555
2116575
2117777
2119999

3304449
8333449
8887550
2287756
2117556
2117666
2119999

5506669
5777769
5573360
2288333
2118444
2118844
2119999

1103339
1133889
1144680
7444688
7552666
7752222
7559999

6505889
6555839
6668830
2244433
2114473
2117777
2119999

5503379
5333779
5566670
2288674
2118644
2118844
2119999

5506669
5777769
5537860
2233888
2113448
2113444
2119999

4402119
4442119
6662110
6322555
6388575
3387777
3889999

4406119
4446119
8666110
8882222
5583332
5777733
5579999

5503379
5333779
5511270
8811274
6811244
6882244
6669999

4406229
4446279
8666270
8883277
1183575
1133555
1139999

4401129
4471129
3471120
3776822
3376888
5356668
5559999

5504449
5224439
5521130
8821133
6821173
6887777
6669999

