5507889
5777789
5532288
0433211
4463211
4463211
6669999

5507889
5777789
5532288
0433211
6443211
6443211
6669999

5507889
5777789
5532288
0334211
6344211
6344211
6669999

3304449
8333449
8887777
0585711
6555211
6222211
6669999

4403889
4443389
7777388
0575311
6555211
6222211
6669999

5507889
5777789
5533388
0332222
6111442
6111444
6669999

5507889
5777789
5533388
0111334
6111244
6222244
6669999

3304449
8333449
8886662
0785562
7777562
1115522
1119999

6505889
6555839
6668837
0111337
4111377
4422227
4429999

3505889
3555879
3368872
0364772
6664472
1114422
1119999

6505889
6555879
6668872
0333772
3344472
1114422
1119999

5507889
5777789
5533388
0332611
2222611
4466611
4449999

5504449
5333449
5583322
0788862
7777862
1116662
1119999

5504449
5883449
5583322
0788362
7777362
1116662
1119999

5507889
5777789
5511188
0411133
4463332
4462222
6669999

5507889
5777789
5511188
0411133
6443332
6442222
6669999

5507889
5777789
5511188
0311126
3322226
3444666
3449999

5507889
5777789
5511188
0411126
4422226
4433666
3339999

4403889
4443689
5533688
0537666
5577772
1112222
1119999

6505889
6555849
6668844
0333744
3377772
1112222
1119999

6505889
6555849
6668844
0733344
7777332
1112222
1119999

6505889
6555879
6668872
0333772
3311172
4411122
4449999

4406669
4455269
4885267
0855277
8833227
1113337
1119999

3505889
3555789
3362788
0362774
6662744
1112244
1119999

5507889
5777789
5533388
0334411
6244411
6222211
6669999

3505889
3555789
3347788
0344711
6244711
6222211
6669999

5507889
5777789
5544488
0334411
6233311
6222211
6669999

5507889
5777789
5533388
0332666
2222446
1114446
1119999

5501119
5881119
5587777
0488733
4463332
4462222
6669999

5501119
5881119
5587777
0488733
6443332
6442222
6669999

4403339
4433889
4255811
0258811
6255711
6227777
6669999

4405559
4435759
4337777
0388111
6382111
6882222
6669999

5501119
5881119
5587777
0388726
3322226
3444666
3449999

5501119
5881119
5587777
0488726
4422226
4433666
3339999

3505889
3555689
3322688
0372666
4772111
4472111
4479999

5504449
5333449
5573388
0777786
2222886
1112666
1119999

5507889
5777789
5533388
0334446
2222446
1112666
1119999

5506669
5777769
5573368
0333888
2222844
1112444
1119999

4401119
4441119
7777832
0788832
6585332
6555322
6669999

4401119
4481119
4788832
0755832
6775332
6755322
6669999

4405559
4435759
4337711
0388711
6382711
6882222
6669999

4401119
4441119
2222666
0332886
5533386
5777788
5579999

5507889
5777789
5533388
0332222
6442111
6444111
6669999

4401119
4431119
4337777
0388575
6382555
6882222
6669999

5507889
5777789
5533388
0332222
6662111
6444111
6449999

5507889
5777789
5566688
0462222
4462111
4433111
3339999

5507889
5777789
5566688
0362222
3362111
3444111
3449999

1107889
1177289
1137288
0337255
6344225
6344455
6669999

1105579
1188579
1185577
0883374
6333244
6222244
6669999

1106669
1176559
1176522
0778552
4478882
4433382
4339999

5506669
5886119
5586112
0488112
4477772
4433722
3339999

5506669
5886119
5586112
0788112
7777332
4433322
4449999

5506669
5886119
5586112
0388112
3377772
3444722
3449999

1106669
1155569
1158567
0888337
4833377
4422227
4429999

3505119
3555119
3388112
0382222
6887444
6777744
6669999

5507889
5777789
5544488
0114433
6113332
6112222
6669999

6505889
6555839
6668833
0224443
1124473
1127777
1129999

6505119
6555119
6668117
0888337
4833377
4422227
4429999

6505889
6555389
6663388
0223444
1123744
1127777
1129999

3505119
3555119
3388112
0384442
6887442
6777722
6669999

1104449
1174439
1175533
0775883
6275583
6222288
6669999

6505889
6555839
6668837
0444337
1144377
1122227
1129999

3505889
3555789
3311788
0311774
6211744
6222244
6669999

3206669
3222269
3388565
0378555
1178844
1177444
1179999

4401179
4431179
4331177
0388575
6382555
6882222
6669999

5507889
5777789
5531188
0331144
6321144
6322224
6669999

