7505889
7555839
7768833
7064443
6662443
1112222
1119999

2204449
2111449
2111388
2073386
5573886
5773666
5579999

2204449
2111449
2111333
2073386
5578886
5778666
5579999

7505889
7555849
7768844
7063344
6662333
1112222
1119999

5507889
5777789
5532288
4033211
4463211
4463211
6669999

7804449
7888449
7758532
7055532
6111332
6111322
6669999

3304449
8333449
8882666
7082611
7552611
7752211
7559999

5506669
5886449
5586444
7088211
7222211
7733311
7339999

7505889
7555839
7728833
7022223
6111443
6111444
6669999

5507889
5777789
5511188
4011133
4463332
4462222
6669999

5507889
5777789
5511188
4011126
4422226
4433666
3339999

4403889
4443689
5533688
5037666
5577772
1112222
1119999

2208639
2888639
2866633
2011143
5511144
5777744
5579999

7505889
7555489
7764488
7064433
6663332
1112222
1119999

5503379
5333779
5511176
8011176
8882666
4482222
4449999

7505889
7555389
7763388
7063444
6663442
1112222
1119999

8804449
2855449
2885666
2055336
2233376
1117777
1119999

3304449
8333449
8881116
7081116
7552666
7752222
7559999

4401119
4421119
3428666
3028886
3322786
5357777
5559999

3304449
2333449
2222666
7088611
7558611
7758811
7559999

7505639
7555639
7766633
7081113
8881112
8442222
4449999

3304449
8333449
8886111
7086111
7556662
7752222
7559999

6804449
6888449
6668111
7033111
7553332
7752222
7559999

5506669
5226889
5526811
7028811
7723311
7444333
7449999

5501119
5881119
5587777
4088733
4463332
4462222
6669999

5501119
5881119
5587777
4088726
4422226
4433666
3339999

4406669
4426889
3426811
3028811
3322711
5357777
5559999

3304449
8333449
8882222
7082666
7551116
7751116
7559999

5501119
5331119
5533322
7086662
7788862
7444862
7449999

5501119
5221119
5523666
7023886
7723386
7444388
7449999

5501119
5221119
5528666
7028886
7723386
7444333
7449999

7206669
7222269
7788565
7083555
4883111
4433111
4439999

2203339
2833449
2888444
2078666
5571116
5771116
5579999

3304449
8333449
8882211
7082611
7552611
7752666
7559999

4401119
4441119
2222333
2073386
5578886
5778666
5579999

4401119
4441119
2222388
2073386
5573886
5773666
5579999

7301119
7331119
7736662
7035562
4488562
4485522
4889999

7305559
7335459
7734488
7034486
2222886
1112666
1119999

7306669
7336889
7736844
7038844
2222545
1112555
1119999

6505239
6555239
6667233
8077223
8887111
4487111
4449999

2208449
2888449
2866647
2033677
3335657
1115557
1119999

2201119
2441119
2444388
2073386
5573886
5773666
5579999

2208639
2888639
2866633
2075543
7777544
1115544
1119999

1104889
1144689
1144688
7033666
7553332
7752222
7559999

2201119
2441119
2447777
2048755
6888335
6833355
6669999

2201119
2441119
2444333
2073386
5578886
5778666
5579999

1105559
1165759
1167777
8066633
8883332
4482222
4449999

1104889
1164489
1164488
7066633
7553332
7752222
7559999

1104889
1144689
1144688
7066633
7553332
7752222
7559999

5507889
5777789
5566688
4062222
4462111
4433111
3339999

1103889
1133689
1132688
7032666
7552444
7752244
7559999

3304449
8333449
8882222
7086662
7556111
7756111
7559999

1105559
1135759
1137722
8033762
8883762
4486662
4449999

5506669
5886119
5586112
4088112
4477772
4433722
3339999

2207119
2377119
2337118
2037888
6535844
6555444
6669999

7505119
7555119
7732118
7032888
6332844
6322444
6669999

1103339
1133869
1188862
7086662
7554442
7754422
7559999

7505119
7555119
7788112
7082222
6883344
6333444
6669999

1103889
1133869
1138862
7036662
7554442
7754422
7559999

7505119
7555119
7738112
7038882
6334482
6344422
6669999

7505119
7555119
7768112
7068882
4466682
4433322
4339999

4405559
4445359
2222388
2073386
1173886
1177666
1179999

4403889
4443389
2222388
2075356
1175556
1177666
1179999

7505119
7555119
7733116
7083336
8882666
8442222
4449999

2208449
2888449
2866647
2063557
1163577
1133557
1139999

2203889
2443389
2444388
2075356
1175556
1177666
1179999

2208639
2888639
2866633
2075543
1177544
1175544
1179999

3304449
8333449
8881122
7081162
7551162
7756662
7559999

2205559
2445359
2444388
2073386
1173886
1177666
1179999

3304449
8333449
8886662
7081162
7551162
7751122
7559999

2208639
2888639
2866633
2071143
5571144
5771144
5579999

