1110889
1114289
0644288
7644255
7666225
7733355
7339999

1110889
1113389
0333288
7777244
6575244
6555224
6669999

1110889
1113389
0333288
7666244
7556244
7756224
7559999

4440889
4433389
0332288
7777211
6575211
6555211
6669999

4440889
4433389
0332288
7666211
7556211
7756211
7559999

4440889
4466689
0111688
7111633
7553332
7752222
7559999

1110889
1114489
0644488
2633355
2666335
2777755
2279999

1110449
1114449
0755588
2753586
2773886
2733666
2239999

1110889
1113389
0333788
2666755
2644775
2644755
2249999

1110889
1113389
0333788
2666755
2446775
2446755
2249999

1110449
1116449
0886455
2386665
2388755
2337777
2239999

4470889
4475589
0477588
3375511
6333211
6222211
6669999

5550889
5354489
0344488
3322226
3777726
1117666
1119999

3330889
5533879
0568872
5564772
6664472
1114422
1119999

4440889
4433389
0332788
2222755
6111775
6111755
6669999

1110889
1112289
0333288
3376244
5576244
5776664
5579999

1110559
1113359
0333557
6664477
6884447
6822227
8829999

1110559
1113359
0333557
6664447
6884477
6822227
8829999

1110559
1113359
0333557
8822227
6824477
6884447
6669999

5550889
5654489
0644488
7666211
7222211
7733311
7339999

4440889
4433389
0332688
2222611
5566611
5777711
5579999

5550889
5452289
0446288
7446211
7666211
7733311
7339999

6660889
2264489
0264488
7254511
7255511
7733311
7339999

1110449
1114449
0333862
3388862
5586662
5777722
5579999

4440889
4411189
0611188
2633355
2666335
2777755
2279999

1110279
1118279
0888277
5852276
5553336
4433666
4449999

1110889
1113389
0333788
2222755
6442775
6444755
6669999

1110889
1113389
0333788
2222755
6662775
6444755
6449999

4470889
4477389
0473388
2273611
2553611
2566611
2559999

3330889
5533789
0562788
5562774
6662744
1112244
1119999

3330889
5533789
0547788
5544711
6244711
6222211
6669999

4440889
4433389
0335588
7777511
6275511
6222211
6669999

6660439
8864439
0864433
7881113
7551112
7752222
7559999

5550449
5754449
0733322
7788332
6781112
6881112
6669999

4440889
4455589
0753588
7733111
6732111
6732222
6669999

3220889
3324489
0324488
7324666
7551116
7751116
7559999

3330449
8833449
0822411
7882611
7552611
7752666
7559999

3330889
5533689
0522688
5572666
4772111
4472111
4479999

6660449
8863449
0863411
7883311
7552311
7752222
7559999

3330679
8833679
0866677
2885574
2222544
1115544
1119999

4470889
4475589
0477588
1175526
1122226
1133666
3339999

4470889
4475589
0477588
1175533
1163332
1162222
6669999

3330119
5533119
0588112
5582222
6887444
6777744
6669999

6660119
8863119
0863117
2883377
2445357
2445557
2249999

3330119
8833119
0822114
7882644
7552644
7752666
7559999

3330119
8833119
0822117
4882557
4462577
4462557
6669999

3330119
5533119
0588112
5584442
6887442
6777722
6669999

4450579
4455579
0438877
2233876
2113886
2113666
2119999

4440889
4411289
0611288
7611255
7666225
7733355
7339999

6660119
8862119
0862117
4882557
4422577
4433557
3339999

6660119
8863119
0863114
7883344
7552344
7752222
7559999

3330889
5533789
0511788
5511774
6211744
6222244
6669999

5550229
5351129
0331127
8831127
6834477
6884447
6669999

4440889
4421189
0721188
7721155
6722335
6733355
6669999

6660889
5561189
0561188
5571133
4773332
4472222
4479999

