1110449
1114449
2222557
8802577
6833557
6883337
6669999

6660889
6222289
6333288
3305511
7777511
4475511
4449999

6660889
6222289
6333288
3304411
5544411
5777711
5579999

6660889
6222289
6554288
7504411
7554411
7733311
7339999

7330889
7733389
7555288
7505211
6444211
6442211
6669999

1110889
1114489
2644488
2607777
2666575
2233555
3339999

1110449
1117449
2557488
2507786
2557886
2233666
3339999

3330889
2233879
2558877
2504476
2554476
1114666
1119999

3330449
2233449
2557488
2507786
2557886
1117666
1119999

3330889
2233789
2557788
2506744
2556744
1116664
1119999

3330449
2233449
2558847
2506877
2556887
1116667
1119999

3330889
2233689
2557688
2507666
2557744
1117444
1119999

3330889
2233689
2555688
2505666
2777744
1117444
1119999

3330889
2233869
2558867
2506667
2554477
1114447
1119999

7330889
7733389
7554488
7504411
6554211
6222211
6669999

4440889
4475589
7777588
3305511
6333211
6222211
6669999

5570889
5777789
5544488
3304411
6333211
6222211
6669999

1110889
1115589
7777588
4705533
4463332
4462222
6669999

6660889
6111389
6111388
2203344
2553744
2577774
2559999

1110889
1115589
7777588
4705526
4422226
4433666
3339999

2230889
2334489
2344488
2307777
6111575
6111555
6669999

1110449
1112449
2222455
8803335
6833755
6887777
6669999

1110889
1112689
2222688
5507666
5777744
5533444
3339999

1110889
1112689
2222688
7505666
7555444
7733344
7339999

4330889
4433389
4466688
2505611
2555611
2777711
2279999

8850569
7855569
7886662
7704442
7333442
1113322
1119999

6660889
6255589
6254588
7204411
7224411
7733311
7339999

7330889
7733389
7555288
7505244
6111244
6111224
6669999

1110449
1114449
6662222
6302555
6388575
3387777
3889999

2550339
2533389
2558887
2208477
6111447
6111447
6669999

2550339
2533379
2557777
2208844
6111844
6111884
6669999

2330559
2833359
2888557
2208477
6111447
6111447
6669999

3330889
5533289
5222288
5507777
6111744
6111444
6669999

6660889
6442289
6444288
7505211
7555211
7733311
7339999

7330889
7733389
7222288
7205511
6444511
6445511
6669999

6660889
6211189
6211188
7204455
7224445
7733355
7339999

4440889
4411189
2611188
2607777
2666575
2233555
3339999

8850569
7855569
7886662
7702222
7333444
1113344
1119999

8850539
7855539
7886433
7706443
7666442
1112222
1119999

7330889
7733389
7224488
7204411
6254511
6255511
6669999

5550449
5754449
7777666
2208611
2888611
2833311
2339999

5550449
5754449
7777333
2203311
2666811
2688811
2689999

2270889
2777789
2555688
2505611
4466611
4433311
4339999

6660889
6445589
6444588
7205511
7222211
7733311
7339999

6660449
6884449
6833355
8802335
2222755
1117777
1119999

3880229
3385529
6388527
6305527
6664477
1114447
1119999

8850569
7855569
7886662
7701112
7331112
4433322
4449999

5550449
5754449
2778811
2708611
2788611
2233666
3339999

6660239
6222239
6555337
8505377
8881117
4481117
4449999

8850539
7855539
7886233
7706243
7666244
1112244
1119999

3330889
4433689
4422688
7402666
7552111
7752111
7559999

3440889
3444689
3322688
7302666
7552111
7752111
7559999

2250539
2855539
2888337
2408377
4461117
4461117
6669999

2250539
2855539
2888337
2408377
6441117
6441117
6669999

1150579
1155579
1166677
2208674
2888644
2833344
2339999

6660889
1162289
1162788
1102755
3332775
4433755
4449999

6660889
1162289
1162788
1102755
4442775
4433755
3339999

7330889
7733389
7555488
7505446
2222446
1112666
1119999

5550449
5254449
7222211
7703611
7883611
7833666
8839999

5550449
5254449
7222211
7708611
7888611
7833666
3339999

6660889
6355589
6352588
3302222
3777744
1117444
1119999

3330889
1133789
1155788
1105774
6255744
6222244
6669999

7550889
7752689
7552688
7402666
4422111
4433111
3339999

7550889
7752689
7552688
7302666
3322111
3444111
3449999

6660889
6222289
6244488
1104455
1177775
1133755
3339999

6660889
6222289
6255788
1105774
1155744
1133744
3339999

4330889
4433389
4422788
1102755
1162775
1162755
6669999

5570889
5777789
5544488
1104426
1122226
1133666
3339999

4440889
4475589
7777588
1105526
1122226
1133666
3339999

5570889
5777789
5544488
1104433
1163332
1162222
6669999

4440889
4475589
7777588
1105533
1163332
1162222
6669999

4880739
4487739
4488733
1105753
1165552
1162222
6669999

2110449
2114449
2117777
2208755
6888335
6833355
6669999

4440889
4466689
2222688
1102655
1177775
1133755
3339999

5550449
5754449
7777388
2203386
2113886
2113666
2119999

6440889
6444839
6668833
2205553
2115753
2117777
2119999

6660889
6444839
6448833
2205553
2115753
2117777
2119999

5550449
5754449
7777333
2203386
2118886
2118666
2119999

7330889
7733389
7555688
7505644
1166644
1122224
1129999

6660889
6444389
6443388
2203555
2113575
2117777
2119999

6440889
6444389
6663388
2203555
2113575
2117777
2119999

6660889
6222289
6333288
3307777
1144575
1144555
1149999

7550889
7751189
7551188
7401133
4463332
4462222
6669999

6660889
6441189
6441188
7401133
7553332
7752222
7559999

7550889
7751189
7551188
7401133
6443332
6442222
6669999

6660889
4461189
4461188
7401133
7553332
7752222
7559999

7550889
7751189
7551188
7301126
3322226
3444666
3449999

7550889
7751189
7551188
7401126
4422226
4433666
3339999

