6660889
6222289
6333288
3370411
5574411
5774411
5579999

7330889
7733389
7222288
7550211
6544411
6554411
6669999

4440889
4466689
7777688
5570611
5222211
5533211
3339999

1110449
1114449
7777666
5570886
5222286
5533288
3339999

6660889
6555289
6545288
7440211
7442211
7733311
7339999

5570889
5777789
5533288
3330211
6444211
6442211
6669999

4440889
6443389
6333288
6660211
7777211
5752211
5559999

4440889
4466689
2222688
2330611
5533311
5777711
5579999

1110889
1113289
4433288
4430255
6437225
6777755
6669999

7330889
7733389
7442288
7440211
6545211
6555211
6669999

6660889
6111289
6111288
7440255
7444225
7733355
7339999

3330889
5533289
5222288
5570611
7777611
4466611
4449999

5570889
5774489
5574488
3370411
6333211
6222211
6669999

5570889
5777789
5566688
2360411
2364411
2334411
2239999

1110889
1112689
2222688
5570666
5777744
5533444
3339999

1110889
1112689
2222688
3330666
5533444
5777744
5579999

7330889
7733389
7255588
7250511
6244411
6224411
6669999

5570889
5777789
5533288
3330244
6111244
6111224
6669999

6660889
6554489
6544488
7550211
7222211
7733311
7339999

1110449
1114449
2222666
2330886
5533386
5777788
5579999

5550889
5752289
7777288
6660211
6333211
6443311
4449999

6660889
6442289
6444288
3330211
5533211
5777711
5579999

1110449
1114449
8855562
7850562
7886662
7733322
7339999

6660889
6222289
6245588
7440511
7445511
7733311
7339999

6660889
6222289
6233388
7330411
7554411
7754411
7559999

4440889
4466689
7777688
5750633
5553332
1112222
1119999

6660889
6224489
6244488
7250511
7255511
7733311
7339999

6660239
6555239
6585233
8880223
8777744
1117444
1119999

2230889
2334489
2364488
2360411
5566611
5777711
5579999

7550889
7754489
7554488
7330411
6233311
6222211
6669999

7330889
7733389
7445588
7440511
6245511
6222211
6669999

5570889
5777789
5533388
2330611
2222611
4466611
4449999

3330889
5533289
5222288
5570666
7777446
1114446
1119999

6660449
6884449
6833322
8870332
5571112
5771112
5579999

2650539
2655539
2666337
2280377
8881117
8441117
4449999

2550339
2533379
2557777
2280666
8881116
8441116
4449999

5570889
5777789
5533388
2330666
2441116
2441116
2249999

5570889
5777789
5533388
4330111
4462111
4462222
6669999

3330889
5533289
5222288
5570666
4771116
4471116
4479999

2230889
2334489
2344488
2370666
5571116
5771116
5579999

1150579
1155579
1138877
2230876
2433886
2443666
2449999

4440889
6443389
6333788
6660755
2222775
1112755
1119999

5570889
5777789
5533488
3330446
2222446
1112666
1119999

6660889
1164489
1164488
1170433
5573332
5772222
5579999

5570889
5777789
5533388
2330666
2222446
1114446
1119999

3330679
1133679
1166677
1180575
8882555
8442222
4449999

1150579
1155579
1138877
2330876
2344886
2344666
2249999

3330889
1133789
1155788
1150774
6255744
6222244
6669999

6660889
6222289
6255788
1150774
1155744
1133744
3339999

5570889
5774489
5574488
1170426
1122226
1133666
3339999

1150579
1155579
1132277
8830274
6833244
6883244
6669999

5570889
5774489
5574488
1170433
1163332
1162222
6669999

1150569
1155569
1186667
8880337
8433377
4422227
4429999

3330889
5533289
5222288
5570666
1174446
1177446
1179999

3330889
5533289
5222288
5570446
1174446
1177666
1179999

3330889
5533289
5222288
5570666
1177446
1174446
1179999

2270889
2777789
2443388
2440333
6545111
6555111
6669999

6660559
6777759
6887552
1180442
1188442
1133422
3339999

2350579
2355579
2338877
2230876
1144886
1144666
1149999

6660889
6114489
6114488
7110433
7553332
7752222
7559999

1170449
1174449
1177666
5570886
5222286
5533288
3339999

7550889
7754489
7554488
7110433
6113332
6112222
6669999

6660119
6555119
6585117
8880337
8433377
4422227
4429999

7330889
7733389
7222288
7110255
6114445
6114455
6669999

6660119
6883119
6833112
8830442
5534442
5777722
5579999

5570889
5777789
5533688
3330644
1166644
1122224
1129999

5570889
5777789
5566688
3330644
1133644
1122224
1129999

6660889
6222289
6233788
3330755
1144775
1144755
1149999

