1110889
1114489
2244488
2666055
2677775
2633755
3339999

6660889
6222289
6333288
3344011
5544411
5777711
5579999

6660889
6222289
6333288
3374011
5574411
5774411
5579999

1110449
1114449
2777788
2575086
2555886
2233666
3339999

1110449
1117449
2557488
2577086
2557886
2233666
3339999

3330449
2233449
2557488
2577086
2557886
1117666
1119999

5570889
5774489
5574488
3374011
6333211
6222211
6669999

5570889
5777789
5544488
3344011
6333211
6222211
6669999

6660889
6222289
6111288
4111055
4477775
4433755
3339999

5570889
5777789
5566688
2364011
2364411
2334411
2239999

1110449
1114449
6662222
6882055
6877775
8833755
3339999

1110449
1114449
6665552
6885052
6877772
8833722
3339999

1110449
1114449
8777732
8887032
6585332
6555322
6669999

6660889
6222289
6245588
7445011
7445511
7733311
7339999

6660889
6222289
6233388
7334011
7554411
7754411
7559999

4440889
4411189
2211188
2666055
2677775
2633755
3339999

2230889
2334489
2364488
2364011
5566611
5777711
5579999

7550889
7754489
7554488
7334011
6233311
6222211
6669999

7330889
7733389
7445588
7445011
6245511
6222211
6669999

6660449
8862449
3862411
3882011
3322711
5357777
5559999

2330559
2833359
2888557
2248077
6441117
6441117
6669999

2550339
2533389
2558887
2248077
6441117
6441117
6669999

4440559
4438859
2338557
2388077
2361117
2261117
6669999

4440559
4433359
2338557
2888077
2861117
2261117
6669999

8850569
3855569
3886667
3322077
4321117
4421117
4429999

6660559
2268859
2368557
2388077
2331117
4431117
4449999

7550449
7754449
7553388
7333086
2222886
1112666
1119999

6660559
1168859
1168557
1188077
4422227
4433327
4339999

6660889
1164489
1164488
1174033
5573332
5772222
5579999

3330449
1133449
1188422
1178062
5578862
5776662
5579999

3330449
1133449
1122488
1172086
5572886
5772666
5579999

6660889
6222289
6244488
1144055
1177775
1133755
3339999

5570889
5774489
5574488
1174026
1122226
1133666
3339999

5570889
5777789
5544488
1144026
1122226
1133666
3339999

5570889
5774489
5574488
1174033
1163332
1162222
6669999

5570889
5777789
5544488
1144033
1163332
1162222
6669999

1150579
1155579
1186772
8886072
8336662
4433322
4449999

1150579
1155579
1186772
8886072
8666332
4433322
4449999

5570449
5772449
5572488
1172086
1122886
1133666
3339999

6660889
6222289
6444288
1144055
1177775
1133755
3339999

6660889
6114489
6114488
7114033
7553332
7752222
7559999

7550889
7754489
7554488
7114033
6113332
6112222
6669999

4440559
4433359
8336557
8886077
1186667
1122227
1129999

6660119
8862119
3862114
3882044
3322744
5357777
5559999

6660119
8862119
3862117
3882077
3322447
5354447
5559999

5550119
5453119
4433117
4438077
6238887
6222287
6669999

2230889
2334489
2344488
2375056
1175556
1177666
1179999

