1110889
1115589
7777588
3375504
6333244
6222244
6669999

1110449
1114449
8666322
8886302
5586332
5777732
5579999

8850569
7855569
7886662
7733302
7334442
1114422
1119999

5570889
5777789
5511188
3311104
6333244
6222244
6669999

4440889
4411189
3211188
3222206
3377776
5357666
5559999

1110889
1115589
7777588
4725506
4422226
4433666
3339999

1110889
1114489
3244488
3222206
3377776
5357666
5559999

1110889
1113389
2333688
2222604
5566644
5777744
5579999

8850569
3855569
3886667
3311107
4311177
4422227
4429999

6660889
6222289
6333288
3311104
5511144
5777744
5579999

5550889
5354489
3344488
3222206
3277776
1117666
1119999

5570889
5777789
5566688
2222604
2333644
1113344
1119999

6660239
6555239
6585233
8882203
8777744
1117444
1119999

6660739
6557739
6522733
8552703
8882111
4482111
4449999

1170889
1177389
1173388
2273604
2553644
2566644
2559999

1150569
1155569
1136667
2238807
2433877
2443887
2449999

4440869
4488869
5586667
5222207
5533277
1113337
1119999

6660889
6222289
6333288
3375504
7777544
1115544
1119999

1170889
1177489
1174488
2274406
2553336
2533666
2559999

1150569
1155569
1186667
2288807
2433877
2443337
2449999

4440559
6443359
6333557
6668807
2222877
1112887
1119999

6660559
1168859
1168552
1188702
4477772
4433322
4339999

1120439
1124439
1124433
7226803
7556888
7756668
7559999

6660889
1163289
1163288
1133204
5532244
5777744
5579999

1150539
1155539
1178833
7777803
6444882
6442222
6669999

1150539
1155539
1144433
8844703
6877772
6882222
6669999

1150569
1155569
1136667
2338807
2344877
2344887
2249999

3330889
1133789
1155788
1157704
6255744
6222244
6669999

6660889
6222289
6255788
1157704
1155744
1133744
3339999

1170889
1175589
1177588
3375504
6333244
6222244
6669999

2240119
2344119
2344117
2338807
6535877
6555887
6669999

1150569
1155569
1186667
3388807
4333877
4422227
4429999

5550449
5754449
7777322
1188302
1168332
1168832
6669999

3330889
5533289
5222288
5574406
1174446
1177666
1179999

5570889
5777789
5532288
1133204
1163244
1163244
6669999

2110439
2114439
2114433
2276803
5576888
5776668
5579999

2350569
2355569
2336667
2238807
1144877
1144887
1149999

2550889
2566689
2553688
2273604
1173344
1177344
1179999

6660119
6555119
6535117
2338807
2344877
2344887
2249999

2440119
2443119
2433117
2238807
6535877
6555887
6669999

4440889
4475589
7777588
1125506
1122226
1133666
3339999

5570889
5777789
5544488
1124406
1122226
1133666
3339999

7550439
7754439
7554433
7226803
1126888
1126668
1129999

6660119
6555119
6585117
3388807
4333877
4422227
4429999

5570439
5774439
5574433
2276803
2116888
2116668
2119999

4450539
4455539
4777733
2276803
2116888
2116668
2119999

6660119
6883119
6833112
8834402
5534442
5777722
5579999

2250539
2855539
2888337
2118307
6114477
6114447
6669999

6660559
6222259
6233557
3338807
1144877
1144887
1149999

6660119
6555119
6585117
2288807
2433877
2443337
2449999

6660119
6555119
6535117
2238807
2433877
2443887
2449999

6660449
6884449
6811322
8811302
5511332
5777732
5579999

6660889
6222289
6333288
3375504
1177544
1175544
1179999

7550889
7751189
7551188
7421106
4422226
4433666
3339999

7550889
7751189
7551188
7321106
3322226
3444666
3449999

2230889
2331189
2361188
2361104
5566644
5777744
5579999

4470889
4471189
4771188
2271106
2553336
2533666
2559999

4420889
4421189
3421188
3221106
3377776
5357666
5559999

5570889
5777789
5566688
2361104
2361144
2331144
2239999

6660889
6222289
6233388
7331104
7551144
7751144
7559999

5570889
5771189
5571188
3371104
6333244
6222244
6669999

7550889
7751189
7551188
7331104
6233344
6222244
6669999

6660889
6222289
6333288
3371104
5571144
5771144
5579999

