6660339
6233379
6222277
1118870
1118575
4488555
4449999

1110889
1115589
7777588
3375540
6333244
6222244
6669999

4440339
4433379
6667777
6822220
6888525
1118555
1119999

1110889
1112389
2222388
7666330
7746535
7446555
7449999

1110889
1112389
2222388
7777330
6744535
6444555
6669999

2440889
2444879
2338877
2233370
6111575
6111555
6669999

3330889
5533289
5222288
5577770
6111744
6111444
6669999

5570889
5777789
5511188
3311140
6333244
6222244
6669999

1110889
1113389
2333688
2222640
5566644
5777744
5579999

6660889
6222289
6333288
3311140
5511144
5777744
5579999

5570889
5777789
5533388
4331110
4461112
4462222
6669999

5570889
5777789
5566688
2222640
2333644
1113344
1119999

6660279
6555279
6585277
8882270
8333444
1113344
1119999

1170889
1177389
1173388
2273640
2553644
2566644
2559999

2650579
2655579
2666377
2283370
8883111
8443111
4449999

1170889
1177389
1176388
2276330
2666535
2444555
2449999

2550339
2533379
2557777
2286660
8886111
8446111
4449999

6660889
6222289
6455288
4453330
4455733
1117777
1119999

6660889
6222289
6333288
3375540
7777544
1115544
1119999

4440889
4455589
2657588
2677770
2666111
2233111
3339999

6660889
6444389
6744388
7777330
2222535
1112555
1119999

7440889
7446389
7746388
7666330
2222535
1112555
1119999

5570889
5777789
5533388
2666330
2446111
2446111
2249999

5570889
5777789
5533388
2666330
2644111
2644111
2249999

5570889
5777789
5533388
2336660
2446111
2446111
2249999

3330889
5533289
5222288
5577770
6447111
6444111
6669999

3330889
5533289
5222288
5576660
4776111
4476111
4479999

3330889
5533289
5222288
5577770
6667111
6444111
6449999

6660889
1163289
1163288
1133240
5532244
5777744
5579999

6660889
6554489
6544488
2553330
2222733
1117777
1119999

1150579
1155579
1133377
2336870
2446888
2446668
2249999

3330889
1133789
1155788
1157740
6255744
6222244
6669999

6660889
6222289
6255788
1157740
1155744
1133744
3339999

1170889
1175589
1177588
3375540
6333244
6222244
6669999

4450579
4455579
4222277
6663270
6883111
6833111
8839999

4450579
4455579
4222277
6668270
6888111
6833111
3339999

5570889
5777789
5533388
2222330
6662111
6444111
6449999

5570889
5777789
5533388
2222330
6442111
6444111
6669999

5570889
5777789
5532288
1133240
1163244
1163244
6669999

2110889
2113789
2113788
2233770
6535744
6555444
6669999

2230889
2334489
2344488
2376660
5576111
5776111
5579999

2110889
2117389
2117388
2277330
6447535
6444555
6669999

2110889
2117389
2117388
2277330
6667535
6444555
6449999

2440889
2444389
2666388
2276330
1176535
1177555
1179999

2550889
2566689
2553688
2273640
1173344
1177344
1179999

6660889
6112389
6112388
7112330
7722535
7444555
7449999

1140229
1144279
1144277
6663270
6883575
6833555
8839999

1140229
1144279
1144277
6668270
6888575
6833555
3339999

6660889
6444389
6447388
2277330
2117535
2117555
2119999

6440889
6444389
6667388
2277330
2117535
2117555
2119999

7440889
7444389
7722388
7112330
6112535
6112555
6669999

6660889
6555789
6535788
2233770
2113744
2113444
2119999

2250579
2855579
2888377
2118370
6113344
6113444
6669999

6660889
6222289
6333288
3375540
1177544
1175544
1179999

2230889
2331189
2361188
2361140
5566644
5777744
5579999

8830229
6833279
6883277
6663270
1144575
1144555
1149999

5570889
5777789
5566688
2361140
2361144
2331144
2239999

3330229
6833279
6888277
6668270
1144575
1144555
1149999

6660889
6222289
6233388
7331140
7551144
7751144
7559999

5570889
5771189
5571188
3371140
6333244
6222244
6669999

7550889
7751189
7551188
7331140
6233344
6222244
6669999

6660889
6222289
6333288
3371140
5571144
5771144
5579999

