5570889
5777789
5566688
2222611
0332611
4433311
4449999

6660889
6222289
6333288
3375511
0477511
4475511
4479999

7330889
7733389
7222288
7666211
0644411
5654411
5559999

7330889
7733389
7255588
7254511
0264411
2264411
6669999

6660889
6555289
6575288
7777211
0332211
4433311
4449999

7550889
7756289
7556288
7666211
0332211
4433311
4449999

7330889
7733389
7666288
7446211
0446211
5452211
5559999

6660279
6111279
6111277
5582274
0588844
5533844
3339999

2550889
2566689
2553688
2273611
0473311
4477311
4479999

7440639
7444639
7766633
7822223
0888525
1118555
1119999

1110449
1112449
2222347
5588377
0568337
5568837
6669999

6660889
6222289
6275588
7777511
0335511
4433311
4449999

6660889
6222289
6244788
5544711
0547711
5533711
3339999

2270889
2777789
2611188
2611155
0666335
4433355
4449999

8830449
6833449
6883422
6663552
0777752
1117552
1119999

3330449
6833449
6888422
6668552
0777752
1117552
1119999

1110889
1112289
6662788
5562774
0562744
5533744
3339999

7330889
7733389
7211188
7211155
0264445
2264455
6669999

8850569
3855569
3886667
3311177
0311127
4422227
4449999

2440889
2444839
2558837
2256337
0556377
1116667
1119999

2440889
2444389
2557388
2257336
0557736
1117666
1119999

6660889
6444289
6744288
7777255
0333225
1113355
1119999

7440889
7446289
7746288
7666255
0333225
1113355
1119999

3330889
5533289
5222288
5571116
0471116
4477666
4479999

7550439
7754439
7554433
7881113
0861112
8862222
6669999

7550449
7752449
7552411
7882611
0822611
8833666
3339999

8850569
3855569
3886667
3322227
0324477
1114447
1119999

6660889
6755589
6753588
7733111
0732111
4432222
4449999

6660889
6222289
6244488
3344555
0333575
1117777
1119999

7550889
7754489
7554488
7324666
0321116
3321116
3229999

6660889
6222289
6444288
3344555
0333575
1117777
1119999

6660889
6222289
6333288
3344555
0444575
1117777
1119999

7550449
7753449
7553411
7883311
0862311
8862222
6669999

6660889
1167289
1167288
1177255
0337225
4433355
4449999

6660559
1168859
1168557
1188337
0433377
4422227
4429999

1170889
1177389
1173388
5573444
0563442
5562222
6669999

2230449
2334449
2388557
2386577
0886557
1116667
1119999

2230449
2334449
2388666
2385556
0885756
1117777
1119999

1170889
1177489
1174488
5574433
0563332
5562222
6669999

1150569
1155569
1186667
3388877
0333827
4422227
4449999

1170889
1177489
1174488
5574426
0522226
5533666
3339999

4470889
4472689
4772688
5572666
0522111
5533111
3339999

2240119
2443119
2443117
2883377
0865357
8865557
6669999

6660119
6555119
6585117
3388877
0333827
4422227
4449999

3330119
4433119
4422117
4882557
0862577
8862557
6669999

7330889
7733389
7115588
7115666
0115526
4422226
4449999

1170889
1177849
1178844
5573344
0562333
5562222
6669999

1170889
1177839
1178833
5574443
0562443
5562222
6669999

4440119
8446119
8886112
5586662
0577772
5533722
3339999

7550119
7752119
7552114
7882644
0822644
8833666
3339999

6660119
4462119
4462117
4882557
0822577
8833557
3339999

7550119
7753119
7553114
7883344
0862344
8862222
6669999

6660889
6222289
6211788
5511774
0511744
5533744
3339999

2270889
2771189
2671188
2671155
0666335
4433355
4449999

7220889
7721189
7621188
7621155
0666335
4433355
4449999

6660229
6881129
6831127
8831127
0334477
5354447
5559999

6660889
6721189
6721188
7721155
0722335
4433355
4449999

4470889
4471189
4771188
5571133
0563332
5562222
6669999

4470889
4471189
4771188
5571126
0522226
5533666
3339999

