6660889
6222289
6333288
3375511
4077511
4475511
4479999

7330889
7733389
7222288
7554211
6054411
6554411
6669999

3330889
5533289
5444288
5544211
6072211
6777711
6669999

4430889
4433289
5453288
5553211
6072211
6777711
6669999

1110449
1114449
2833355
2888335
2068755
2267777
6669999

1110889
1113289
4443288
4433255
6037225
6777755
6669999

6660889
6375589
6377588
3375544
3072444
1112222
1119999

6660889
6111289
6111288
7444255
7044225
7733355
7339999

3330889
5533289
5222288
5544411
6074411
6777711
6669999

5570889
5777789
5544488
3334411
6033211
6222211
6669999

4440889
4475589
7777588
3335511
6033211
6222211
6669999

4440889
4466689
2111688
2111655
2077775
2233755
3339999

6660279
6111279
6111277
5582274
5088844
5533844
3339999

2550339
2533379
2557777
2288411
6084411
6884411
6669999

2550889
2566689
2553688
2273611
4073311
4477311
4479999

1110559
1113359
8333552
8882222
6087444
6777744
6669999

6660889
6355589
6354588
2334411
2034411
2777711
2279999

1110449
1112449
2222347
5588377
5068337
5568837
6669999

6660889
6445589
6444588
2335511
2033311
2777711
2279999

1110449
1114449
8777722
8887552
6083352
6333552
6669999

6660339
6833379
6888772
5558472
5054472
1114422
1119999

6660889
6355879
6358872
3355772
3044472
1114422
1119999

1110559
1113359
8333552
8884442
6087442
6777722
6669999

1110449
1114449
8333552
8883352
6087552
6777722
6669999

6660889
6222289
6244788
5544711
5047711
5533711
3339999

6660889
6311189
6311188
2334455
2034445
2777755
2279999

8830449
7833449
7883422
7753562
7055562
1116662
1119999

3330449
7833449
7888422
7758562
7055562
1116662
1119999

1110889
1112289
6662788
5562774
5062744
5533744
3339999

6660889
6355849
6358844
3355744
3077772
1112222
1119999

1110889
1113389
2333788
2222755
6044775
6444755
6669999

6660889
6355879
6358872
3355772
3011172
4411122
4449999

6660889
6324489
6324488
3324555
3022575
1117777
1119999

2230889
2334489
2344488
2355511
6057511
6777711
6669999

3330889
5533289
5222288
5571116
4071116
4477666
4479999

3330449
5533449
5222247
5588277
6081117
6881117
6669999

4440889
4433389
2335588
2222511
6075511
6777711
6669999

4440839
4488839
2585337
2555377
2061117
2261117
6669999

5570889
5777789
5566688
2222644
2033644
1113334
1119999

1150539
1155539
1186337
8886377
8026667
4422227
4449999

1150579
1155579
1138877
2233876
2043886
2443666
2449999

3330889
1133289
1144288
1144255
6047225
6777755
6669999

3330889
1133289
1144288
1144255
6074225
6777755
6669999

6660559
1168859
1168557
1188337
4033377
4422227
4429999

1170889
1177389
1173388
5573444
5063442
5562222
6669999

1170889
1177489
1174488
5574433
5063332
5562222
6669999

1170889
1177489
1174488
5574426
5022226
5533666
3339999

4470889
4472689
4772688
5572666
5022111
5533111
3339999

2110449
2113449
2113347
2288377
6085357
6885557
6669999

2110889
2114489
2114488
2233455
6073335
6777755
6669999

1170889
1177849
1178844
5573344
5062333
5562222
6669999

1170889
1177839
1178833
5574443
5062443
5562222
6669999

4440119
8446119
8886112
5586662
5077772
5533722
3339999

6660889
6222289
6311288
3311555
3011575
3447777
4449999

3330119
2233119
2666117
2886557
2086577
4488557
4449999

6660889
6222289
6211788
5511774
5011744
5533744
3339999

6660889
6441189
6441188
7421155
7022225
7733355
7339999

6660889
4461189
4461188
7421155
7022225
7733355
7339999

4470889
4471189
4771188
5571133
5063332
5562222
6669999

7440889
7441189
7741188
7551133
6053332
6552222
6669999

4470889
4471189
4771188
5571126
5022226
5533666
3339999

