4330889
4433389
4466688
2222611
5502611
5777711
5579999

5570889
5777789
5566688
2222611
4402611
4433311
4339999

6660889
6222289
6333288
3344411
5504411
5777711
5579999

7330889
7733389
7222288
7554211
6504411
6554411
6669999

6660889
6555289
6575288
7777211
4402211
4433311
4339999

7550889
7756289
7556288
7666211
4402211
4433311
4339999

4440889
4466689
2222688
2333611
5503311
5777711
5579999

7330889
7733389
7442288
7444211
6505211
6555211
6669999

4330889
4433389
4472288
7777211
6505211
6555211
6669999

7330889
7733389
7111288
7111244
6505244
6555224
6669999

5550449
5754449
7777666
2388611
2308611
2338811
2239999

1110889
1112689
2222688
7555666
7505444
7733344
7339999

4330889
4433389
4466688
2555611
2505611
2777711
2279999

7330889
7733389
7255588
7254511
6204411
6224411
6669999

1110229
1118629
3888627
3866627
3304477
5354447
5559999

6660889
6442289
6444288
7555211
7505211
7733311
7339999

1110449
1114449
2222666
2333886
5503386
5777788
5579999

6660889
6222289
6275588
7777511
4405511
4433311
4339999

6660889
6222289
6233488
3334411
5504411
5777711
5579999

7330889
7733389
7211188
7211155
6204445
6224455
6669999

1110559
1112259
6662557
6882477
6802447
8833447
3339999

6660889
6777789
6457588
4455533
4403332
1112222
1119999

1110449
1118449
3888746
3877776
3302666
5352222
5559999

1110479
1114479
3334477
8833575
6802555
6882222
6669999

1110449
1114449
3337777
8833575
6802555
6882222
6669999

1110889
1113389
2333788
2222774
6505744
6555744
6669999

4440889
2443389
2333788
2666755
2206775
1116755
1119999

5570889
5777789
5533488
3334411
6204411
6222211
6669999

7550889
7754489
7554488
7333411
6203311
6222211
6669999

7330889
7733389
7445588
7444511
6205511
6222211
6669999

4330889
4433389
4475588
7777511
6205511
6222211
6669999

5570439
5774439
5574433
8871113
6801112
6882222
6669999

4450539
4455539
4777733
8871113
6801112
6882222
6669999

5550889
5754489
2744488
2771116
2701116
2233666
3339999

5550449
5754449
7777111
8833111
6803332
6882222
6669999

5570889
5774489
5574488
2374666
2301116
2331116
2239999

5570889
5777789
5544488
2344666
2301116
2331116
2239999

1150579
1155579
1138877
2233876
2403886
2443666
2449999

4440869
4488869
3286667
3222277
3301117
5351117
5559999

5570449
5773449
5573411
8873311
6802311
6882222
6669999

6660889
1167289
1167288
1177255
4407225
4433355
4339999

1120449
1123449
1123347
8822377
6805357
6885557
6669999

3330449
1133449
1155547
1158577
6208887
6222287
6669999

1150579
1155579
1166677
2388674
2308644
2338844
2239999

6660889
6222289
6244788
1144755
1104775
1133755
3339999

5570889
5772689
5572688
1172666
1102244
1133444
3339999

1150579
1155579
1132277
8833274
6803244
6883244
6669999

1150539
1155539
1186337
8886377
8406667
4422227
4429999

8850579
6855579
6882277
6663274
1103244
1133244
1139999

4440119
4422119
6662117
6882557
6802577
8833557
3339999

2270889
2777789
2443388
2444333
6505111
6555111
6669999

6660889
6112289
6112788
4112755
4402775
4433755
3339999

5570889
5772289
5572488
1172446
1102446
1133666
3339999

6660889
6442289
6442788
1142755
1102775
1133755
3339999

4220119
4423119
4423117
8823377
6805357
6885557
6669999

8830119
6833119
6883112
6663442
5504442
5777722
5579999

3330119
6833119
6888112
6668442
5504442
5777722
5579999

6660449
6884449
6822227
8823557
1103577
1133557
1139999

5570119
5773119
5573114
8873344
6802344
6882222
6669999

6660229
8861129
3861127
3881127
3304477
5354447
5559999

2250579
2455579
2448877
2443876
1103886
1133666
1139999

7440889
7441189
7741188
7551133
6503332
6552222
6669999

