1110889
1114489
2234488
2334555
2360575
2367777
6669999

6660889
6222289
6333288
3375511
4770511
4475511
4479999

1110889
1114489
6664488
6324555
6320575
3327777
3229999

7330889
7733389
7555288
7545211
6440211
6442211
6669999

6660889
6111289
6111288
7777255
4470225
4433355
4339999

6660889
6111289
6111288
7444255
7440225
7733355
7339999

7330889
7733389
7554488
7544411
6550211
6222211
6669999

1110889
1114489
6664488
2364555
2360575
2337777
2239999

6660889
6324489
6324488
3324555
3220575
1117777
1119999

1110889
1114489
3224488
3324555
6320575
6327777
6669999

6660889
6311189
6311188
3322555
3420575
4427777
4429999

7330889
7733389
7222288
7245511
6440511
6445511
6669999

6660889
6222289
6233388
7335511
7740511
7445511
7449999

5570889
5777789
5566688
2222611
2330611
4433311
4449999

7330889
7733389
7224488
7244411
6250511
6255511
6669999

1110889
1113389
2333788
2222755
6660775
6444755
6449999

6660889
6224489
6244488
7255511
7250511
7733311
7339999

1110889
1113389
2333788
2222755
6440775
6444755
6669999

2270889
2777789
2366688
2365511
3360511
3445511
4449999

6660889
2364489
2364488
2334555
2230575
1117777
1119999

5550889
5453789
4433788
4437711
6230711
6222211
6669999

3220889
3324489
6324488
6324555
6660575
1117777
1119999

8850569
3855569
3886662
3372222
4370111
4477111
4479999

2230889
2334489
2364488
2364555
6660575
1117777
1119999

6660449
6884449
6833355
8822335
1120755
1127777
1129999

5570889
5777789
5566688
1162222
1160442
1133444
3339999

6660889
6222289
6244788
1144755
1140775
1133755
3339999

1130449
1134449
1133557
6663577
6880557
6822227
8829999

3330889
5533289
5222288
5574446
1170446
1177666
1179999

3330889
2233689
2555688
2575666
2470111
4477111
4479999

2110889
2113689
2113688
2233666
5530444
5777744
5579999

6660119
6883119
6833112
8832222
5530444
5777744
5579999

6660889
6355589
6352588
3372222
3470111
4477111
4479999

6660889
6355589
6352588
7332222
7730111
7444111
7449999

2550339
2533389
2558884
2278644
1170644
1177666
1179999

2330559
2833359
2888554
2278644
1170644
1177666
1179999

4470119
4477119
3478112
3378882
6350582
6355522
6669999

6660119
6883119
6833112
8834442
5530442
5777722
5579999

7440119
7444119
7738112
7338882
6350582
6355522
6669999

2250539
2855539
2888337
2118377
6110447
6114447
6669999

2250539
2855539
2888334
2118344
6110744
6117777
6669999

