1110229
1118279
3888277
3844276
3344076
5354666
5559999

1110449
1114449
2222666
3332886
5533086
5777788
5579999

6660889
6222289
6333288
3375511
4775011
4475511
4479999

6660889
6222289
6333288
3344411
5544011
5777711
5579999

1110889
1117689
2557688
2577666
2557044
2233444
3339999

3880449
3384449
6388755
6377775
6662055
1112222
1119999

8850569
7855569
7886664
7733344
7332044
1112222
1119999

3330449
2233449
2666847
2688877
2685057
1115557
1119999

3330889
2233689
2557688
2577666
2557044
1117444
1119999

6660449
6111449
6111847
2388877
2385057
2335557
2239999

6660239
6222239
6111337
8111377
8885057
4485557
4449999

5550229
5354279
3344277
3844276
3888076
1118666
1119999

2550889
2544489
2554488
2233311
6337011
6777711
6669999

6660889
6555389
6545388
2443311
2443011
2777711
2279999

6660889
6554489
6544488
2553311
2333011
2777711
2279999

1110449
1114449
8666322
8886332
5586032
5777732
5579999

7330889
7733389
7222288
7245511
6445011
6445511
6669999

6660889
6222289
6233388
7335511
7745011
7445511
7449999

6660889
6222289
6244488
3334411
5533011
5777711
5579999

3880449
3384449
6388722
6377772
6665052
1115552
1119999

4440889
4466689
2222688
3332611
5533011
5777711
5579999

2270889
2777789
2366688
2365511
3365011
3445511
4449999

5570889
5777789
5544488
3334411
6233011
6222211
6669999

4440889
4475589
7777588
3335511
6233011
6222211
6669999

5550449
5754449
7777666
2222886
2333086
1113388
1119999

6660279
6555279
6585277
8882274
8333044
1113344
1119999

1150529
1155529
1133327
8336227
8886077
4486667
4449999

1150529
1155529
1144427
8844227
6833077
6883337
6669999

3330449
1133449
1155547
1158577
6888027
6822227
6669999

3330889
1133689
1122688
1172666
5572044
5772444
5579999

1150539
1155539
1186337
8886377
8666027
4422227
4449999

1150569
1155569
1186667
8883377
8333027
4422227
4449999

6660889
6222289
6255788
1157777
1155044
1133444
3339999

6660559
6777759
6887552
1182222
1188044
1133444
3339999

1150569
1155569
1186667
8883337
8433077
4422227
4429999

4440119
4488119
2238117
2338877
2365057
2365557
6669999

5550449
5754449
7777322
1188332
1168032
1168832
6669999

4440119
4488119
6668117
6328877
6325057
3325557
3229999

5570889
5777789
5566688
1162222
1162044
1133444
3339999

4440119
4488119
3228117
3328877
6325057
6325557
6669999

5570889
5772689
5572688
1172666
1122044
1133444
3339999

4440119
4488119
6668117
2368877
2365057
2335557
2239999

6660119
6555119
6585117
8883377
8333027
4422227
4449999

6660119
6555119
6585117
8883337
8433077
4422227
4429999

6440119
6444119
6668112
3338882
5533082
5777722
5579999

6660119
6444119
6448112
3338882
5533082
5777722
5579999

6660119
6388119
6338117
2238877
2435057
2445557
2449999

6660449
6884449
6811322
8811332
5511032
5777732
5579999

2230449
2334449
2311666
2311886
5511086
5777788
5579999

4440229
4481129
8881127
8551127
6533077
6553337
6669999

2230889
2334489
2344488
2375556
1175056
1177666
1179999

6660889
2261189
2761188
2771144
2733044
5753334
5559999

