6660889
6222289
6033288
3335511
7777511
4475511
4449999

6660889
6222289
6033288
3334411
5544411
5777711
5579999

6660889
6777789
6074488
5544411
5222211
5533211
3339999

6660449
6884449
6087777
5588711
5222211
5533211
3339999

1110449
1113449
5053347
5558377
6888327
6822227
6669999

4440879
4488879
6083377
6333575
6662555
1112222
1119999

4440379
4488379
6083377
6883575
6662555
1112222
1119999

6660889
6777789
6072288
5553211
5453211
4433211
4439999

6660889
6777789
6072288
5544211
5444211
5533211
3339999

6660449
2264449
2063337
2833557
2888577
1118557
1119999

6660449
2264449
2068557
2888577
2833557
1113337
1119999

4470889
4475589
4077588
3375511
6333211
6222211
6669999

6660889
6777789
6057588
2355511
2344411
2334411
2239999

4440869
4488869
2086667
2111557
2111577
2233557
3339999

6660889
6444289
6044288
7111255
7111225
7733355
7339999

3330889
5533879
5068872
5564772
6664472
1114422
1119999

6660559
6777759
6087552
8884442
8333442
1113322
1119999

6660889
6554489
6054488
7554211
7222211
7733311
7339999

6660889
6777789
6075588
2222511
2335511
4433311
4449999

6660559
6777759
6087552
8882222
8333444
1113344
1119999

4440889
4455589
6057588
6777733
6663332
1112222
1119999

6660889
6777789
6057588
4455533
4443332
1112222
1119999

4440739
4488739
6087733
6885753
6665552
1112222
1119999

2440889
2444389
2063388
2263555
6663575
1117777
1119999

2440889
2444839
2068833
2265553
6665753
1117777
1119999

4440889
4455879
3058872
3355772
6311172
6311122
6669999

4470889
4477389
4073388
2273611
2553611
2566611
2559999

2270889
2777789
2034488
2334411
6354511
6355511
6669999

3330889
5533789
5062788
5562774
6662744
1112244
1119999

2270889
2777789
2033388
2335511
6444511
6445511
6669999

3330889
5533789
5047788
5544711
6244711
6222211
6669999

6660559
6777759
6087552
8881112
8331112
4433322
4449999

3330889
5533689
5022688
5572666
4772111
4472111
4479999

4470889
4475589
4077588
1175526
1122226
1133666
3339999

4470889
4475589
4077588
1175533
1163332
1162222
6669999

3330119
5533119
5088112
5582222
6887444
6777744
6669999

4440119
4488119
2086117
2886557
2666577
2233557
3339999

6660889
6222289
6044288
1144455
1177775
1133755
3339999

6660889
6222289
6055288
1157777
1155744
1133444
3339999

7330559
7733359
7022558
7112888
6112844
6112444
6669999

3330119
5533119
5088112
5584442
6887442
6777722
6669999

6660449
6883449
6083347
2288377
2115357
2115557
2119999

4450579
4455579
4038877
2233876
2113886
2113666
2119999

6660559
6777759
6037558
2233888
2113844
2113444
2119999

6660449
6333449
6083347
2288877
2115857
2115557
2119999

6660889
6222289
6033288
3337777
1144575
1144555
1149999

3330889
5533789
5011788
5511774
6211744
6222244
6669999

6660889
5561189
5061188
5571133
4773332
4472222
4479999

6660889
6551189
6051188
7551133
7743332
7442222
7449999

