1110889
1117689
2277688
2447666
2447505
2433555
3339999

1110889
1117689
2477688
2447666
2447505
2233555
3339999

2270889
2777789
2111688
2111655
4466605
4433355
4339999

6660889
6111289
6111288
7777255
4472205
4433355
4339999

6660889
6111289
6111288
7444255
7442205
7733355
7339999

3330889
2233689
2447688
2447666
2477505
1117555
1119999

7330559
7733359
7111558
7111888
6444802
6442222
6669999

7330559
7733359
7111552
7111882
6444802
6448822
6669999

7330889
7733389
7111288
7111255
6444205
6442255
6669999

1110889
1112789
2222788
6667755
6333705
6443355
4449999

1110889
1112789
2222788
5553776
5453706
4433666
4439999

1110889
1112789
2222788
5544776
5444706
5533666
3339999

2270889
2777789
2443388
2444333
6111505
6111555
6669999

4330889
4433389
4466688
2111655
2111605
2777755
2279999

6660889
6442289
6444288
7111255
7111205
7733355
7339999

7330559
7733359
7666552
7446882
4446802
1118822
1119999

1110889
1112289
4446288
7446255
7666205
7733355
7339999

4330889
4433389
4472288
7777255
6111205
6111255
6669999

7330889
7733389
7442288
7444255
6111205
6111255
6669999

1110449
1114449
3777782
3378882
6358502
6355522
6669999

3330889
4433789
4422788
5452776
5552706
1112666
1119999

3440889
3444789
3322788
5352776
5552706
1112666
1119999

1110449
1114449
8777732
8887332
6585302
6555322
6669999

6660889
6311189
6311188
7332222
7732505
7444555
7449999

6660889
6311189
6311188
3372222
3472505
4477555
4479999

6660889
6211189
6211188
7244455
7224405
7733355
7339999

1110889
1112789
5552788
5352776
3322706
3444666
3449999

1110889
1112789
5552788
5452776
4422706
4433666
3339999

7330889
7733389
7211188
7211155
6244405
6224455
6669999

1110449
1114449
3337777
2233755
2666805
2688855
2689999

1110449
1114449
7777666
2278655
2888605
2833355
2339999

1110449
1114449
7777333
2273355
2666805
2688855
2689999

7330559
7733359
7666558
7446888
4446802
1112222
1119999

1110889
1113389
2333788
2222755
6667705
6444755
6449999

8850569
3855569
3886667
3311177
4311107
4422227
4429999

1110889
1113389
2333788
2222755
6447705
6444755
6669999

6660889
6224489
6244488
7211155
7211105
7733355
7339999

3330889
2433689
2447688
2447666
2277505
1117555
1119999

7330889
7733389
7224488
7244455
6211105
6211155
6669999

7550449
7754449
7558111
7888111
6833302
6332222
6669999

6440889
6444789
6667788
2222755
2333705
1113355
1119999

6660889
6444789
6447788
2222755
2333705
1113355
1119999

7330889
7733389
7666288
7446255
4446205
1112255
1119999

1140889
1144689
1144688
7266655
7222205
7733355
7339999

1170449
1174449
1177666
2278655
2888605
2833355
2339999

1150569
1155569
1136667
2238877
2433807
2443887
2449999

4440869
4488869
5586667
5222277
5533207
1113337
1119999

1170449
1174449
1177333
2273355
2666805
2688855
2689999

1150569
1155569
1186667
2288877
2433807
2443337
2449999

4440889
6443389
6333788
6667777
2222505
1112555
1119999

4440559
6443359
6333557
6668877
2222807
1112887
1119999

4440889
6443389
6333788
6667755
2222705
1112755
1119999

4430889
4433789
5453788
5553776
2222706
1112666
1119999

6660449
1164449
1163332
1133882
7777802
5758822
5559999

3330889
5533789
5444788
5544776
2222706
1112666
1119999

6660449
1164449
1163338
1133888
7777802
5752222
5559999

6660889
1164489
1164488
1174333
5573302
5772222
5579999

2250579
2855579
2888377
2448376
4443306
1113666
1119999

3330889
1133689
1122688
1172666
4772505
4472555
4479999

1140889
1144689
1144688
7333666
7553302
7752222
7559999

1150569
1155569
1136667
2338877
2344807
2344887
2249999

3330889
1133789
1147788
1144755
6244705
6222255
6669999

6660889
6222289
6244788
1144755
1147705
1133755
3339999

6660889
6777789
6447288
4443255
1133205
1132255
1139999

1170889
1177489
1174488
3374455
6333205
6222255
6669999

6660559
6777759
6447552
4443332
1133802
1188822
1189999

8850579
6855579
6883772
6663372
1144302
1144322
1149999

6660559
6777759
6447552
4443882
1133802
1138822
1139999

1130889
1132289
1133288
4443255
6447205
6777755
6669999

5570889
5774489
5574488
1174333
1163302
1162222
6669999

5570889
5777789
5544488
1144333
1163302
1162222
6669999

7330889
7733389
7222288
7266655
1144605
1144655
1149999

2240119
2344119
2344117
2338877
6535807
6555887
6669999

1150569
1155569
1186667
3388877
4333807
4422227
4429999

3330889
5533289
5222288
5577776
1144706
1144666
1149999

3330889
5533289
5222288
5574446
1174406
1177666
1179999

6660559
6777759
6447558
4443888
1133802
1132222
1139999

2110889
2117689
2117688
2277666
3337505
4433555
4449999

2110889
2117689
2117688
2277666
4447505
4433555
3339999

2350569
2355569
2336667
2238877
1144807
1144887
1149999

4470889
4472689
4772688
1172666
1122505
1133555
3339999

6660119
6555119
6535117
2338877
2344807
2344887
2249999

2440119
2443119
2433117
2238877
6535807
6555887
6669999

6660889
6114489
6114488
7114255
7222205
7733355
7339999

3330119
5533119
5666118
5576888
4776802
4472222
4479999

6660889
6114489
6114488
7114333
7553302
7752222
7559999

7550889
7754489
7554488
7114333
6113302
6112222
6669999

7330889
7733389
7114488
7114455
6114205
6222255
6669999

7330889
7733389
7115588
7115666
4115506
4422226
4429999

6660119
6555119
6585117
3388877
4333807
4422227
4429999

6660889
6222289
6114288
7114455
7114405
7733355
7339999

5570119
5776119
5576112
3376662
4333802
4488822
4489999

4440119
4486119
8886112
8666332
5533302
5777722
5579999

6660119
6884119
6844112
8844332
5533302
5777722
5579999

1140889
1144789
1144788
3337755
6233705
6222255
6669999

7550119
7756119
7556112
7486662
4488802
4433822
3339999

4440889
4433689
3337688
2277666
2117505
2117555
2119999

7330889
7733389
7222288
7114255
6114405
6114455
6669999

3330119
5533119
5666112
5576882
4776802
4478822
4479999

6660119
6883119
6833112
8834442
5534402
5777722
5579999

7550119
7756119
7556112
7386662
3388802
3444822
3449999

4440119
4486119
8886112
8336662
5533302
5777722
5579999

2250539
2855539
2888337
2118377
6114407
6114447
6669999

7550889
7754489
7554488
7334666
1133306
1122226
1129999

7330889
7733389
7445588
7445666
1145506
1122226
1129999

3330889
4433689
4447688
2277666
2117505
2117555
2119999

6660889
6222289
6273388
7777333
1144505
1144555
1149999

6660889
6222289
6233788
3337777
1144505
1144555
1149999

6660559
6222259
6233557
3338877
1144807
1144887
1149999

6660889
6222289
6233788
3337755
1144705
1144755
1149999

6660119
6555119
6585117
2288877
2433807
2443337
2449999

6660119
6555119
6535117
2238877
2433807
2443887
2449999

6660889
6222289
6333288
3374455
1174405
1177455
1179999

4440889
3441189
3361188
2361155
2366605
2777755
2279999

6660889
6222289
6241188
7441155
7441105
7733355
7339999

7330889
7733389
7222288
7241155
6441105
6441155
6669999

6660889
6222289
6233388
7331155
7741105
7441155
7449999

4470889
4471189
4771188
3371155
6333205
6222255
6669999

7440889
7441189
7741188
7331155
6233305
6222255
6669999

6660889
6441189
6441188
7241155
7222205
7733355
7339999

6660889
6222289
6333288
3371155
4771105
4471155
4479999

2270889
2777789
2366688
2361155
3361105
3441155
4449999

7330889
7733389
7441188
7441155
6241105
6222255
6669999

