1110889
1117689
2557688
2577666
2557440
2233444
3339999

1110889
1112689
4432688
4432666
4332270
5357777
5559999

1110889
1112689
3442688
3442666
3342270
5357777
5559999

1110889
1112689
5552688
5352666
4332270
4437777
4439999

1110889
1112689
5552688
5352666
3342270
3447777
3449999

2270889
2777789
2111688
2111655
4466650
4433355
4339999

6660889
6111289
6111288
7777255
4472250
4433355
4339999

6660889
6111289
6111288
7444255
7442250
7733355
7339999

3330889
2233689
2557688
2577666
2557440
1117444
1119999

7330889
7733389
7111288
7111255
6444250
6442255
6669999

1110889
1112789
2222788
6667755
6333750
6443355
4449999

4330889
4433389
4466688
2111655
2111650
2777755
2279999

7550439
7754439
7554433
7111883
6111280
6222288
6669999

6660889
6442289
6444288
7111255
7111250
7733355
7339999

1110889
1112289
4446288
7446255
7666250
7733355
7339999

4330889
4433389
4472288
7777255
6111250
6111255
6669999

7330889
7733389
7442288
7444255
6111250
6111255
6669999

6660889
6211189
6211188
7244455
7224450
7733355
7339999

7330889
7733389
7211188
7211155
6244450
6224455
6669999

4440869
4488869
5586662
5332222
5533370
1117777
1119999

1110449
1114449
3337777
2233755
2666850
2688855
2689999

1110449
1114449
7777666
2278655
2888650
2833355
2339999

1110449
1114449
7777333
2273355
2666850
2688855
2689999

1110559
1113359
2333558
2222888
6444870
6447777
6669999

1110889
1113389
2333788
2222755
6667750
6444755
6449999

1110889
1113389
2333788
2222755
6447750
6444755
6669999

5550889
5352689
4332688
4432666
4432270
1117777
1119999

3440889
3442689
3342688
5352666
5552270
1117777
1119999

4430889
4432689
4332688
5352666
5552270
1117777
1119999

5550889
5352689
3342688
3442666
3442270
1117777
1119999

6660889
6224489
6244488
7211155
7211150
7733355
7339999

7330889
7733389
7224488
7244455
6211150
6211155
6669999

6660889
6355849
6358844
3355244
3222270
1117777
1119999

4440559
6443359
6333558
6662888
2222870
1117777
1119999

6440889
6444789
6667788
2222755
2333750
1113355
1119999

6660889
6444789
6447788
2222755
2333750
1113355
1119999

7330889
7733389
7666288
7446255
4446250
1112255
1119999

1140889
1144689
1144688
7266655
7222250
7733355
7339999

1170449
1174449
1177666
2278655
2888650
2833355
2339999

1170449
1174449
1177333
2273355
2666850
2688855
2689999

4440889
6443389
6333788
6667755
2222750
1112755
1119999

3330889
1133689
1122688
1172666
5572440
5772444
5579999

5550889
5354689
3344688
3244666
3222270
1117777
1119999

3330889
1133789
1147788
1144755
6244750
6222255
6669999

1150569
1155569
1146668
2344888
2344870
2337777
2239999

6660889
6222289
6255788
1157777
1155440
1133444
3339999

6660889
6222289
6244788
1144755
1147750
1133755
3339999

6660889
6777789
6447288
4443255
1133250
1132255
1139999

1170889
1177489
1174488
3374455
6333250
6222255
6669999

6660559
6777759
6887552
1182222
1188440
1133444
3339999

1130889
1132289
1133288
4443255
6447250
6777755
6669999

7330889
7733389
7222288
7266655
1144650
1144655
1149999

3330119
5533119
5666118
5526888
4426870
4427777
4229999

5570889
5777789
5566688
1162222
1162440
1133444
3339999

6660119
6322119
6332118
4432888
4432870
5457777
5559999

5570889
5772689
5572688
1172666
1122440
1133444
3339999

6660119
6555119
6545118
2344888
2344870
2337777
2239999

6660889
6114489
6114488
7114255
7222250
7733355
7339999

7330889
7733389
7114488
7114455
6114250
6222255
6669999

6660889
6222289
6114288
7114455
7114450
7733355
7339999

1140889
1144789
1144788
3337755
6233750
6222255
6669999

7330889
7733389
7222288
7114255
6114450
6114455
6669999

6660889
6222289
6233788
3337755
1144750
1144755
1149999

3330119
2233119
2666118
2446888
2446870
5457777
5559999

6660889
6222289
6333288
3374455
1174450
1177455
1179999

2250569
2455569
2446668
2443888
1133870
1137777
1139999

4440889
3441189
3361188
2361155
2366650
2777755
2279999

6660889
6222289
6241188
7441155
7441150
7733355
7339999

7330889
7733389
7222288
7241155
6441150
6441155
6669999

6660889
6222289
6233388
7331155
7741150
7441155
7449999

4470889
4471189
4771188
3371155
6333250
6222255
6669999

7440889
7441189
7741188
7331155
6233350
6222255
6669999

6660889
6441189
6441188
7241155
7222250
7733355
7339999

6660889
6222289
6333288
3371155
4771150
4471155
4479999

2270889
2777789
2366688
2361155
3361150
3441155
4449999

7330889
7733389
7441188
7441155
6241150
6222255
6669999

