6660889
6222289
6333288
3375511
7777511
0445511
4449999

6660889
6222289
6333288
3374411
5574411
0577411
5579999

6660889
6777789
6447288
4443211
5533211
0532211
5539999

1110889
1112389
4442388
4472336
5572236
0577666
5579999

5570889
5777789
5532288
4433211
4463211
0463211
6669999

7330889
7733389
7111688
7111644
5566644
0522224
5529999

6660889
6111789
6111788
3337744
5533744
0522224
5529999

6660279
6111279
6111277
3332274
5533844
0588844
5589999

2550889
2544489
2554488
2266611
7777611
0733611
3339999

1110889
1115589
7777588
4475533
4463332
0462222
6669999

1110889
1115589
7777588
4475526
4422226
0433666
3339999

1110889
1112689
2222688
4466655
4477775
0433755
3339999

1110449
1118449
3888422
3877772
3365752
0365552
6669999

7330889
7733389
7222288
7266611
5544611
0544611
5549999

6660889
6222289
6255788
4457711
4455711
0433711
3339999

6660889
6222289
6233788
3337711
5544711
0544711
5549999

5570889
5777789
5566688
2222611
2333611
0443311
4449999

5570889
5777789
5511188
4411133
4463332
0462222
6669999

5570889
5777789
5511188
4411126
4422226
0433666
3339999

1110889
1112289
6662788
4462755
4462775
0433755
3339999

1110889
1112289
6662788
6442755
6442775
0433755
3339999

6660889
6222289
6211188
4411155
4477775
0433755
3339999

1110449
1118449
3888455
3877775
3362755
0362222
6669999

5550889
5354489
3344488
3271116
3271116
0277666
2279999

2230889
2334489
2344488
2371116
5571116
0577666
5579999

6660559
1168859
1168552
1188442
7777442
0733422
3339999

6660559
6777759
6887552
4482222
4488111
0433111
3339999

1170889
1175589
1177588
4475533
4463332
0462222
6669999

5570889
5777789
5566688
4462222
4462111
0433111
3339999

6660889
6222289
6255788
4457777
4455111
0433111
3339999

6660889
6222289
6233788
3337777
5544111
0544111
5549999

6660889
6222289
6273388
7777333
5544111
0544111
5549999

1170889
1175589
1177588
4475526
4422226
0433666
3339999

5570889
5772689
5572688
4472666
4422111
0433111
3339999

2110449
2114449
2118666
2278886
5573386
0577333
5579999

3330889
2233689
2557688
2577666
2557111
0447111
4449999

2110449
2114449
2113666
2273886
5573386
0577388
5579999

2110559
2118859
2118554
2288644
7777644
0733666
3339999

3330119
8833119
6822117
6882557
6662577
0442557
4449999

4440119
4486119
8886117
8336667
5533377
0522227
5529999

6660119
6884119
6844117
8844337
5533377
0522227
5529999

4440119
4486119
8886117
8666337
5533377
0522227
5529999

6660119
6883119
6833117
8834447
5534477
0522227
5529999

6660119
6883119
6833117
8834477
5534447
0522227
5529999

8830119
6833119
6883117
6663557
2222577
0442557
4449999

3330119
6833119
6888117
6668557
2222577
0442557
4449999

6660889
6222289
6211788
4411755
4411775
0433755
3339999

5570889
5771189
5571188
4471133
4463332
0462222
6669999

5570889
5771189
5571188
4471126
4422226
0433666
3339999

