6660889
6222289
6333288
3374411
5574411
5077411
5579999

5570889
5777789
5544488
6664411
6222211
6033211
3339999

4440889
4475589
7777588
6665511
6222211
6033211
3339999

6660339
6833379
6888772
1118472
1114472
5054422
5559999

6660889
6777789
6447288
4443211
5533211
5032211
5539999

7330889
7733389
7666288
7446211
4446211
5052211
5559999

1110889
1112689
7552688
7752666
7552244
7033444
3339999

1110889
1112389
4442388
4472336
5572236
5077666
5579999

1110889
1117289
4477288
4447255
6667225
6033355
6339999

1110889
1117289
4447288
4477255
6667225
6033355
6339999

1110889
1117289
4477288
4447255
6337225
6033355
6669999

1110889
1117289
4447288
4477255
6337225
6033355
6669999

5570889
5777789
5532288
4433211
4463211
4063211
6669999

6660889
6111289
6111288
7444255
7744225
7033355
7339999

7330889
7733389
7111688
7111644
5566644
5022224
5529999

6660889
6111789
6111788
3337744
5533744
5022224
5529999

6660889
6111789
6111788
2222774
2333744
5053344
5559999

6660279
6111279
6111277
3332274
5533844
5088844
5589999

1110889
1115589
7777588
4475533
4463332
4062222
6669999

1110889
1115589
7444588
7445533
7763332
7062222
6669999

1110449
1118449
7888545
7833555
7763332
7062222
6669999

6660449
6111449
6111347
2288377
2558337
2058837
2559999

4440869
4488869
2286667
2111557
2111577
2033557
3339999

1110889
1115589
7777588
4475526
4422226
4033666
3339999

1110889
1115589
7444588
7445526
7722226
7033666
3339999

7330889
7733389
7111488
7111446
2222446
5052666
5559999

3330889
2233689
2111688
2111666
2777744
5057444
5559999

1110889
1113389
7333288
7222255
7764445
7064455
6669999

6660889
6755589
6753588
2773311
2744311
2044311
2249999

5550449
5754449
7777666
2388611
2338611
2038811
2239999

1110889
1112689
2222688
4466655
4477775
4033755
3339999

7330889
7733389
7222288
7266611
5544611
5044611
5549999

6660889
6222289
6255788
4457711
4455711
4033711
3339999

6660889
6222289
6233788
3337711
5544711
5044711
5549999

2270889
2777789
2311188
2311155
3364445
3064455
6669999

2270889
2777789
2311188
2311155
6334445
6034455
6669999

6660889
6444789
6447788
2222711
2333711
5053311
5559999

6440889
6444789
6667788
2222711
2333711
5053311
5559999

5570889
5777789
5511188
4411133
4463332
4062222
6669999

5570889
5777789
5511188
4411126
4422226
4033666
3339999

1110889
1112289
7552488
7752446
7552446
7033666
3339999

1110889
1112289
6662788
4462755
4462775
4033755
3339999

6660889
6222289
6211188
4411155
4477775
4033755
3339999

1110449
1114449
3337777
2233786
2558886
2058666
2559999

1110449
1114449
7777333
2273386
2558886
2058666
2559999

4440889
6443389
6333788
6667711
2222711
5052711
5559999

1110449
1114449
7777388
2273386
2553886
2053666
2559999

7330559
7733359
7448552
7448882
6411182
6011122
6669999

1110889
1113389
2333788
2222755
6444775
6044755
6669999

6660889
6777789
6557488
2254411
2554411
2033311
2339999

6660889
6445589
6444588
2275511
2777711
2033311
2339999

5570889
5777789
5566688
2244611
2444611
2033311
2339999

2270889
2777789
2445588
2444511
6335511
6033311
6669999

2270889
2777789
2355588
2354511
3364411
3064411
6669999

2270889
2777789
2355588
2354511
6334411
6034411
6669999

7550449
7754449
7558322
7888332
6811132
6011132
6669999

2270889
2777789
2445588
2444511
6665511
6033311
6339999

2240889
2744389
2744388
2773311
6753511
6055511
6669999

3880449
3384449
6388722
6377772
6661112
5051112
5559999

5570889
5774489
5574488
2374666
2331116
2031116
2239999

5570889
5777789
5544488
2344666
2331116
2031116
2239999

2230889
2334489
2344488
2371116
5571116
5077666
5579999

7550889
7754489
7554488
7324666
3321116
3021116
3229999

3330449
2233449
2666847
2688877
2681117
5051117
5559999

3330449
8833449
7822545
7882555
7762111
7062111
6669999

2250539
2855539
2888337
2448377
6441117
6041117
6669999

1170889
1177389
1173388
2273666
2553446
2054446
2559999

1170889
1177839
1178833
2276663
2556443
2056444
2559999

1170449
1174449
1177333
2273386
2558886
2058666
2559999

6660559
1162259
1162557
1182477
8882447
8033447
3339999

1170449
1174449
1177388
2273386
2553886
2053666
2559999

3330889
1133879
1168872
1164772
6664472
5054422
5559999

3330889
1133789
1162788
1162774
6662744
5052244
5559999

3330889
2433689
2447688
2447666
2277111
5057111
5559999

1140889
1144389
1144388
2222336
2777736
5057666
5559999

6660559
6777759
6887552
4482222
4488111
4033111
3339999

3330449
1133449
1188422
1185552
6885752
6077772
6669999

6660559
1168859
1168557
1188477
2222447
2033447
3339999

4440889
4422689
7552688
7752666
7552111
7033111
3339999

1170889
1175589
1177588
4475533
4463332
4062222
6669999

5570889
5777789
5566688
4462222
4462111
4033111
3339999

6660889
6222289
6255788
4457777
4455111
4033111
3339999

6660889
6222289
6233788
3337777
5544111
5044111
5549999

6660889
6222289
6273388
7777333
5544111
5044111
5549999

1150579
1155579
1166677
2388674
2338644
2038844
2239999

1150579
1155579
1148877
2443876
2443886
2033666
2239999

4440889
4466689
1163388
1167333
1177772
5052222
5559999

1150539
1155539
1188337
4448377
6448827
6022227
6669999

1170889
1175589
1177588
4475526
4422226
4033666
3339999

5550889
5452689
7442688
7442666
7722111
7033111
3339999

6660449
8862449
7862545
7882555
7722111
7033111
3339999

5570889
5772689
5572688
4472666
4422111
4033111
3339999

4440889
4422839
1128837
1126337
1126377
5056667
5559999

4440889
4422389
1127388
1127336
1127736
5057666
5559999

4440889
6443389
6333788
6667777
2222111
5052111
5559999

4440119
4488119
2286117
2886557
2666577
2033557
3339999

4440889
4433689
3337688
2277666
2557111
2057111
2559999

1150569
1155569
1176668
7777888
2222844
2033444
3339999

3330889
4433689
4447688
2277666
2557111
2057111
2559999

2110449
2114449
2118666
2278886
5573386
5077333
5579999

3330889
2233689
2447688
2447666
2477111
5057111
5559999

2110449
2114449
2113666
2273886
5573386
5077388
5579999

2110449
2114449
2117777
2285756
8885556
8033666
3339999

2110449
2114449
2116667
2286557
8886577
8033557
3339999

2110449
2114449
2117777
2233786
3338886
5058666
5559999

2440119
2444119
2666117
2286557
8886577
8033557
3339999

3330889
2233869
2118867
2116667
2114477
5054447
5559999

3330889
2233879
2118877
2114476
2114476
5054666
5559999

3330449
2233449
2117488
2117786
2117886
5057666
5559999

3330889
2233689
2117688
2117666
2117744
5057444
5559999

3330449
2233449
2118847
2116877
2116887
5056667
5559999

3330889
2233789
2117788
2116744
2116744
5056664
5559999

3330119
8833119
6822117
6882477
6662447
5052447
5559999

4450579
4455579
4118877
2113876
2113886
2033666
2239999

6660559
6777759
6117558
2113888
2113844
2033444
2239999

4440119
4486119
8886117
8336667
5533377
5022227
5529999

6660119
6884119
6844117
8844337
5533377
5022227
5529999

4440119
4486119
8886117
8666337
5533377
5022227
5529999

6660119
6883119
6833117
8834447
5534477
5022227
5529999

6660119
6883119
6833117
8834477
5534447
5022227
5529999

7330559
7733359
7118552
7118882
6114482
6044422
6669999

7330559
7733359
7112558
7112888
6112844
6022444
6669999

7550119
7756119
7556118
7666888
2222844
2033444
3339999

6660119
6555119
6575118
7777888
2222844
2033444
3339999

4440119
4486119
8886117
8666557
2222577
2033557
3339999

6660119
6884119
6844117
8844557
2222577
2033557
3339999

2270889
2777789
2114488
2114455
6114335
6033355
6669999

8830119
6833119
6883117
6663477
2222447
5052447
5559999

3330119
6833119
6888117
6668477
2222447
5052447
5559999

8850579
3855579
3882277
3311274
6311244
6011244
6669999

6660889
6222289
6211788
4411755
4411775
4033755
3339999

6660889
6441189
6441188
7421155
7722225
7033355
7339999

6660889
4461189
4461188
7421155
7722225
7033355
7339999

2230889
2331189
2371188
2371155
6774445
6074455
6669999

2270889
2771189
2371188
2371155
6334445
6034455
6669999

2270889
2771189
2371188
2371155
3364445
3064455
6669999

3220889
3321189
7321188
7321155
7764445
7064455
6669999

7220889
7721189
7321188
7321155
6334445
6034455
6669999

7220889
7721189
7321188
7321155
3364445
3064455
6669999

5550889
5451189
4471188
4471133
6773332
6072222
6669999

5570889
5771189
5571188
4471133
4463332
4062222
6669999

5550889
5451189
7441188
7441133
7763332
7062222
6669999

7550889
7751189
7551188
7441133
6443332
6042222
6669999

5570889
5771189
5571188
4471126
4422226
4033666
3339999

5550889
5451189
7441188
7441126
7722226
7033666
3339999

