6660889
6222289
6333288
3375511
7777511
4405511
4449999

7330889
7733389
7442288
7444211
6555211
6505211
6669999

4330889
4433389
4472288
7777211
6555211
6505211
6669999

7330889
7733389
7111288
7111244
6555244
6505224
6669999

6660449
6111449
6111347
2288377
2558337
2508837
2559999

1110449
1114449
3882222
3382555
6388575
6307777
6669999

5570889
5777789
5566688
2222611
2333611
4403311
4449999

1110449
1114449
3337777
2233786
2558886
2508666
2559999

1110449
1114449
7777333
2273386
2558886
2508666
2559999

1110449
1114449
7777388
2273386
2553886
2503666
2559999

1110889
1113389
2333788
2222774
6555744
6505744
6669999

2250539
2855539
2888337
2448377
6441117
6401117
6669999

1170889
1177389
1173388
2273666
2553446
2504446
2559999

1170889
1177839
1178833
2276663
2556443
2506444
2559999

1170449
1174449
1177333
2273386
2558886
2508666
2559999

1170449
1174449
1177388
2273386
2553886
2503666
2559999

2230449
2334449
2355511
2358511
6888711
6807777
6669999

4440889
4433689
3337688
2277666
2557111
2507111
2559999

3330889
4433689
4447688
2277666
2557111
2507111
2559999

3330889
2233689
2557688
2577666
2557111
4407111
4449999

2270889
2777789
2443388
2444333
6555111
6505111
6669999

1150579
1155579
1133277
3338274
6888244
6802244
6669999

3330119
8833119
6822117
6882557
6662577
4402557
4449999

8830119
6833119
6883117
6663557
2222577
4402557
4449999

3330119
6833119
6888117
6668557
2222577
4402557
4449999

7550889
7751189
7551188
7441133
6443332
6402222
6669999

