1110229
1118279
3888277
3844276
3344476
5350666
5559999

6660889
6222289
6333288
3374411
5574411
5770411
5579999

6660889
6222289
6443288
4443311
7777311
5750311
5559999

6660889
6777789
6357588
3355511
3222211
3440211
4449999

1110889
1113389
2333788
2555774
2565744
2260744
6669999

1110889
1112389
5572388
5772336
5572236
4470666
4449999

1110889
1112389
7552388
7752336
7552236
7440666
4449999

1110889
1112389
4442388
4472336
5572236
5770666
5579999

1110889
1112389
4442388
7442336
7552236
7750666
7559999

3330889
2233879
2558877
2544476
2554476
1110666
1119999

3330889
2233689
2555688
2575666
2777744
1110444
1119999

3330889
5533289
5222288
5566611
7777611
4470611
4449999

3440229
3444279
3388277
5358276
5558876
1110666
1119999

3330229
4433279
4488277
5458276
5558876
1110666
1119999

2550339
2533379
2557777
2266611
4488611
4480611
4889999

2550889
2566689
2553688
2273611
4773311
4470311
4479999

6660889
6222289
6111288
7111333
7553344
7750444
7559999

6660889
6222289
6111288
7111444
7553344
7750333
7559999

7330889
7733389
7222288
7445256
4445556
1110666
1119999

6660889
6355589
6357588
3377774
3222244
1110244
1119999

5570889
5777789
5566688
2364411
2364411
2330411
2239999

1110889
1112689
2222688
7333666
7553344
7750444
7559999

4440889
4466689
2222688
2333655
3377775
1110755
1119999

6660889
6222289
6233388
7334411
7554411
7750411
7559999

2230449
2334449
2311188
2311186
7777886
5750666
5559999

6660449
6884449
6811132
8811132
7777332
5750322
5559999

2330559
2833359
2888554
2278644
7777644
1110666
1119999

7330889
7733389
7224488
7244411
6255511
6250511
6669999

2550339
2533389
2558884
2278644
7777644
1110666
1119999

1110889
1113389
2333488
2222446
7777446
5750666
5559999

1110889
1113389
2333788
2222755
6444775
6440755
6669999

5570889
5772389
5572388
4472336
4442236
1110666
1119999

4440889
4472389
5572388
5772336
5572236
1110666
1119999

7550889
7752389
7552388
7442336
4442236
1110666
1119999

4440889
7442389
7552388
7752336
7552236
1110666
1119999

6660239
6555239
6585233
8887223
8777744
1110444
1119999

2230889
2334489
2344488
2366611
7777611
5750611
5559999

8850569
2855569
2886664
2777744
2273344
1110333
1119999

6660449
8864449
3861112
3881112
3377772
5350722
5559999

3330889
5533289
5222288
5571116
4771116
4470666
4479999

7550889
7754489
7554488
7333426
3322226
1110666
1119999

4440339
4433329
6822227
6888557
6668577
1110557
1119999

3330889
5533289
5222288
5574446
7777446
1110666
1119999

5570889
5777789
5533488
3332446
2222446
1110666
1119999

4440889
6443389
6333788
6662755
2222775
1110755
1119999

5570889
5777789
5533388
2331116
2441116
2440666
2249999

2550339
2533379
2557777
2281116
8881116
8440666
4449999

2230889
2334489
2344488
2371116
5571116
5770666
5579999

5570449
5774449
5578811
2378611
2388611
2330666
2239999

2650539
2655539
2666733
2277773
4488111
4480111
4889999

6660889
6222289
6333288
4443355
4477775
1110755
1119999

6660239
6884239
6844233
8844223
7777111
5750111
5559999

6660239
6557239
6577233
8557223
8887111
4480111
4449999

4440239
4486239
8886233
8666223
7777111
5750111
5559999

6660239
6555239
6575233
7777223
4488111
4480111
4889999

7550239
7756239
7556233
7666223
4488111
4480111
4889999

6660239
6444239
6844233
7888223
7558111
7750111
7559999

1120449
1124449
1128666
7228886
7553386
7750333
7559999

1120449
1124449
1123666
7223886
7553386
7750388
7559999

1150529
1155529
1144427
8844227
6833377
6880337
6669999

8850569
3855569
3886662
3372222
4377111
4470111
4479999

5550449
5357449
3377422
3887112
3867112
8860112
6669999

3330449
6833449
6888422
6668112
7777112
5750112
5559999

8830449
6833449
6883422
6663112
7777112
5750112
5559999

4440889
4433689
3332688
2222666
7777111
5750111
5559999

3330889
4433689
4442688
2222666
7777111
5750111
5559999

6660449
6334449
6833322
7888112
7558112
7750112
7559999

6660889
6355589
6352588
3372222
3777744
1110444
1119999

5550889
5357689
3377688
3227666
3427111
4420111
4429999

5570889
5777789
5533388
4332222
4462111
4460111
6669999

6660339
6433389
6448887
2448557
2222577
1110557
1119999

5570889
5777789
5533388
2334446
2222446
1110666
1119999

4440869
4488869
3386667
2333557
2222577
1110557
1119999

1150579
1155579
1148877
2344876
2344886
2330666
2239999

1140889
1144689
1144688
2366655
2377775
2330755
2239999

4440889
7442689
7732688
7332666
7322111
5350111
5559999

5570449
5774449
5572222
8873332
6833111
6880111
6669999

8850579
6855579
6882277
6663274
1133244
1130244
1139999

3330229
6833249
6888244
6668244
7777111
5750111
5559999

3330889
5533289
5222288
5574446
1177446
1170666
1179999

8830229
6833249
6883244
6663244
7777111
5750111
5559999

5550229
5357249
3377244
3887244
3867111
8860111
6669999

2110449
2114449
2118666
2278886
5573386
5770333
5579999

3330889
2233689
2555688
2575666
2477111
4470111
4479999

3330889
2233689
2744688
2744666
2774111
5750111
5559999

2230889
2334689
2344688
2344666
7777111
5750111
5559999

2230889
2433689
2443688
2443666
7777111
5750111
5559999

2110449
2114449
2113666
2273886
5573386
5770388
5579999

6660889
6355589
6352588
3372222
3477111
4470111
4479999

6660439
6884439
6824433
8822223
7777111
5750111
5559999

2550339
2533389
2558884
2278644
1177644
1170666
1179999

2330559
2833359
2888554
2278644
1177644
1170666
1179999

7550449
7754449
7558666
7228886
1123386
1120333
1129999

7550449
7754449
7553666
7223886
1123386
1120388
1129999

8830119
6833119
6883117
6663557
2222577
2440557
4449999

3330119
6833119
6888117
6668557
2222577
2440557
4449999

7330559
7733359
7666558
7226888
1126844
1120444
1129999

5570449
5774449
5573666
2273886
2113386
2110388
2119999

8830119
6833119
6883112
6663442
7777442
5750422
5559999

4470119
4477119
3478112
3378882
6355582
6350522
6669999

3330119
6833119
6888112
6668442
7777442
5750422
5559999

7440119
7444119
7738112
7338882
6355582
6350522
6669999

5550119
5357119
3377112
3887442
3867442
8860422
6669999

2250539
2855539
2888733
2118743
6117744
6110744
6669999

6660119
8862119
3862117
3882477
3322447
5350447
5559999

2250539
2855539
2888337
2118377
6114447
6110447
6669999

6660449
6884449
6822227
8823557
1133577
1130557
1139999

5570449
5774449
5578666
2278886
2113386
2110333
2119999

7330559
7733359
7211558
7211888
6211844
6220444
6669999

5570889
5777789
5511488
2311446
2311446
2330666
2239999

4440229
4481129
8881127
8551127
6533377
6550337
6669999

2250579
2455579
2448877
2443876
1133886
1130666
1139999

6660889
6441189
6441188
2341155
2377775
2330755
2239999

2550339
2533379
2551177
2281176
8881176
8440666
4449999

4440889
7441189
7731188
7331126
7322226
5350666
5559999

6660889
2261189
2761188
2771144
2733344
5750334
5559999

