1110889
1114489
2244488
2666755
2677775
2633055
3339999

5570889
5777789
5566688
2222611
3332611
4433011
4449999

5570889
5777789
5566688
2222611
4442611
4433011
3339999

6660889
6222289
6333288
3374411
5574411
5774011
5579999

1110449
1114449
2222666
5572886
5777786
5533088
3339999

6660889
6555289
6575288
7777211
3332211
4433011
4449999

7550889
7756289
7556288
7666211
3332211
4433011
4449999

6660889
6555289
6575288
7777211
4442211
4433011
3339999

7550889
7756289
7556288
7666211
4442211
4433011
3339999

1110449
1114449
2555666
2575886
2777786
2233088
3339999

1110889
1117689
2557688
2577666
2557444
2233044
3339999

3330889
2233689
2557688
2577666
2557444
1117044
1119999

3330449
2233449
2666847
2688877
2685557
1115057
1119999

6660449
6111449
6111847
2388877
2385557
2335057
2239999

6660239
6222239
6111337
8111377
8885557
4485057
4449999

2440889
2443789
2433788
2237711
6535711
6555011
6669999

6660889
6555789
6535788
2337711
2344711
2344011
2249999

6660889
6222289
6111288
4111755
4477775
4433055
3339999

5570889
5777789
5566688
2364411
2364411
2334011
2239999

5570889
5777789
5566688
2344611
2344611
2334011
2239999

6660889
6777789
6575388
2555311
2443311
2443011
2249999

5570889
5777789
5566688
2443611
2443611
2433011
2239999

6660559
6777759
6337552
4433382
4448882
1118022
1119999

4440889
4455789
2657788
2655711
2666711
2233011
3339999

4440889
4466689
2555688
2575611
2777711
2233011
3339999

1110449
1114449
6662222
6882755
6877775
8833055
3339999

4440559
4433359
6337552
6777782
6668882
1118022
1119999

3330889
5533289
5222288
5577774
6111744
6111044
6669999

4440889
4466689
2222688
2333655
3377775
1117055
1119999

4470889
4472289
4776288
5576211
5666211
5533011
3339999

1110449
1114449
6665552
6885752
6877772
8833022
3339999

5570889
5777789
5544488
6664411
6222211
6233011
3339999

4440889
4475589
7777588
6665511
6222211
6233011
3339999

6660889
6222289
6244388
7444311
7553311
7753011
7559999

6660889
6222289
6244488
5574411
5777711
5533011
3339999

6660889
6222289
6275588
7777511
4445511
4433011
3339999

6660889
6222289
6233388
7334411
7554411
7754011
7559999

6660889
6222289
6275588
7777511
3335511
4433011
4449999

3880449
3384449
6388722
6377772
6665552
1115052
1119999

4440889
4411189
2211188
2666755
2677775
2633055
3339999

4440889
4466689
2222688
5572611
5777711
5533011
3339999

6660889
6555789
6535788
2237711
2433711
2443011
2449999

2240889
2344789
2344788
2337711
6535711
6555011
6669999

2270889
2777789
2554488
2544411
6553311
6333011
6669999

2270889
2777789
2555388
2545311
6443311
6443011
6669999

6660449
8864449
3861112
3881112
3377772
5357022
5559999

8850569
3855569
3886662
3371112
4371112
4477022
4479999

6660239
6555239
6585233
8882243
8777744
1117044
1119999

6660889
6222289
6333288
4443355
4477775
1117055
1119999

6660889
1167289
1167288
1177255
4447225
4433055
3339999

6660889
1167289
1167288
1177255
3337225
4433055
4449999

3330889
1133689
1122688
1172666
5572444
5772044
5579999

5550449
5754449
7777112
6663112
6883112
6833022
8839999

6660449
8864449
3867112
3887112
3377112
5357022
5559999

5550449
5754449
7777112
6668112
6888112
6833022
3339999

1140889
1144689
1144688
2366655
2377775
2337055
2239999

6660889
6222289
6255788
1157777
1155444
1133044
3339999

6660889
6222289
6244488
1144755
1177775
1133055
3339999

6660559
6777759
6887552
1182222
1188444
1133044
3339999

3330889
4433289
4447288
1177255
1167225
1167055
6669999

4440889
4433289
3337288
1177255
1167225
1167055
6669999

4440119
4488119
2238117
2338877
2365557
2365057
6669999

4440119
4488119
6668117
6328877
6325557
3325057
3229999

5570889
5777789
5566688
1162222
1162444
1133044
3339999

4440119
4488119
3228117
3328877
6325557
6325057
6669999

2110889
2113789
2113788
2233774
6535744
6555044
6669999

6660559
6777759
6887552
1184442
1188442
1133022
3339999

5550449
5754449
7777862
1188862
1186662
1133022
3339999

5550449
5754449
7777332
1133382
1168882
1168022
6669999

5570889
5772689
5572688
1172666
1122444
1133044
3339999

4440119
4488119
6668117
2368877
2365557
2335057
2239999

5570889
5777789
5544488
1144666
1122226
1133026
3339999

5570889
5774489
5574488
1174666
1122226
1133026
3339999

6660889
6222289
6444288
1144755
1177775
1133055
3339999

6440119
6444119
6668112
5578882
5777782
5533022
3339999

6660119
6444119
6448112
5578882
5777782
5533022
3339999

6660889
6555789
6535788
2233774
2113744
2113044
2119999

2250579
2855579
2888377
2118374
6113344
6113044
6669999

6660119
6388119
6338117
2238877
2435557
2445057
2449999

6660889
6222289
6333288
3374455
1174445
1177055
1179999

6660889
6441189
6441188
2341155
2377775
2337055
2239999

