1110889
1117689
2277688
2447666
2447555
2433505
3339999

1110889
1117689
2477688
2447666
2447555
2233505
3339999

3330889
2233689
2447688
2447666
2477555
1117505
1119999

6660229
6111329
6111327
5553327
5453877
4488807
4489999

1110889
1115589
7777588
3375544
6333244
6222204
6669999

2270889
2777789
2443388
2444333
6111555
6111505
6669999

4480229
4488829
5453827
5553327
6111377
6111307
6669999

1110229
1118629
3888627
3866627
3344477
5354407
5559999

6660889
6311189
6311188
7332222
7732555
7444505
7449999

6660889
6311189
6311188
3372222
3472555
4477505
4479999

5570889
5777789
5511188
3311144
6333244
6222204
6669999

1110889
1113689
4443688
4433666
5532222
5777702
5579999

1110559
1118859
4448557
4488337
6233377
6222207
6669999

1110559
1113359
8333557
8884447
6284477
6222207
6669999

1110559
1113359
8333557
8884477
6284447
6222207
6669999

1110559
1113359
2333557
2222887
6444877
6448807
6669999

1110889
1113389
2333688
2222644
5566644
5777704
5579999

6660889
6222289
6333288
3311144
5511144
5777704
5579999

3330889
2433689
2447688
2447666
2277555
1117505
1119999

4440559
6443359
6333557
6662887
2222877
1118807
1119999

6660449
6883449
6833422
8831112
5531112
5777702
5579999

5550229
5354429
3344427
3866627
3888677
1118607
1119999

5570889
5777789
5566688
2222644
2333644
1113304
1119999

5550449
5354449
3322227
3866627
3888677
1118607
1119999

1170889
1177389
1173388
2273644
2553644
2566604
2559999

6660889
6222289
6333288
3375544
7777544
1115504
1119999

4440889
6443389
6333788
6667777
2222555
1112505
1119999

3330449
1133449
1168422
1168882
5566682
5777702
5579999

3330229
1133829
1188827
1185527
6444577
6445507
6669999

3330889
1133689
1122688
1172666
4772555
4472505
4479999

6660889
1163289
1163288
1133244
5532244
5777704
5579999

3330889
1133689
1144688
1144666
5542222
5777702
5579999

3330889
1133789
1155788
1157744
6255744
6222204
6669999

1150569
1155569
1146667
2344887
2344877
2338807
2239999

6660889
6222289
6255788
1157744
1155744
1133704
3339999

1170889
1175589
1177588
3375544
6333244
6222204
6669999

6660229
6445529
6444527
1185527
1188877
1133807
3339999

1180229
1188829
1133827
3335527
6444577
6445507
6669999

4440119
8446119
8886117
5586667
5222277
5533207
3339999

5570889
5777789
5532288
1133244
1163244
1163204
6669999

3330119
5533119
5666117
5526887
4426877
4428807
4229999

2110889
2117689
2117688
2277666
3337555
4433505
4449999

6660119
6322119
6332117
4432887
4432877
5458807
5559999

2110889
2117689
2117688
2277666
4447555
4433505
3339999

4470889
4472689
4772688
1172666
1122555
1133505
3339999

2550889
2566689
2553688
2273644
1173344
1177304
1179999

6660119
6555119
6545117
2344887
2344877
2338807
2239999

6660229
6445529
6444527
3335527
1133877
1188807
1189999

1150569
1155569
1126667
3322227
4333877
4488807
4489999

4440889
4433689
3337688
2277666
2117555
2117505
2119999

2250539
2855539
2888337
2118377
6114447
6114407
6669999

3330889
4433689
4447688
2277666
2117555
2117505
2119999

6660889
6222289
6273388
7777333
1144555
1144505
1149999

6660889
6222289
6233788
3337777
1144555
1144505
1149999

3330119
2233119
2666117
2446887
2446877
5458807
5559999

6660119
6555119
6525117
3322227
4333877
4488807
4489999

6660889
6222289
6333288
3375544
1177544
1175504
1179999

2230889
2331189
2361188
2361144
5566644
5777704
5579999

5570889
5777789
5566688
2361144
2361144
2331104
2239999

6660229
8861129
3861127
3881127
3344477
5354407
5559999

2250569
2455569
2446667
2443887
1133877
1138807
1139999

5550229
5354429
3344427
3881127
3861177
8861107
6669999

6660889
6222289
6233388
7331144
7551144
7751104
7559999

2250569
2455569
2446667
2443337
1133877
1188807
1189999

5570889
5771189
5571188
3371144
6333244
6222204
6669999

5550449
5354449
3322227
3881127
3861177
8861107
6669999

7550889
7751189
7551188
7331144
6233344
6222204
6669999

6660889
6222289
6333288
3371144
5571144
5771104
5579999

