4440339
4433379
1117777
1118555
6888525
6822220
6669999

1110889
1117689
2557688
2577666
2557444
2233440
3339999

1110449
1117449
2777748
2555888
2565833
2263330
6669999

1110449
1117449
2777743
2555883
2565833
2268830
6669999

1110889
1112689
5572688
5772666
5572233
4473330
4449999

1110889
1112689
7552688
7752666
7552233
7443330
4449999

1110889
1112689
4442688
4472666
5572233
5773330
5579999

1110889
1112689
4442688
7442666
7552233
7753330
7559999

2270559
2777759
2111558
2111888
6444833
6443330
6669999

2270559
2777759
2111553
2111883
6444833
6448830
6669999

3330889
2233689
2557688
2577666
2557444
1117440
1119999

6660229
6555249
6585244
8887244
8777733
1113330
1119999

1110889
1115589
7777588
3375544
6333244
6222240
6669999

1110449
1112449
2222455
8877775
6833755
6883330
6669999

1110229
1115529
7777523
8875523
6844433
6884430
6669999

1110229
1118829
4448623
4488623
5566633
5777730
5579999

5570229
5777729
5511123
8811123
6844433
6884430
6669999

5570889
5777789
5511188
3311144
6333244
6222240
6669999

6660449
6884449
6822223
8811123
5511133
5777730
5579999

6660229
6884429
6844423
8811123
5511133
5777730
5579999

1110889
1113389
2333688
2222644
5566644
5777740
5579999

5570889
5772689
5572688
4472666
4442233
1113330
1119999

7550889
7752689
7552688
7442666
4442233
1113330
1119999

4440889
4472689
5572688
5772666
5572233
1113330
1119999

4440889
7442689
7552688
7752666
7552233
1113330
1119999

6660889
6222289
6333288
3311144
5511144
5777740
5579999

5570449
5774449
5571113
2271113
2666833
2688830
2689999

6660559
6777759
6447553
4442883
2222833
1118830
1119999

6660559
6777759
6447558
4442888
2222833
1113330
1119999

5570229
5777729
5566623
4488623
4448633
1118830
1119999

6660229
6884429
6844423
8875523
7777533
1115530
1119999

5550449
5754449
2788111
2778111
2768833
2263330
6669999

5550449
5754449
7777211
6663211
6883211
6833220
8839999

6660449
8864449
3867211
3887211
3377211
5357220
5559999

5550449
5754449
7777211
6668211
6888211
6833220
3339999

5570889
5777789
5566688
2222644
2333644
1113340
1119999

6440889
6444839
6668833
2222553
2777753
1117550
1119999

6660889
6444839
6448833
2222553
2777753
1117550
1119999

5570449
5774449
5572222
8872111
6833111
6883330
6669999

3330889
5533289
5222288
5576111
4776111
4476660
4479999

2550339
2533379
2557777
2286111
8886111
8446660
4449999

5570889
5777789
5533388
2336111
2446111
2446660
2249999

5570889
5777789
5533388
4332222
4461112
4461110
6669999

6660889
2264489
2764488
2774111
2733111
5753330
5559999

2230889
2334489
2344488
2376111
5576111
5776660
5579999

6660449
6884449
6822223
8875523
7777533
1115530
1119999

1170889
1177389
1173388
2273644
2553644
2566640
2559999

1170889
1177839
1178833
2276663
2554463
2544460
2559999

6660889
6222289
6455288
4457777
4455733
1113330
1119999

6660889
6222289
6333288
3375544
7777544
1115540
1119999

6660559
1162259
1162553
1172883
4772833
4478830
4479999

6660559
1162259
1162558
1172888
4772833
4473330
4479999

1170889
1177869
1178863
2276663
2554433
2544430
2559999

1170449
1177449
1175453
2275553
2666833
2688830
2689999

1150579
1155579
1144773
2244473
2666833
2688830
2689999

2230449
2334449
2355511
2358511
6888711
6877770
6669999

1120449
1124449
1126663
7226883
7556833
7758830
7559999

1120449
1124449
1126668
7226888
7556833
7753330
7559999

2270559
2777759
2666553
2446883
4446833
1118830
1119999

3330889
1133689
1122688
1172666
5572444
5772440
5579999

2270559
2777759
2666558
2446888
4446833
1113330
1119999

6660889
1163289
1163288
1133244
5532244
5777740
5579999

6660559
6777759
6447553
2444883
2222833
1118830
1119999

6660449
6554449
6577773
2557883
2222833
1118830
1119999

6660559
6777759
6447558
2444888
2222833
1113330
1119999

6660889
6554489
6544488
2557777
2222733
1113330
1119999

6660449
6554449
6577778
2557888
2222833
1113330
1119999

1120449
1124449
1127777
8822575
6833555
6883330
6669999

1120479
1124479
1124477
8822575
6833555
6883330
6669999

3330889
1133789
1155788
1157744
6255744
6222240
6669999

1150569
1155569
1186662
8882222
8337777
4433370
4449999

1150569
1155569
1186662
8882222
8777733
4473330
4449999

5570889
5777789
5566688
1162222
1164442
1133440
3339999

6660889
6222289
6255788
1157744
1155744
1133740
3339999

6660889
6222289
6255788
1157777
1155444
1133440
3339999

1170889
1175589
1177588
3375544
6333244
6222240
6669999

6660559
6777759
6887552
1182222
1188444
1133440
3339999

1170229
1175529
1177523
8875523
6844433
6884430
6669999

2240119
2644119
2644113
2666883
7777833
5758830
5559999

2240119
2446119
2446113
2666883
7777833
5758830
5559999

1130449
1134449
1133555
6663575
6887777
6822220
8829999

1150539
1155539
1144433
6664473
6887777
6822220
8829999

2240119
2644119
2644118
2666888
7777833
5753330
5559999

2240119
2446119
2446118
2666888
7777833
5753330
5559999

5570889
5777789
5532288
1133244
1163244
1163240
6669999

5570889
5777789
5566688
1162222
1162444
1133440
3339999

1150569
1155569
1176668
7777888
2222833
2443330
4449999

1150569
1155569
1176663
7777883
2222833
2448830
4449999

6660119
6422119
6442113
7442883
7552833
7758830
7559999

6660119
6422119
6442118
7442888
7552833
7753330
7559999

6660119
6555119
6585112
8882222
8777733
4473330
4449999

2110449
2114449
2116668
2276888
5576833
5773330
5579999

6660119
6555119
6585112
8882222
8337777
4433370
4449999

2110449
2114449
2116663
2276883
5576833
5778830
5579999

2650579
2655579
2666773
2244473
1144833
1188830
1189999

5570889
5772689
5572688
1172666
1122444
1133440
3339999

2550889
2566689
2553688
2273644
1173344
1177340
1179999

6660119
6557119
6577113
2557883
2447833
2448830
2249999

6660559
6112259
6112553
7112883
7742833
7448830
7449999

6660119
6557119
6577118
2557888
2447833
2443330
2249999

6660559
6112259
6112558
7112888
7742833
7443330
7449999

2440119
2444119
2666118
2276888
5576833
5773330
5579999

2440119
2444119
2666113
2276883
5576833
5778830
5579999

4470559
4472259
4772553
1172883
1162833
1168830
6669999

4470559
4472259
4772558
1172888
1162833
1163330
6669999

6440119
6444119
6662118
2222888
7777833
5753330
5559999

6660119
6444119
6442118
2222888
7777833
5753330
5559999

6660119
6444119
6442113
2222883
7777833
5758830
5559999

6440119
6444119
6662113
2222883
7777833
5758830
5559999

6660229
6884429
6844423
8875523
1177533
1175530
1179999

7550449
7754449
7556668
7226888
1126833
1123330
1129999

7550449
7754449
7556663
7226883
1126833
1128830
1129999

6660119
6555119
6575113
7777883
2222833
2448830
4449999

7550119
7756119
7556113
7666883
2222833
2448830
4449999

6660119
6555119
6575118
7777888
2222833
2443330
4449999

7550119
7756119
7556118
7666888
2222833
2443330
4449999

5570449
5774449
5576668
2276888
2116833
2113330
2119999

6440889
6444839
6668833
2277773
2115753
2115550
2119999

6660889
6444839
6448833
2277773
2115753
2115550
2119999

7440559
7442259
7742558
7112888
6112833
6113330
6669999

7440559
7442259
7742553
7112883
6112833
6118830
6669999

7440119
7442119
7742113
7552883
6522833
6558830
6669999

7440119
7442119
7742118
7552888
6522833
6553330
6669999

2250579
2855579
2888773
2118473
6114433
6114430
6669999

5570449
5774449
5576663
2276883
2116833
2118830
2119999

7550449
7754449
7558666
7338886
1133386
1122220
1129999

6660449
6884449
6822223
8875523
1177533
1175530
1179999

6660889
6222289
6333288
3375544
1177544
1175540
1179999

2230889
2331189
2361188
2361144
5566644
5777740
5579999

2650579
2655579
2666773
2281173
8881133
8441130
4449999

5570889
5777789
5566688
2361144
2361144
2331140
2239999

5570229
5771129
5571123
8871123
6844433
6884430
6669999

6660229
6884429
6844423
8871123
5571133
5771130
5579999

6660889
6222289
6233388
7331144
7551144
7751140
7559999

2230449
2334449
2388666
2378556
1178856
1177550
1179999

5570889
5771189
5571188
3371144
6333244
6222240
6669999

6660449
6884449
6822223
8871123
5571133
5771130
5579999

6660889
2261189
2761188
2771144
2733444
5753330
5559999

7550889
7751189
7551188
7331144
6233344
6222240
6669999

6660889
6222289
6333288
3371144
5571144
5771140
5579999

