1110449
1116449
2236455
2336665
2388755
2387777
0889999

1110449
1114449
2233355
2666335
2688755
2687777
0889999

1110449
1114449
2255588
2753586
2773886
2733666
0739999

1110889
1114489
2244488
2666755
2677775
2633355
0339999

5570889
5777789
5566688
2222611
4442611
4433311
0339999

6660889
6222289
6333288
3375511
7777511
4445511
0449999

6660889
6222289
6333288
3375511
4477511
4475511
0479999

1110449
1114449
2222666
5572886
5777786
5533388
0339999

6660889
6222289
6555288
3575411
3774411
3374411
0379999

6660889
6777789
6357588
3355511
3222211
3444211
0449999

6660889
6555289
6575288
7777211
4442211
4433311
0339999

7550889
7756289
7556288
7666211
4442211
4433311
0339999

1110889
1113389
2333788
2666774
2556744
2256744
0559999

1110889
1117689
2557688
2577666
2557444
2233344
0339999

1110449
1114449
2555666
2575886
2777786
2233388
0339999

1110889
1112389
7552388
7752336
7552236
7444666
0449999

2550889
2566689
2553688
2273611
4473311
4477311
0479999

6660889
6222289
6111288
4111755
4477775
4433355
0339999

1110889
1112389
2222388
6663344
6553744
6577774
0559999

5570889
5777789
5566688
3111644
3111644
3322224
0329999

4440889
4455789
2657788
2655711
2666711
2233311
0339999

4440889
4466689
2555688
2575611
2777711
2233311
0339999

1110449
1114449
6662222
6882755
6877775
8833355
0339999

4470889
4472289
4776288
5576211
5666211
5533311
0339999

1110449
1114449
6665552
6885752
6877772
8833322
0339999

5570889
5777789
5544488
6664411
6222211
6233311
0339999

4440889
4475589
7777588
6665511
6222211
6233311
0339999

6660889
6222289
6244488
5574411
5777711
5533311
0339999

6660889
6222289
6275588
7777511
4445511
4433311
0339999

5570889
5777789
5566688
2222611
2333611
4443311
0449999

4440889
4411189
2211188
2666755
2677775
2633355
0339999

4440889
4466689
2222688
5572611
5777711
5533311
0339999

6660889
6224489
6244488
3275511
3277511
3375511
0379999

3330889
5533289
5222288
5571116
4471116
4477666
0479999

2550339
2533379
2557777
2281116
8881116
8444666
0449999

5550889
5354489
3344488
3722666
3721116
7721116
0729999

5550889
5754489
7744488
3722666
3721116
3321116
0329999

6660889
1167289
1167288
1177255
4447225
4433355
0339999

6660559
1168859
1168557
1188337
4433377
4422227
0429999

5550449
5754449
7777112
6668112
6888112
6833322
0339999

1130449
1134449
1133887
6663877
6558827
6522227
0559999

4470889
4477689
4372688
3372666
3552111
3522111
0559999

6660889
6222289
6244488
1144755
1177775
1133355
0339999

6660889
6222289
6255788
1157777
1155444
1133344
0339999

6660559
6777759
6887552
1182222
1188444
1133344
0339999

1130889
1132289
1133288
6663244
6557244
6577774
0559999

6660239
6222239
6777733
1175543
1188544
1185544
0889999

5570449
5773449
5573422
1173362
1188362
1186662
0889999

5570889
5777789
5566688
1162222
1162444
1133344
0339999

3330889
2233689
2557688
2577666
2557111
4447111
0449999

6660559
6777759
6887552
1184442
1188442
1133322
0339999

5550449
5754449
7777862
1188862
1186662
1133322
0339999

6660889
6755589
6752588
3772222
3744111
3344111
0349999

5570889
5772689
5572688
1172666
1122444
1133344
0339999

5550449
5754449
7777388
1123386
1123886
1123666
0229999

5550449
5754449
7777333
1123386
1128886
1128666
0229999

6660889
6444839
6448833
1125553
1125753
1127777
0229999

6440889
6444839
6668833
1125553
1125753
1127777
0229999

6440889
6444389
6663388
1123555
1123575
1127777
0229999

6660889
6444389
6443388
1123555
1123575
1127777
0229999

5570889
5777789
5544488
1144666
1122226
1133326
0339999

5570889
5774489
5574488
1174666
1122226
1133326
0339999

6660889
6222289
6444288
1144755
1177775
1133355
0339999

3330119
8833119
6822117
6882557
6662577
4442557
0449999

8830119
6833119
6883117
6663557
2222577
2444557
0449999

3330119
6833119
6888117
6668557
2222577
2444557
0449999

6440119
6444119
6668112
5578882
5777782
5533322
0339999

6660119
6444119
6448112
5578882
5777782
5533322
0339999

6660889
6222289
6311288
3311555
3411575
3447777
0449999

8830119
6833119
6883117
6663557
2222577
4442557
0449999

3330119
6833119
6888117
6668557
2222577
4442557
0449999

6660889
6222289
6344288
3344555
3114575
3117777
0119999

4880739
4487739
4488733
6665753
6115552
6112222
0119999

4440889
4475589
7777588
6665533
6113332
6112222
0119999

5570889
5777789
5544488
6664433
6113332
6112222
0119999

4330889
4433389
4422788
6662755
6112775
6112755
0119999

3330679
8833679
2866677
2881174
2551144
2251144
0559999

6660889
6777789
6357588
3355544
3112444
3112222
0119999

2550339
2533379
2551177
2281176
8881176
8444666
0449999

6660449
6884449
6387777
3388575
3112555
3112222
0119999

6660559
6777759
6387554
3388844
3112844
3112222
0119999

6660479
6884479
6384477
3388575
3112555
3112222
0119999

5550889
5351189
3361188
3761144
3766644
7722224
0729999

5550889
5751189
7761188
3761144
3766644
3322224
0329999

