1110889
1114489
2204488
2666455
2677775
2633755
3339999

6660889
6555289
6505288
7777211
4472211
4433311
4339999

6660889
6555289
6505288
7444211
7442211
7733311
7339999

7330889
7733389
7505288
7555211
6444211
6442211
6669999

1110559
1118859
2608557
2688477
2666447
2233447
3339999

6660479
6884479
6804477
8833575
3332555
1112222
1119999

6660449
6884449
6807777
8833575
3332555
1112222
1119999

1110889
1113289
4403288
4433255
6437225
6777755
6669999

3330889
2233689
2505688
2555666
2777744
1117444
1119999

4330889
4433389
4402288
7777211
6575211
6555211
6669999

4330889
4433389
4402288
7666211
7556211
7756211
7559999

5570889
5777789
5504488
3344411
6333211
6222211
6669999

2230559
2338859
2308557
2388477
6111447
6111447
6669999

4450579
4455579
2408877
2111876
2111886
2233666
3339999

4330889
4433389
4402788
2222755
6111775
6111755
6669999

7330889
7733389
7505288
7555244
6111244
6111224
6669999

6660889
6554489
6504488
7554211
7222211
7733311
7339999

5570889
5777789
5502688
2222611
4466611
4433311
4339999

4330889
4433389
4402688
2222611
5566611
5777711
5579999

6660889
6222289
6205588
7444511
7445511
7733311
7339999

6660889
6222289
6205588
7777511
4475511
4433311
4339999

6660889
6222289
6203388
7333411
7554411
7754411
7559999

6660889
6222289
6204488
3334411
5533411
5777711
5579999

3330449
8833449
6807422
6887552
6667752
1117552
1119999

6660889
6224489
6204488
7254511
7255511
7733311
7339999

4440889
7446289
7706288
7666255
7333225
1113355
1119999

2270889
2777789
2505688
2555611
4466611
4433311
4339999

5570889
5777789
5504488
3334411
6233411
6222211
6669999

4330889
4433389
4405588
7777511
6275511
6222211
6669999

5570889
5777789
5503388
2333611
2222611
4466611
4449999

6660439
6884439
6804433
8871113
5571112
5772222
5579999

6660449
6555449
6505847
2388877
2381117
2331117
2239999

5570889
5777789
5503388
2333666
2441116
2441116
2249999

5550449
5754449
2708811
2778611
2788611
2233666
3339999

4450539
4455539
2408337
2888377
2861117
2261117
6669999

5570889
5777789
5503388
4333111
4462111
4462222
6669999

6660889
6555789
6505788
2222774
2333744
1113344
1119999

6660239
6222239
6505337
8555377
8881117
4481117
4449999

2230889
2334489
2304488
2374666
5571116
5771116
5579999

7330889
7733389
7505488
7555446
2222446
1112666
1119999

6660449
6884449
6803337
8833557
2222577
1112557
1119999

3330889
1133869
1108862
1176662
5574442
5774422
5579999

6660449
6883449
6803411
8873311
5572311
5772222
5579999

1150579
1155579
1108877
2222876
4442886
4433666
3339999

1150579
1155579
1108877
2222876
3332886
4433666
4449999

3330889
1133689
1102688
1172666
5572444
5772244
5579999

5570889
5777789
5503388
2666333
2644111
2644111
2249999

5570889
5777789
5503388
2666333
2446111
2446111
2249999

3330449
8833449
6802247
6882557
6662577
1112557
1119999

5570889
5777789
5503388
2333666
2222446
1114446
1119999

1130889
1133289
1103288
4443255
6447225
6777755
6669999

1150539
1155539
1108633
2888643
2866644
2777744
2279999

1150579
1155579
1108877
2344876
2344886
2334666
2239999

1150579
1155579
1108877
2443876
2443886
2433666
2239999

6660449
6883449
6803347
8822377
1125357
1125557
1129999

6660889
6222289
6204788
1144755
1144775
1133755
3339999

6660889
6222289
6204488
1144455
1177775
1133755
3339999

5570889
5777789
5504488
1144426
1122226
1133666
3339999

1150579
1155579
1102277
6663274
6883244
6833244
8839999

1150579
1155579
1102277
6668274
6888244
6833244
3339999

5570889
5777789
5504488
1144433
1163332
1162222
6669999

5570889
5777789
5503388
2222333
6662111
6444111
6449999

5570889
5777789
5503388
2222333
6442111
6444111
6669999

6660119
6883119
6803117
8823377
4425357
4425557
4229999

3330119
8833119
6802117
6882557
6662577
4422557
4449999

5550889
5452389
4402388
4472336
1172236
1177666
1179999

6660279
6555279
6505277
1182274
1188844
1133844
3339999

5570889
5777789
5504488
1124446
1122226
1133666
3339999

6660449
6555449
6505347
2288377
2118337
2118837
2119999

4450539
4455539
8406337
8886377
1186667
1122227
1129999

6660119
6883119
6803112
8833442
5534442
5777722
5579999

6660889
6555789
6505788
3337744
1133744
1122224
1129999

7330889
7733389
7505688
7555644
1166644
1122224
1129999

6660279
6555279
6505277
3332274
1133844
1188844
1189999

6660119
6883119
6803114
8873344
5572344
5772222
5579999

5550229
5351129
3301127
3881127
3864477
8864447
6669999

6660889
6551189
6501188
7551133
7743332
7442222
7449999

2230889
2334489
2304488
2375456
1175556
1177666
1179999

