6660889
6222289
6333288
3375511
4477511
4475511
4079999

1110889
1114489
5554488
5354666
3322226
3777726
3079999

6660339
6833379
6888772
1118472
1114472
5554422
5059999

3330889
5533289
5444288
5544211
6662211
6777711
6079999

4430889
4433289
5453288
5553211
6662211
6777711
6079999

7330889
7733389
7666288
7446211
4446211
5552211
5059999

3330889
5533289
5222288
5544411
6664411
6777711
6079999

6660889
6111789
6111788
2222774
2333744
5553344
5059999

2550889
2566689
2553688
2273611
4473311
4477311
4079999

7330889
7733389
7111488
7111446
2222446
5552666
5059999

3330889
2233689
2111688
2111666
2777744
5557444
5059999

1110889
1112689
2222688
7366655
7334445
7734455
7039999

6660889
6222289
6255588
7354511
7334411
7734411
7039999

1110889
1112689
5552688
5352666
3322444
3777744
3079999

6660889
6444789
6447788
2222711
2333711
5553311
5059999

6440889
6444789
6667788
2222711
2333711
5553311
5059999

1110559
1112259
6662558
6372888
6372844
3377444
3079999

6660889
6222289
6211188
7311155
7334445
7734455
7039999

4440889
6443389
6333788
6667711
2222711
5552711
5059999

6660449
6224449
6255333
7253311
7255811
7788811
7089999

3330889
5533289
5222288
5571116
4471116
4477666
4079999

4440889
4433389
2335588
2222511
6665511
6777711
6079999

3880449
3384449
6388722
6377772
6661112
5551112
5059999

3330449
2233449
2666847
2688877
2681117
5551117
5059999

1150579
1155579
1138877
2233876
2443886
2443666
2049999

3330889
1133879
1168872
1164772
6664472
5554422
5059999

6660449
6555449
6585411
7388811
7332811
7732222
7039999

3330889
1133289
1144288
1144255
6664225
6777755
6079999

3330889
1133789
1162788
1162774
6662744
5552244
5059999

3330889
2433689
2447688
2447666
2277111
5557111
5059999

1140889
1144389
1144388
2222336
2777736
5557666
5059999

6660559
1168859
1168557
1188337
4433377
4422227
4029999

4440889
4466689
1163388
1167333
1177772
5552222
5059999

4440889
4422839
1128837
1126337
1126377
5556667
5059999

4440889
4422389
1127388
1127336
1127736
5557666
5059999

4440889
6443389
6333788
6667777
2222111
5552111
5059999

3330889
2233689
2447688
2447666
2477111
5557111
5059999

2110449
2114449
2117777
2233786
3338886
5558666
5059999

2110889
2114489
2114488
2233455
6663335
6777755
6079999

3330889
2233869
2118867
2116667
2114477
5554447
5059999

3330889
2233879
2118877
2114476
2114476
5554666
5059999

3330449
2233449
2117488
2117786
2117886
5557666
5059999

3330889
2233689
2117688
2117666
2117744
5557444
5059999

3330449
2233449
2118847
2116877
2116887
5556667
5059999

3330889
2233789
2117788
2116744
2116744
5556664
5059999

3330119
8833119
6822117
6882477
6662447
5552447
5059999

6660449
6333449
6113342
7115552
7115852
7788822
7089999

1150569
1155569
1186664
7388844
7332844
7732222
7039999

8830119
6833119
6883117
6663477
2222447
5552447
5059999

3330119
6833119
6888117
6668477
2222447
5552447
5059999

6660119
6555119
6585114
7388844
7332844
7732222
7039999

6660889
4461189
4461188
4321155
3322225
3777755
3079999

