4330889
4433389
4466688
2222611
5572611
5777711
5509999

5570889
5777789
5566688
2222611
4332611
4433311
4409999

6660889
6222289
6555288
7535411
7734411
7334411
7309999

6660889
6222289
6333288
3344411
5574411
5777711
5509999

6660889
6222289
6333288
3375511
7777511
4445511
4409999

5570889
5777789
5544488
6664411
6222211
6333211
3309999

4440889
4475589
7777588
6665511
6222211
6333211
3309999

6660889
6555289
6575288
7777211
4332211
4433311
4409999

7550889
7756289
7556288
7666211
4332211
4433311
4409999

4440889
4466689
2222688
2333611
5573311
5777711
5509999

1110889
1112689
7552688
7752666
7552244
7333444
3309999

6660889
6111789
6111788
2557744
2533744
2553334
2209999

7330889
7733389
7442288
7446211
5546211
5666211
5509999

1110889
1114489
3334488
2633455
2677775
2666755
2209999

1110889
1115589
7777588
2675544
2633344
2666334
2209999

7330559
7733359
7111552
7111442
6668442
6888422
6809999

6660889
6555789
6535788
2337711
2344711
2344411
2209999

4440869
4488869
2286667
2111557
2111577
2333557
3309999

6660889
6444389
6744388
2773311
2753511
2755511
2209999

1110889
1115589
7444588
7445526
7722226
7333666
3309999

1110889
1115589
7777588
4475526
4422226
4333666
3309999

5550449
5754449
7777333
2683311
2688811
2666811
2209999

6660889
6344489
6344788
2337711
2535711
2555711
2209999

1110739
1117739
8666733
8886743
5586244
5222244
5509999

6660889
6755589
6753588
2773311
2744311
2444311
2209999

1110889
1112689
2222688
4466655
4477775
4333755
3309999

1110889
1112689
2222688
7777666
5573344
5333444
5509999

4330889
4433389
4466688
2555611
2575611
2777711
2209999

4330889
4433389
4455788
2657711
2655711
2666711
2209999

4440869
4488869
3386667
2333557
2111577
2111557
2209999

6660339
6433389
6448887
2448557
2111577
2111557
2209999

5570889
5777789
5533388
2334446
2111446
2111666
2209999

1110449
1114449
2222666
2333886
5573386
5777788
5509999

7330889
7733389
7445588
7444511
6665511
6222211
6209999

4330889
4433389
4475588
7777511
6665511
6222211
6209999

6660889
6355589
6354588
7334411
7734411
7222211
7209999

5570889
5777789
5533488
3334411
6664411
6222211
6209999

7550889
7754489
7554488
7333411
6663311
6222211
6209999

6660889
6445589
6444588
7335511
7733311
7222211
7209999

7330889
7733389
7222288
7266611
5544611
5444611
5509999

6660889
6222289
6275588
7777511
4335511
4433311
4409999

6660889
6222289
6255788
4457711
4455711
4333711
3309999

6660889
6222289
6233488
3334411
5574411
5777711
5509999

6660889
6222289
6233788
3337711
5544711
5444711
5509999

6660889
6311189
6311188
2337777
2535744
2555444
2209999

2270889
2777789
2611188
2611155
4666335
4433355
4409999

6660889
6311189
6311188
7334455
7734445
7222255
7209999

5570889
5777789
5566688
2222611
2333611
4443311
4409999

5570889
5777789
5511188
2611144
2633344
2666334
2209999

4330889
4433389
4411188
2611155
2677775
2666755
2209999

5570889
5777789
5511188
4411126
4422226
4333666
3309999

1110889
1112289
6662788
4462755
4462775
4333755
3309999

1110889
1112289
7552488
7752446
7552446
7333666
3309999

6660889
6222289
6211188
4411155
4477775
4333755
3309999

8850569
3855569
3886667
3311177
4311127
4422227
4409999

1110559
1113359
2333557
2222477
6668447
6888447
6809999

6660889
6355879
6358872
3355772
3411172
4411122
4409999

5570889
5777789
5533388
2666334
2611144
2611144
2209999

5570889
5777789
5533388
2331116
2441116
2444666
2209999

4450539
4455539
4666337
2688377
2681117
2881117
2209999

6660889
6755589
6753588
7733111
4732111
4432222
4409999

5550449
5754449
7777811
2688811
2683311
2666333
2209999

1150539
1155539
1186337
8886377
8426667
4422227
4409999

1150579
1155579
1138877
2233876
2443886
2443666
2409999

1170889
1177489
1174488
2274455
2666335
2633355
2609999

6660559
1162259
1162557
1182477
8882447
8333447
3309999

4330889
4433389
4455788
2657777
2655111
2666111
2209999

3330889
4433689
4447688
2557666
2577111
2557111
2209999

6660889
6344489
6344788
2337777
2535111
2555111
2209999

6660889
1167289
1167288
1177255
4337225
4433355
4409999

4440889
4433689
3337688
2557666
2577111
2557111
2209999

5570889
5777789
5543388
2446333
2446111
2666111
2209999

5570889
5777789
5543388
2644333
2644111
2666111
2209999

7330559
7733359
7444552
7442222
6668111
6888111
6809999

6660449
1164449
1167777
1188733
5583332
5882222
5509999

3330449
5533449
5777742
5572222
6668111
6888111
6809999

6660559
6344459
6344552
7332222
7738111
7888111
7809999

6660559
6777759
6887552
4482222
4488111
4333111
3309999

7550449
7754449
7553322
7333112
6668112
6888112
6809999

3330449
1133449
1155547
1158577
6668887
6222287
6209999

6660559
1168859
1168557
1188477
2222447
2333447
3309999

3330629
1133629
1166627
1188227
5584477
5884447
5509999

4440889
4422689
7552688
7752666
7552111
7333111
3309999

3330889
1133869
1128867
1126667
5524477
5224447
5509999

3330889
1133879
1128877
1124476
5524476
5224666
5509999

3330449
1133449
1127488
1127786
5527886
5227666
5509999

3330889
1133689
1127688
1127666
5527744
5227444
5509999

3330449
1133449
1128847
1126877
5526887
5226667
5509999

3330889
1133789
1127788
1126744
5526744
5226664
5509999

5570889
5777789
5566688
4462222
4462111
4333111
3309999

6660889
6222289
6233788
3337777
5544111
5444111
5509999

6660889
6222289
6255788
4457777
4455111
4333111
3309999

6660889
6222289
6273388
7777333
5544111
5444111
5509999

1150579
1155579
1138877
2334876
2344886
2344666
2209999

1150579
1155579
1138877
2338674
2388644
2366644
2209999

1150579
1155579
1133377
2338674
2888644
2866644
2209999

1150579
1155579
1138877
2433876
2443886
2443666
2209999

1170889
1175589
1177588
2675544
2633344
2666334
2209999

1150569
1155569
1186667
3388877
4333827
4422227
4409999

1170889
1175589
1177588
4475526
4422226
4333666
3309999

5550889
5452689
7442688
7442666
7722111
7333111
3309999

6660449
8862449
7862545
7882555
7722111
7333111
3309999

5570889
5772689
5572688
4472666
4422111
4333111
3309999

8850579
6855579
6883277
6663274
1133244
1132244
1109999

7330559
7733359
7666552
7886442
1186442
1188422
1109999

1150539
1155539
1172233
7777243
6668244
6888244
6809999

7330889
7733389
7222288
7255666
1154446
1155446
1109999

7330889
7733389
7222288
7264455
1164445
1166655
1109999

7330889
7733389
7222288
7255446
1154446
1155666
1109999

7330889
7733389
7222288
7266655
1164445
1164455
1109999

2230119
2433119
2443117
2443557
6668577
6888557
6809999

2230119
2334119
2344117
2344557
6668577
6888557
6809999

4440119
4488119
2286117
2886557
2666577
2333557
3309999

4440119
4433119
3332117
6662557
6882577
6822557
8809999

3330119
4433119
4442117
6662557
6882577
6822557
8809999

4880739
4487739
4488733
6665753
1165552
1162222
1109999

5570889
5777789
5544488
6664433
1163332
1162222
1109999

4440889
4475589
7777588
6665533
1163332
1162222
1109999

1150569
1155569
1176668
7777888
2222844
2333444
3309999

3330889
2233689
2557688
2577666
2557111
4447111
4409999

2110889
2113689
2113688
2233666
5537444
5777744
5509999

2270889
2777789
2443388
2446333
5546111
5666111
5509999

2110449
2114449
2117777
2285756
8885556
8333666
3309999

2110449
2114449
2116667
2286557
8886577
8333557
3309999

2110449
2114449
2113337
2233557
6668577
6888557
6809999

6660119
6883119
6833112
8832222
5537444
5777744
5509999

2350579
2355579
2338877
2238674
1188644
1166644
1109999

2350579
2355579
2338877
2234876
1144886
1144666
1109999

5550119
5753119
7733118
2736888
2736844
2666444
2209999

3330119
4433119
4488117
2486557
2886577
2666557
2209999

3440119
3444119
3388117
2386557
2886577
2666557
2209999

4430119
4433119
4883117
2683557
2688577
2666557
2209999

7550889
7754489
7554488
7334666
1133326
1122226
1109999

2440119
2444119
2666117
2286557
8886577
8333557
3309999

7330889
7733389
7445588
7445666
1145526
1122226
1109999

6660449
6114449
6117777
2118755
2888335
2833355
2209999

6660119
6555119
6585117
3388877
4333827
4422227
4409999

7550449
7754449
7553322
7333862
1188862
1186662
1109999

4440119
4433119
3332117
2222557
6668577
6888557
6809999

3330119
4433119
4442117
2222557
6668577
6888557
6809999

6660449
6883449
6833422
8835552
1135752
1177772
1109999

3330119
8833119
6822117
6882557
6662577
4442557
4409999

4330889
4433389
4422788
6662755
1162775
1162755
1109999

7330889
7733389
7115588
7115666
4115526
4422226
4409999

5550449
5754449
7777388
2113386
2113886
2113666
2209999

6440889
6444839
6668833
2115553
2115753
2117777
2209999

6660889
6444839
6448833
2115553
2115753
2117777
2209999

5550449
5754449
7777333
2113386
2118886
2118666
2209999

6440889
6444389
6663388
2113555
2113575
2117777
2209999

6660889
6444389
6443388
2113555
2113575
2117777
2209999

6660119
6884119
6844117
8844557
2222577
2333557
3309999

4440119
4486119
8886117
8666557
2222577
2333557
3309999

6660119
6555119
6575118
7777888
2222844
2333444
3309999

7550119
7756119
7556118
7666888
2222844
2333444
3309999

3330889
5533869
5228867
5526667
1124477
1124447
1109999

3330449
5533449
5227488
5527786
1127886
1127666
1109999

3330889
5533689
5227688
5527666
1127744
1127444
1109999

3330449
5533449
5228847
5526877
1126887
1126667
1109999

3330889
5533789
5227788
5526744
1126744
1126664
1109999

3330889
5533879
5228877
5524476
1124476
1124666
1109999

8830119
6833119
6883112
6663442
5574442
5777722
5509999

3330119
6833119
6888112
6668442
5574442
5777722
5509999

6660119
6883119
6833112
8834442
5537442
5777722
5509999

8830119
6833119
6883117
6663557
2222577
4442557
4409999

3330119
6833119
6888117
6668557
2222577
4442557
4409999

6660889
6222289
6233788
3334755
1144775
1144755
1109999

6660739
6887739
6811733
8811743
5511244
5222244
5509999

4330889
4433389
4411788
2611755
2611775
2666755
2209999

3330119
2233119
2666117
2886557
2486577
4488557
4409999

6660889
6222289
6211788
4411755
4411775
4333755
3309999

3330449
5533449
5222247
5568277
1168887
1166687
1109999

6660889
6222289
6333288
3355544
1157544
1177774
1109999

6660889
6222289
6333288
3347777
1144575
1144555
1109999

6660889
6222289
6333288
3344555
1144575
1147777
1109999

6660889
6222289
6333288
3377774
1157544
1155544
1109999

6660889
6222289
6443288
4443555
1133575
1137777
1109999

2270889
2771189
2671188
2671155
4666335
4433355
4409999

4470889
4471189
4771188
2271155
2666335
2633355
2609999

7220889
7721189
7621188
7621155
4666335
4433355
4409999

6660889
6721189
6721188
7721155
4722335
4433355
4409999

5570889
5771189
5571188
2671144
2633344
2666334
2209999

5570889
5771189
5571188
4471126
4422226
4333666
3309999

5550889
5451189
7441188
7441126
7722226
7333666
3309999

