6660889
6222289
6550288
7544411
7554411
7733311
7339999

4470889
4475589
4770588
3375511
6333211
6222211
6669999

4440889
3445589
3360588
2365511
2366611
2777711
2279999

6660889
6444289
6440288
7111255
7111225
7733355
7339999

6440889
6444289
6660288
7111255
7111225
7733355
7339999

7330889
7733389
7250588
7255511
6244411
6224411
6669999

6660889
6255589
6250588
7244411
7224411
7733311
7339999

6660889
6442289
6440288
7545211
7555211
7733311
7339999

1110449
1114449
8850562
7855562
7886662
7733322
7339999

4440889
4433389
2330788
2222755
6111775
6111755
6669999

6660889
6222289
6230788
4437711
4433711
5453711
5559999

5570449
5774449
5570666
2278611
2888611
2833311
2339999

5570449
5774449
5570333
2273311
2666811
2688811
2689999

7440889
7445589
7740588
7335511
6233311
6222211
6669999

6660889
6445589
6440588
7245511
7222211
7733311
7339999

4440889
4433389
2330688
2222611
5566611
5777711
5579999

8850539
6855539
6880334
6662344
2222744
1117777
1119999

8850539
6855539
6880337
6662377
2222447
1114447
1119999

7330559
7733359
7880552
7861112
8861112
4466622
4449999

4440559
4466659
8860552
7861112
7881112
7733322
7339999

6660449
8864449
3860111
3887111
3377772
5352222
5559999

6660889
6222289
6230788
4433755
4443775
1113755
1119999

6660559
6222259
6280554
8883344
8333744
1117777
1119999

6660559
6222259
6280557
8883377
8333447
1114447
1119999

6660889
6222289
6430288
4437777
4433575
1113555
1119999

4470889
4477689
2470688
2575666
2555111
2233111
3339999

8850539
6855539
6880733
6667743
2222744
1112744
1119999

1120449
1124449
1120333
7223386
7558886
7758666
7559999

1120449
1124449
1120388
7223386
7553886
7753666
7559999

6660739
1167739
1160733
1185753
8885552
8442222
4449999

6660889
1165589
1160588
1175533
4773332
4472222
4479999

3330449
1133449
1180422
1188862
7777862
5756662
5559999

6660889
6355589
6350588
3372222
3472111
4477111
4479999

6660889
6355589
6350588
7332222
7732111
7444111
7449999

6660889
6222289
6230788
4437777
4433111
5453111
5559999

1120449
1124449
1120557
8822577
6833557
6883337
6669999

6660889
6222289
6240788
1144755
1144775
1133755
3339999

8850579
6855579
6880277
6663274
1133244
1132244
1139999

4470889
4475589
4770588
1175526
1122226
1133666
3339999

5570889
5777789
5530288
1133244
1163244
1163224
6669999

4470889
4475589
4770588
1175533
1163332
1162222
6669999

4440739
8447739
8880733
1185753
1165552
1162222
6669999

2110449
2114449
2110388
2273386
5573886
5773666
5579999

2110449
2114449
2110333
2273386
5578886
5778666
5579999

6660889
6115589
6110588
7115533
7743332
7442222
7449999

6660739
6117739
6110733
8115753
8885552
4482222
4449999

7440889
7445589
7740588
7115533
6113332
6112222
6669999

4440739
4487739
8880733
8115753
6115552
6112222
6669999

7550449
7754449
7550388
7223386
1123886
1123666
1129999

7550449
7754449
7550333
7223386
1128886
1128666
1129999

6660889
6222289
6110288
7114455
7114445
7733355
7339999

5570449
5774449
5570388
2273386
2113886
2113666
2119999

5570889
5777789
5530488
2233446
2113446
2113666
2119999

5570449
5774449
5570333
2273386
2118886
2118666
2119999

7330559
7733359
7220558
7211888
6211844
6211444
6669999

6660889
6222289
6440288
4443555
1133575
1137777
1139999

