1110889
1113389
2333088
2555444
2565744
2267777
6669999

3880449
3384449
6388055
6377775
6662755
1112222
1119999

5570889
5777789
5544088
3344411
6333211
6222211
6669999

4470889
4475589
4775088
3375511
6333211
6222211
6669999

1110449
1112449
2222047
6663557
6883577
6833557
8839999

4440889
3445589
3365088
2365511
2366611
2777711
2279999

1110449
1112449
2222047
6668557
6888577
6833557
3339999

5570889
5777789
5533088
3332222
6111442
6111444
6669999

5570889
5777789
5533088
3332611
2222611
4466611
4449999

1110449
1114449
6665052
6885552
6877772
8833722
3339999

3330449
8833449
6822047
6882557
6662577
1112557
1119999

1110449
1114449
8333062
8883362
5586662
5777722
5579999

6660889
6222289
6233088
3335511
7777511
4475511
4449999

6660889
6222289
6233088
3334411
5544411
5777711
5579999

1110449
1112449
6662047
6882557
6822577
8833557
3339999

3880449
3384449
6388022
6377772
6665752
1115552
1119999

1110889
1113389
2333088
2222666
7777446
5754446
5559999

1110889
1113389
2333088
2222555
6444575
6447777
6669999

6660889
6777789
6337088
2233311
2554411
2544411
2559999

2270889
2777789
2443088
2443311
6545311
6555311
6669999

2270889
2777789
2333088
2553311
6544411
6554411
6669999

5570889
5777789
5533088
3334411
6244411
6222211
6669999

7440889
7445589
7745088
7335511
6233311
6222211
6669999

6660889
6445589
6445088
7245511
7222211
7733311
7339999

5570889
5777789
5533088
3332666
2222446
1114446
1119999

4440889
6443389
6333088
6662555
2222575
1117777
1119999

6660449
6884449
6833022
8873332
5571112
5771112
5579999

6660449
6883449
6833042
8831112
5531112
5777722
5579999

5570889
5777789
5544088
2344666
2341116
2331116
2239999

7330889
7733389
7555088
7545111
6442111
6442222
6669999

7330889
7733389
7555088
7525666
4421116
4421116
4229999

4440889
6443389
6333088
6667777
2222575
1112555
1119999

5570889
5777789
5533088
3334446
2222446
1112666
1119999

3330449
1133449
1168042
1168882
5566682
5777722
5579999

8850579
6855579
6883077
6663374
2222344
1112344
1119999

8830449
6833449
6883047
6663557
2222577
1112557
1119999

3330449
6833449
6888047
6668557
2222577
1112557
1119999

6660889
1165589
1165088
1175533
4773332
4472222
4479999

5550449
5754449
7777022
6663112
6883112
6833112
8839999

5550449
5754449
7777022
6668112
6888112
6833112
3339999

6660449
8864449
3867022
3887112
3377112
5357112
5559999

5570889
5777789
5533088
3332222
6442111
6444111
6669999

5570889
5777789
5533088
3332222
6662111
6444111
6449999

6660379
1163379
1163077
1183575
8882555
8442222
4449999

6660889
6222289
6244088
1144455
1177775
1133755
3339999

6660889
6222289
6255088
1157777
1155744
1133444
3339999

5570889
5777789
5544088
1144426
1122226
1133666
3339999

4470889
4475589
4775088
1175526
1122226
1133666
3339999

5570889
5777789
5544088
1144433
1163332
1162222
6669999

4470889
4475589
4775088
1175533
1163332
1162222
6669999

5550449
5754449
7777022
1186662
1188862
1133862
3339999

7330889
7733389
7442088
7442222
6545111
6555111
6669999

6660379
6113379
6113077
8113575
8882555
4482222
4449999

4440379
8443379
8883077
1183575
1162555
1162222
6669999

6660889
6115589
6115088
7115533
7743332
7442222
7449999

5550449
5754449
7777022
3336662
1133862
1188862
1189999

5570889
5777789
5562088
1162222
1166644
1133444
3339999

7440889
7445589
7745088
7115533
6113332
6112222
6669999

6660889
6777789
6337088
2233355
2114445
2114455
2119999

2270889
2777789
2333088
2113355
6114445
6114455
6669999

4440379
4483379
8883077
8113575
6112555
6112222
6669999

6660889
6222289
6233088
3337777
1144575
1144555
1149999

5570889
5777789
5511088
2311666
2311446
2334446
2239999

