4440339
4433389
1118880
1118666
5522226
5777726
5579999

8830449
6833449
6883240
6663211
7777211
5752211
5559999

3330449
6833449
6888240
6668211
7777211
5752211
5559999

5550449
5357449
3377240
3887211
3867211
8862211
6669999

6660339
6233379
6222270
1118877
1118575
4488555
4449999

4440339
4433389
1118880
1118755
6277775
6222255
6669999

8850569
7855569
7886660
7733344
7332444
1112222
1119999

2550339
2533389
2558880
2278611
7777611
4466611
4449999

2330559
2833359
2888550
2278611
7777611
4466611
4449999

1110449
1118449
3888420
3822226
3377776
5357666
5559999

1110449
1112449
2222740
6663755
6883775
6833755
8839999

1110449
1112449
2222740
6668755
6888775
6833755
3339999

4440329
4488329
5583320
5883226
5577776
1117666
1119999

4440829
4488829
5583320
5333226
5577776
1117666
1119999

1110229
1113329
8333720
8887724
6585744
6555744
6669999

5550449
5753449
2773340
2788311
2768311
2268811
6669999

2440889
2444879
2338870
2233377
6111575
6111555
6669999

6660559
6448859
6448550
7488211
7222211
7733311
7339999

6660559
4468859
4468550
7488211
7222211
7733311
7339999

6660239
6222239
6555330
7585311
7788811
7444811
7449999

3330449
8833449
6822740
6882755
6662775
1112755
1119999

1110449
1112449
6662740
6882755
6822775
8833755
3339999

4440869
4488869
5586660
5777733
5573332
1112222
1119999

6660449
6884449
6811130
8811133
5522223
5777723
5579999

3330449
2233449
2711140
2711186
2778886
5758666
5559999

6660449
8864449
3867220
3887211
3377211
5357211
5559999

5550449
5754449
7777220
6668211
6888211
6833211
3339999

5550449
5754449
7777220
6663211
6883211
6833211
8839999

4440869
4488869
5586660
5337777
5533372
1112222
1119999

2330559
2833359
2888550
2278666
7777446
1114446
1119999

2550339
2533389
2558880
2278666
7777446
1114446
1119999

5550449
5754449
7777330
2233311
2666811
2688811
2689999

3330449
2233449
2766640
2788611
2778611
5758811
5559999

6660449
2263449
2763340
2788311
2778311
5758811
5559999

4440559
2443359
2333550
2777786
2278886
1118666
1119999

4440339
4433329
5522220
5777786
5578886
1118666
1119999

4440339
4433329
6822220
6888555
6668575
1117777
1119999

6660229
6555729
6585720
8887724
8333744
1113344
1119999

5570229
5777729
5538820
4433826
4443886
1113666
1119999

2330559
2833359
2888550
2278666
4771116
4471116
4479999

2550339
2533389
2558880
2278666
4771116
4471116
4479999

4440869
4488869
3386660
7333111
7552111
7752222
7559999

5550449
5354449
3377770
3887111
3862111
8862222
6669999

6660339
6433389
6448880
7448111
7552111
7752222
7559999

4440869
4488869
5586660
5332222
5533372
1117777
1119999

2270559
2777759
2883550
2833666
8831116
4431116
4449999

8850579
6855579
6883770
6663374
2222344
1112344
1119999

8830449
6833449
6883740
6663755
2222775
1112755
1119999

4430729
4437729
8433720
8883722
6585111
6555111
6669999

4440729
8447729
8886720
5586722
5666111
5533111
3339999

5550729
5857729
3888720
3348722
6344111
6344111
6669999

3880729
3387729
6388720
6355722
6665111
4455111
4449999

3330449
6833449
6888740
6668755
2222775
1112755
1119999

1120449
1124449
1128830
7226833
7556883
7756663
7559999

1120449
1124449
1123330
7226833
7556888
7756668
7559999

2270559
2777759
2333550
2443386
4448886
1118666
1119999

1150569
1155569
1176660
8777733
8883332
4482222
4449999

8850569
3855569
3886660
3372222
4372111
4477111
4479999

1150529
1155529
1133320
7336822
7746888
7446668
7449999

6660339
6433389
6448880
2448555
2222575
1117777
1119999

4440869
4488869
3386660
2333555
2222575
1117777
1119999

6660379
1163379
1163770
1183575
8882555
8442222
4449999

6660559
6777759
6887550
1182222
1188442
1133444
3339999

5570229
5777729
5548820
1144826
1144886
1133666
3339999

2240119
2344119
2344110
2338666
5538886
5777786
5579999

2110449
2114449
2118830
2276833
5576883
5776663
5579999

5550119
5756119
2776110
2786664
2788844
2233844
3339999

2110449
2114449
2113330
2276833
5576888
5776668
5579999

2550339
2533389
2558880
2278666
1174446
1177446
1179999

2550339
2533389
2558880
2278666
1177446
1174446
1179999

2550339
2533389
2558880
2278446
1174446
1177666
1179999

6660379
6113379
6113770
8113575
8882555
4482222
4449999

2330559
2833359
2888550
2278666
1174446
1177446
1179999

2330559
2833359
2888550
2278446
1174446
1177666
1179999

2440119
2443119
2433110
2238666
5538886
5777786
5579999

2330559
2833359
2888550
2278666
1177446
1174446
1179999

2440119
2444119
2333110
2273386
5578886
5778666
5579999

5550119
5357119
3377110
3887444
3867442
8862222
6669999

6660119
6555119
6575110
8777733
8883332
4482222
4449999

6660119
6488119
6448110
7448833
7553332
7752222
7559999

8830119
6833119
6883110
6663444
7777442
5752222
5559999

3330119
6833119
6888110
6668444
7777442
5752222
5559999

4440379
8443379
8883770
1183575
1162555
1162222
6669999

1170889
1177869
1178860
5576664
5222244
5533244
3339999

1140229
1144279
1144270
6663277
6883575
6833555
8839999

1140229
1144279
1144270
6668277
6888575
6833555
3339999

6660119
6883119
6833110
8832222
5532444
5777744
5579999

7550449
7754449
7558830
7226833
1126883
1126663
1129999

7550449
7754449
7553330
7226833
1126888
1126668
1129999

8830119
6833119
6883110
6663555
2222575
2447777
4449999

3330119
6833119
6888110
6668555
2222575
2447777
4449999

7330559
7733359
7666550
7226884
1126844
1128844
1129999

5550449
5754449
7777330
2233386
2118886
2118666
2119999

5570449
5774449
5578830
2276833
2116883
2116663
2119999

6660449
6311449
6311840
3311888
3222278
5257777
5559999

6660449
6884449
6855530
8857533
1177773
1122223
1129999

6660119
8862119
3862110
3882444
3322744
5357777
5559999

4440379
4483379
8883770
8113575
6112555
6112222
6669999

5570449
5774449
5573330
2276833
2116888
2116668
2119999

6660449
6884449
6822220
8823555
1133575
1137777
1139999

7330559
7733359
7211550
7211884
6211844
6228844
6669999

3330119
2233119
2744110
2744486
2778886
5758666
5559999

8830229
6833279
6883270
6663277
1144575
1144555
1149999

3330229
6833279
6888270
6668277
1144575
1144555
1149999

