1110449
1114449
2222666
0332886
5533386
5777788
5579999

1110889
1114489
3344488
0333666
5522226
5777726
5579999

6660889
6443289
6443288
0433211
5532211
5777711
5579999

6660889
4463289
4463288
0433211
5532211
5777711
5579999

6660889
6344289
6344288
0334211
5532211
5777711
5579999

5570889
5777789
5532288
0433211
4463211
4463211
6669999

5570889
5777789
5532288
0433211
6443211
6443211
6669999

5570889
5777789
5532288
0334211
6344211
6344211
6669999

4440889
4422839
5528837
0526337
5526377
1116667
1119999

4440889
4422389
5527388
0527336
5527736
1117666
1119999

1110889
1115589
7777588
0475533
4463332
4462222
6669999

1110889
1115589
7777588
0745533
6443332
6442222
6669999

1110889
1115589
7777588
0475533
6443332
6442222
6669999

6660889
6222289
6111288
0111755
4477775
4433355
4339999

6660889
6222289
6111288
0111334
5533344
5777744
5579999

1110889
1115589
7777588
0475526
4422226
4433666
3339999

1110889
1115589
7777588
0375526
3322226
3444666
3449999

1110889
1112689
2222688
0366655
3377775
3444755
3449999

1110889
1112689
2222688
0766655
7777335
4433355
4449999

6660889
6244489
6234488
0237777
2233575
1113555
1119999

1110889
1112689
2222688
0466655
4477775
4433755
3339999

6660449
6255449
6258847
0255877
2233887
1113337
1119999

6660889
6255789
6257788
0255744
2233744
1113334
1119999

1110889
1112789
2222788
0557744
6533744
6553334
6669999

5570889
5777789
5533388
0332222
6111442
6111444
6669999

5570889
5777789
5533388
0111334
6111244
6222244
6669999

5570889
5777789
5533388
0332611
2222611
4466611
4449999

1110449
1114449
7777832
0788832
6585332
6555322
6669999

4440889
4411189
3311188
0333666
5522226
5777726
5579999

6660889
6311189
6311188
0332222
5532444
5777744
5579999

6660889
6222289
6255788
0457711
4455711
4433711
3339999

6660889
6222289
6233388
0335511
7777511
4475511
4449999

6660889
6222289
6233388
0334411
5544411
5777711
5579999

6660889
6222289
6255788
0357711
3355711
3444711
3449999

6660889
6222289
6244488
0334411
5533311
5777711
5579999

5570889
5777789
5511188
0411133
4463332
4462222
6669999

5570889
5777789
5511188
0411133
6443332
6442222
6669999

5570889
5777789
5511188
0311126
3322226
3444666
3449999

5570889
5777789
5511188
0411126
4422226
4433666
3339999

1110889
1112289
6662788
0462755
4462775
4433755
3339999

1110889
1112289
6662788
0362755
3362775
3444755
3449999

4440889
4411189
3311188
0333755
6277775
6222255
6669999

6660889
6222289
6211188
0411155
4477775
4433755
3339999

6660889
6222289
6211188
0711155
7777335
4433355
4449999

6660889
6222289
6211188
0311155
3377775
3444755
3449999

4440889
4466689
2222688
0332611
5533311
5777711
5579999

4440889
4466689
5563388
0567333
5577772
1112222
1119999

1110889
1114489
3344488
0333755
6277775
6222255
6669999

3330889
4433789
4455788
0457711
6255711
6222211
6669999

5570889
5777789
5533388
0334411
6244411
6222211
6669999

3440889
3444789
3355788
0357711
6255711
6222211
6669999

4440889
4475589
7777588
0335511
6233311
6222211
6669999

5570889
5777789
5544488
0334411
6233311
6222211
6669999

5570889
5777789
5533388
0332666
2222446
1114446
1119999

5550449
5754449
7733322
0788332
6781112
6881112
6669999

6660239
6222239
6555337
0585377
8881117
8441117
4449999

3330889
4433689
4422688
0472666
5572111
5772111
5579999

3440889
3444689
3322688
0372666
5572111
5772111
5579999

5570889
5777789
5533388
0334446
2222446
1112666
1119999

6660339
6433389
6448887
0448557
2222577
1112557
1119999

4440869
4488869
3386667
0333557
2222577
1112557
1119999

1120449
1124449
1127777
0228755
6888335
6833355
6669999

6660559
6777759
6887552
0382222
3388111
3444111
3449999

6660559
6777759
6887552
0482222
4488111
4433111
3339999

1170889
1175589
1177588
0475533
4463332
4462222
6669999

1170889
1175589
1177588
0475533
6443332
6442222
6669999

5570889
5777789
5533388
0332222
6442111
6444111
6669999

5570889
5777789
5533388
0332222
6662111
6444111
6449999

5570889
5777789
5566688
0462222
4462111
4433111
3339999

5570889
5777789
5566688
0362222
3362111
3444111
3449999

1130889
1133289
1143288
0443255
6447225
6777755
6669999

6660889
6222289
6255788
0357777
3355111
3444111
3449999

6660889
6222289
6255788
0457777
4455111
4433111
3339999

1150539
1155539
1188337
0448377
6448827
6422227
6669999

1170889
1175589
1177588
0375526
3322226
3444666
3449999

1170889
1175589
1177588
0475526
4422226
4433666
3339999

5570889
5772689
5572688
0472666
4422111
4433111
3339999

5570889
5772689
5572688
0372666
3322111
3444111
3449999

6660889
6112289
6112788
0112755
3332775
4433755
4449999

6660889
6112289
6112788
0112755
4442775
4433755
3339999

4430889
4433289
4113288
0113255
6117225
6777755
6669999

5570889
5777789
5544488
0114433
6113332
6112222
6669999

4440889
4475589
7777588
0115533
6113332
6112222
6669999

4880739
4487739
4488733
0115753
6115552
6112222
6669999

5550449
5754449
7777388
0223386
1123886
1123666
1129999

6440889
6444839
6668833
0225553
1125753
1127777
1129999

6660889
6444839
6448833
0225553
1125753
1127777
1129999

5550449
5754449
7777333
0223386
1128886
1128666
1129999

6660889
6444389
6443388
0223555
1123575
1127777
1129999

6440889
6444389
6663388
0223555
1123575
1127777
1129999

4330889
4433389
4422788
0112755
6112775
6112755
6669999

3440119
3444119
3368112
0368882
5566682
5777722
5579999

6660559
6448859
6448557
0488337
1133377
1122227
1129999

6660559
4468859
4468557
0488337
1133377
1122227
1129999

3330119
4433119
4468112
0468882
5566682
5777722
5579999

6660119
6444119
6448112
0338882
5533382
5777722
5579999

6440119
6444119
6668112
0338882
5533382
5777722
5579999

6660889
6222289
6311288
0311555
3311575
3447777
4449999

6660889
6222289
6233388
0337777
1144575
1144555
1149999

6660889
6222289
6211788
0411755
4411775
4433755
3339999

6660889
6222289
6211788
0311755
3311775
3444755
3449999

6660889
6222289
6555288
0575333
1173344
1177444
1179999

6660889
6222289
6444288
0443555
1133575
1137777
1139999

6660889
6222289
6555288
0575444
1173344
1177333
1179999

5570889
5771189
5571188
0471133
4463332
4462222
6669999

6660889
6441189
6441188
0471133
5573332
5772222
5579999

5570889
5771189
5571188
0471133
6443332
6442222
6669999

6660889
4461189
4461188
0471133
5573332
5772222
5579999

5570889
5771189
5571188
0371126
3322226
3444666
3449999

5570889
5771189
5571188
0471126
4422226
4433666
3339999

5570889
5777789
5531188
0331144
6321144
6322224
6669999

