6660889
6222289
6554288
7054411
7554411
7733311
7339999

6660889
4463289
4463288
4033211
5532211
5777711
5579999

1110449
1113449
5553347
5058377
6888327
6822227
6669999

1110449
1117449
2557488
2057786
2557886
2233666
3339999

1110889
1117289
6667288
6077255
6337225
4433355
4449999

3330889
2233879
2558877
2054476
2554476
1114666
1119999

3330449
2233449
2557488
2057786
2557886
1117666
1119999

3330889
2233789
2557788
2056744
2556744
1116664
1119999

3330449
2233449
2558847
2056877
2556887
1116667
1119999

3330889
2233689
2557688
2057666
2557744
1117444
1119999

3330889
2233869
2558867
2056667
2554477
1114447
1119999

5570889
5777789
5532288
4033211
4463211
4463211
6669999

6660239
6111239
6111233
7088223
7558444
7758844
7559999

6660889
6111289
6111288
7044255
7444225
7733355
7339999

7330889
7733389
7554488
7054411
6554211
6222211
6669999

4440889
4422839
5528837
5026337
5526377
1116667
1119999

4440889
4422389
5527388
5027336
5527736
1117666
1119999

1110889
1115589
7777588
4075533
4463332
4462222
6669999

1110889
1115589
7777588
4075526
4422226
4433666
3339999

5550889
5354489
3344488
3022226
3777726
1117666
1119999

1110889
1112689
2222688
4066655
4477775
4433755
3339999

6660339
6833379
6888772
5058472
5554472
1114422
1119999

1110559
1118859
6668557
6088337
6433377
4422227
4429999

1110449
1114449
2222333
2073386
5578886
5778666
5579999

1110449
1114449
2222388
2073386
5573886
5773666
5579999

6660889
6222289
6255788
4057711
4455711
4433711
3339999

5570889
5777789
5511188
4011133
4463332
4462222
6669999

5570889
5777789
5511188
4011126
4422226
4433666
3339999

1110889
1112289
6662788
4062755
4462775
4433755
3339999

6660889
6222289
6211188
4011155
4477775
4433755
3339999

4470889
4475589
6477588
6075533
6663332
1112222
1119999

4440889
4466689
5563388
5067333
5577772
1112222
1119999

3330889
4433789
4455788
4057711
6255711
6222211
6669999

3330889
4433689
4422688
4072666
5572111
5772111
5579999

2250539
2855539
2888337
2048377
6441117
6441117
6669999

6660559
6777759
6887552
4082222
4488111
4433111
3339999

1140889
1144689
1144688
7033666
7553332
7752222
7559999

1140889
1144689
1144688
7066633
7553332
7752222
7559999

1170889
1175589
1177588
4075533
4463332
4462222
6669999

5570889
5777789
5566688
4062222
4462111
4433111
3339999

6660889
6222289
6255788
4057777
4455111
4433111
3339999

1150579
1155579
1138877
2033876
2443886
2443666
2249999

1170889
1175589
1177588
4075526
4422226
4433666
3339999

5570889
5772689
5572688
4072666
4422111
4433111
3339999

6660559
4468859
4468557
4088337
1133377
1122227
1129999

3330119
4433119
4468112
4068882
5566682
5777722
5579999

6660889
6222289
6211788
4011755
4411775
4433755
3339999

7550889
7751189
7551188
7041133
6443332
6442222
6669999

6660889
4461189
4461188
4071133
5573332
5772222
5579999

5570889
5771189
5571188
4071133
4463332
4462222
6669999

6660889
6441189
6441188
7041133
7553332
7752222
7559999

5570889
5771189
5571188
4071126
4422226
4433666
3339999

