1115059
1115559
0444666
7244886
7222286
7733388
7339999

7777089
5578889
0568333
5563344
6662444
1112222
1119999

7777089
5578889
0568444
5563344
6662333
1112222
1119999

1115059
1115559
0666844
2688844
2683334
2777733
2279999

2222049
2111449
0111447
6663557
6883577
6833557
8839999

2222049
2111449
0111447
6668557
6888577
6833557
3339999

1115059
1115559
0666444
7633344
7688332
7782222
7889999

3885059
3385559
0388666
2344611
2444611
2777711
2279999

1115059
1115559
0777722
3376662
4333862
4488862
4489999

1115059
1115559
0777722
8874442
6833442
6883332
6669999

4445059
4485559
0788832
7777832
6111332
6111322
6669999

1115059
1115559
0777722
8873332
6833442
6884442
6669999

7777089
5578889
0568322
5563342
6663442
1113442
1119999

7777089
5578889
0568322
5564332
6664432
1114432
1119999

1115059
1115559
0682222
7688842
7666844
7733344
7339999

1115059
1115559
0333666
3322226
4488726
4487777
4889999

2222089
2448889
0448666
7545611
7555611
7733311
7339999

1115059
1115559
0777733
2273334
2666844
2688844
2689999

1115059
1115559
0777788
2273386
2333886
2444666
2449999

1115059
1115559
0337777
2233374
2666844
2688844
2689999

4422089
4428889
0428666
7525611
7555611
7733311
7339999

4475059
4475559
0477666
2278611
2888611
2833311
2339999

4475059
4475559
0477333
2273311
2666811
2688811
2689999

7777039
5578839
0562833
5562883
6662444
1112244
1119999

6665059
8865559
0861112
4881112
4477772
4433722
3339999

6664039
8864439
0864433
7881113
7551112
7752222
7559999

3885059
3385559
0388722
4377772
4461112
4461112
6669999

2222039
2555339
0545311
8844311
6844711
6887777
6669999

2222039
2666339
0886311
4486311
4488711
5457777
5559999

5552049
5352449
0332447
8832277
6831117
6881117
6669999

2222049
2883449
0863447
8863377
6665357
1115557
1119999

3225059
3325559
0328811
7328611
7788611
7444666
7449999

2222039
2666339
0688344
5658344
5558874
1117777
1119999

6662039
5562339
0562311
5522311
4488711
4487777
4889999

7777039
5578839
0522833
5542883
6442111
6442111
6669999

7777039
5574339
0544388
5544386
2222886
1112666
1119999

4455039
4445339
0755388
7777386
2222886
1112666
1119999

8666039
8886339
0786344
7777344
2222545
1112555
1119999

4445059
4475559
0777722
6663112
6883112
6833112
8839999

4445059
4475559
0777722
6668112
6888112
6833112
3339999

2222039
2448839
0444833
7777883
6575111
6555111
6669999

2222039
2448839
0444833
7666883
7556111
7756111
7559999

2222039
2884439
0844433
8876663
5576111
5776111
5579999

7777039
5578839
0562833
5562883
6662111
4422111
4449999

6665059
8865559
0862222
7883332
7733111
7444111
7449999

2222039
2555339
0575388
7777386
1144886
1144666
1149999

2222039
8852539
0855533
7886663
7746111
7446111
7449999

4445059
4475559
0777722
1186662
1188862
1133862
3339999

2222049
2666449
0886447
1186557
1188577
1133557
3339999

4445059
4475559
0777722
3336662
1133862
1188862
1189999

4475059
4475559
0477388
2273386
2113886
2113666
2119999

7777089
5578889
0568333
5563344
1166644
1122224
1129999

4475059
4475559
0477333
2273386
2118886
2118666
2119999

4445059
4485559
0788832
7711832
6711332
6711322
6669999

7777039
5578839
0511833
5511883
6211444
6222244
6669999

2222039
2666839
0688833
7681143
7551144
7751144
7559999

2222039
2881139
0861133
8861143
5566644
5777744
5579999

