1115059
1115559
2222447
8802447
6833477
6883337
6669999

2222039
1112339
1117344
8807344
6877545
6887555
6669999

2222039
1112339
1117388
4407386
4477886
5457666
5559999

1115059
1115559
2677778
2607888
2666844
2233444
3339999

1115059
1115559
7777333
2703386
2448886
2448666
2249999

1115059
1115559
7777388
2703386
2443886
2443666
2249999

1115059
1115559
3777744
3307844
6388842
6382222
6669999

4445059
4435559
8833666
2803611
2883611
2777711
2279999

2235059
2335559
2377778
2307888
6111844
6111444
6669999

7885059
7785559
7288333
7203311
6244411
6224411
6669999

1115059
1115559
4488322
4408332
6478832
6777732
6669999

1115059
1115559
4433322
4408332
6478882
6777782
6669999

1115059
1115559
6662222
6302444
6388744
3387777
3889999

1115059
1115559
8844462
7804462
7886662
7733322
7339999

2222089
2448889
4448666
7505611
7555611
7733311
7339999

7777039
5758839
5556833
4406883
4446662
1112222
1119999

6665059
6385559
6388844
3307844
3777742
1112222
1119999

4445059
4475559
7777666
2208611
2888611
2833311
2339999

4445059
4475559
7777333
2203311
2666811
2688811
2689999

2222039
6662339
6555311
6505311
4488711
4487777
4889999

2222039
4442339
4455311
8805311
6855711
6887777
6669999

6668039
6888339
6855311
2205311
2455711
2447777
2449999

6665059
1165559
1162222
1103332
4488733
4487777
4889999

8666039
8886339
2286311
2505311
2555711
2447777
4449999

6667039
6887339
6877344
8807344
2222545
1112555
1119999

5557039
5457339
4477388
4407386
2222886
1112666
1119999

7444039
7744339
7555388
7505386
2222886
1112666
1119999

2222039
5552339
5457388
4407386
4477886
1117666
1119999

2222039
6662339
6887344
6807344
8877545
1117555
1119999

4465059
4465559
7466622
7703112
7883112
7833112
8839999

4465059
4465559
7466622
7708112
7888112
7833112
3339999

1135059
1135559
1133444
8803744
6877772
6882222
6669999

3445059
3445559
3348666
2308886
2222786
1117777
1119999

4435059
4435559
4338666
2308886
2222786
1117777
1119999

6444089
6448889
6668112
7505112
7555112
7733322
7339999

7777039
1178839
1155833
1105883
6255444
6222244
6669999

7777039
5758839
5552833
1102883
1162444
1162244
6669999

7777089
5758889
5558322
1103342
1163442
1163442
6669999

7777089
5758889
5558322
1104332
1164432
1164432
6669999

7777039
4755539
4458533
4408883
1166682
1162222
1169999

7777039
5758839
5556833
2206883
2666111
2444111
2449999

2557039
2577339
2557388
2207386
1144886
1144666
1149999

7777089
5758889
5558444
1103344
1162333
1162222
6669999

7777089
5758889
5558333
1103344
1162444
1162222
6669999

4445059
4475559
7777388
2203386
2113886
2113666
2119999

4445059
4475559
7777333
2203386
2118886
2118666
2119999

4488079
4481179
4881177
2201176
2553336
2533666
2559999

7777039
5751139
5551133
2201143
2666844
2688844
2689999

