3444079
3344879
6388877
6380575
6662555
1112222
1119999

4445059
3445559
3887777
3380711
6388211
6222211
6669999

1115059
1115559
7777666
2370886
2344486
2334488
2239999

4445059
8445559
8887777
3380711
6333211
6222211
6669999

2222039
2111739
8111733
8880773
6585744
6555444
6669999

1115059
1115559
3777744
3370844
6388842
6382222
6669999

1115059
1115559
7777422
8870442
6833442
6883332
6669999

6665059
6325559
6327777
3320711
3422811
4488811
4489999

1115059
1115559
7777322
8870332
6844432
6884432
6669999

3111079
3111779
3355576
8350576
8882666
4482222
4449999

3111079
3111879
3388877
4380575
4462555
4462222
6669999

1115059
1115559
6664442
6880442
6877772
8833722
3339999

1116039
1116239
8666233
8880243
5582244
5777744
5579999

6665059
6885559
6833322
8870332
7777442
1114442
1119999

2222089
2448889
4448666
3330611
5533611
5777711
5579999

6665059
6385559
6388844
3370844
3777742
1112222
1119999

4445059
4485559
8887777
8330711
6233311
6222211
6669999

4445059
7445559
7733322
7880332
7861112
8861112
6669999

7777089
5758889
5558111
6660111
6222244
6233444
3339999

6665059
6885559
6833322
8870332
4771112
4471112
4479999

2235059
2335559
2388111
2380111
6887444
6777744
6669999

7777089
5758889
5558111
3330111
6233444
6222244
6669999

2222039
4442339
4455311
8850311
6855711
6887777
6669999

6663049
6883449
6833447
8830557
2222577
1112557
1119999

6668039
6888339
6855311
2250311
2455711
2447777
2449999

6668049
6888449
6833447
3330557
2222577
1112557
1119999

1122089
1128889
1128666
4420336
4433376
5457777
5559999

8333069
8883369
4486667
4440557
2222577
1112557
1119999

7333069
7553369
7756668
7550888
2222844
1112444
1119999

6665059
1165559
1167777
1180733
8883332
8442222
4449999

7777039
1178839
1155833
1150883
6255444
6222244
6669999

1175059
1175559
1177666
2370886
2344486
2334488
2239999

7777089
5758889
5558112
6660112
6333112
6443322
4449999

6444089
6448889
6668112
3330112
5533112
5777722
5579999

8333069
8883369
1186667
1150577
1155527
4422227
4449999

2222039
2478839
4477833
4470883
6575111
6555111
6669999

1175059
1175559
1177422
8870442
6833442
6883332
6669999

4445059
8445559
8887777
1180726
1122226
1133666
3339999

1175059
1175559
1177322
8870332
6844432
6884432
6669999

4445059
8445559
8887777
1180733
1163332
1162222
6669999

2255039
2758839
2755833
2770883
6744111
6444111
6669999

2222089
2118889
3118644
3110644
3366674
5357777
5559999

2222089
2118889
3118444
3110446
3377776
5357666
5559999

6665059
6115559
6117777
8110733
8883332
4482222
4449999

6665059
6885559
6833322
8870332
1174442
1177442
1179999

6665059
6885559
6833322
8870332
1177442
1174442
1179999

7777089
5758889
5558444
1120446
1122226
1133666
3339999

4445059
4485559
8887777
8110733
6113332
6112222
6669999

6444089
6448889
6668557
3330577
1133557
1122227
1129999

7777089
5758889
5558666
3330644
1133644
1122224
1129999

4411039
4411339
8411362
8880362
5586662
5777722
5579999

