1115059
1115559
2777788
2447086
2444886
2233666
3339999

7111039
7111839
7788833
7585043
6555244
6222244
6669999

7111039
7111839
7788833
7485053
6445552
6442222
6669999

7111039
7111839
7788833
7485053
4465552
4462222
6669999

4445059
4475559
2777788
2111086
2111886
2233666
3339999

6444089
6448889
6668552
7111052
7111552
7733322
7339999

1115059
1115559
3882222
3382044
6388744
6377774
6669999

8333079
8883379
6585772
6555072
6664442
1114422
1119999

1115059
1115559
8777762
8887062
4486662
4433322
4339999

1115059
1115559
8844462
7844062
7886662
7733322
7339999

1115059
1115559
3337777
2233074
2666844
2688844
2689999

7777039
8874439
6844433
6885053
6665552
1112222
1119999

1115059
1115559
8777744
8887044
6283334
6222233
6669999

6665059
6335559
6833311
2888011
2448711
2447777
2249999

6665059
6445559
6448811
2348011
2388711
2337777
2239999

6665059
6885559
6822227
8833027
3334477
1114447
1119999

7777029
8722229
8886444
5586044
5666111
5533111
3339999

7445059
7445559
7743388
7333086
2222886
1112666
1119999

7777039
8744439
8884433
1185053
1165552
1162222
6669999

7777089
5758889
5558444
1133044
1163332
1162222
6669999

6665059
6115559
6118832
7118032
7788332
7444322
7449999

6665059
6885559
6822227
8823077
1133447
1134447
1139999

6665059
6885559
6822224
8823044
1133744
1137777
1139999

