1115059
1115559
3444887
3344807
6328877
6322227
6669999

2222039
2666339
1116355
1116305
4488755
4487777
4889999

2222039
1112339
1114355
8844305
6844755
6887777
6669999

7777039
5758839
5558336
4488306
4442666
1112222
1119999

7777039
5758839
5558633
4488603
4442666
1112222
1119999

7777089
5758889
5558336
4433306
4442666
1112222
1119999

7777089
5758889
5558666
4433306
4442336
1112222
1119999

2222039
6662339
6111355
6111305
4488755
4487777
4889999

1115059
1115559
8844666
2844406
2883336
2777733
2279999

2222039
2111739
8111733
8887703
6585744
6555444
6669999

8666039
8886339
2286355
2111305
2111755
2447777
4449999

2111039
2111339
2666355
2286305
8886755
8447777
4449999

6111039
6111339
6662355
2222305
4488755
4487777
4889999

1115059
1115559
7777322
4788302
4468332
4468832
6669999

6444089
6448889
6668552
7111502
7111552
7733322
7339999

6665059
6885559
6877772
8833702
3334442
1114422
1119999

8333069
8883369
5586662
5777702
5574442
1114422
1119999

1115059
1115559
2222666
2333806
3388876
4487777
4449999

1115059
1115559
6664442
6884402
6877772
8833722
3339999

1115059
1115559
6877772
6888702
6668332
4433322
4449999

1115059
1115559
4477772
4448702
6888332
6833322
6669999

2222039
2411139
4411133
4476803
5576888
5776668
5579999

1115059
1115559
3337777
2233704
2666844
2688844
2689999

1115059
1115559
7777666
2278604
2888644
2833344
2339999

1115059
1115559
7777333
2273304
2666844
2688844
2689999

1115059
1115559
7777336
8733306
8882666
4482222
4449999

1115059
1115559
7777666
8733306
8882336
4482222
4449999

4885059
4485559
4488666
2311106
2311176
2337777
2239999

1115059
1115559
3377776
8333706
8882666
4482222
4449999

1116039
1116339
2666355
2222305
4488755
4487777
4889999

2222089
2448889
3448666
3411106
3311176
5357777
5559999

8666039
8886339
4486355
4442305
2222755
1117777
1119999

8844039
6844339
6884355
6662305
2222755
1117777
1119999

7777039
5756339
5556322
8666302
8881112
4481112
4449999

6667039
6557339
6577322
8557302
8881112
4481112
4449999

4488039
4486339
4886322
7666302
7551112
7751112
7559999

6668039
6888339
6844322
7444302
7551112
7751112
7559999

7777089
5758889
5558666
2222604
2333644
1113344
1119999

2222039
2444339
6844355
6888305
6668755
1117777
1119999

2222039
2666339
4886355
4486305
4488755
1117777
1119999

1175059
1175559
1177666
2278604
2888644
2833344
2339999

2666039
2655539
2657533
2287703
8887111
8447111
4449999

8666049
8886449
5586447
5222207
5533277
1113337
1119999

1175059
1175559
1177333
2273304
2666844
2688844
2689999

6665059
1165559
1162222
1133802
3337888
4477778
4449999

1122089
1128889
1128333
4423306
4477776
5457666
5559999

1122089
1128889
1128666
7525604
7555644
7733344
7339999

7777089
5578889
5338666
5533306
2222446
1112444
1119999

2222039
4442339
4486355
8886305
8666755
1117777
1119999

1124039
1124439
1124433
7226803
7556888
7756668
7559999

2222039
6662339
6884355
6844305
8844755
1117777
1119999

6665059
1165559
1168822
1133802
3337882
4477772
4449999

1122039
1162339
1162355
6662305
4488755
4487777
4889999

6662039
1162339
1162355
1122305
4488755
4487777
4889999

1144039
1144439
1155533
8857503
6877772
6882222
6669999

2222039
1152539
1155533
1176803
4776888
4476668
4479999

6667039
6777739
6222233
5258803
5558111
4488111
4449999

6668039
6888339
6844355
2444305
2222755
1117777
1119999

4488039
4486339
4886355
2666305
2222755
1117777
1119999

2222039
2777739
4447833
4488803
6585111
6555111
6669999

4445059
8445559
8882222
1182706
1177776
1133666
3339999

4445059
4475559
3772222
3378802
6378111
6388111
6669999

7777089
4478889
4448555
1133505
1163332
1162222
6669999

4445059
4475559
7777322
1188302
1168332
1168832
6669999

7777039
5758839
5558332
1188302
1164442
1164422
6669999

2114039
2114439
2114433
2276803
5576888
5776668
5579999

7777089
5758889
5558332
1133302
1164442
1164422
6669999

2222089
2118889
3118666
3114406
3344476
5357777
5559999

7554039
7754439
7554433
7226803
1126888
1126668
1129999

5574039
5774439
5574433
2276803
2116888
2116668
2119999

2211039
2611339
2611355
2666305
4488755
4487777
4889999

2211049
2311449
2311447
2338807
6535877
6555887
6669999

2666039
2611339
2611355
2211305
4488755
4487777
4889999

2222039
4442339
4411355
8811305
6811755
6887777
6669999

6668039
6888339
6844355
2244305
2114755
2117777
2119999

6668039
6888339
6811355
2211305
2411755
2447777
2449999

7777039
5571139
5881133
5581103
6288444
6222244
6669999

