2222039
2666339
1116355
1116350
4488755
4487777
4889999

2222039
1112339
1114355
8844350
6844755
6887777
6669999

1115059
1115559
2687777
2688870
2666844
2233444
3339999

6111079
6111379
6663377
5553870
5453888
4422228
4429999

2222039
6662339
6111355
6111350
4488755
4487777
4889999

8666039
8886339
2286355
2111350
2111755
2447777
4449999

2111039
2111339
2666355
2286350
8886755
8447777
4449999

2235059
2335559
2387777
2388870
6111844
6111444
6669999

6111039
6111339
6662355
2222350
4488755
4487777
4889999

2222079
2311179
3311177
3885570
3865444
8865544
6669999

2222079
2311179
3311177
3446870
3446888
5456668
5559999

1115059
1115559
3337777
2233740
2666844
2688844
2689999

1115059
1115559
7777666
2278640
2888644
2833344
2339999

1115059
1115559
7777333
2273340
2666844
2688844
2689999

1116039
1116339
2666355
2222350
4488755
4487777
4889999

8666039
8886339
4486355
4442350
2222755
1117777
1119999

8844039
6844339
6884355
6662350
2222755
1117777
1119999

7777089
5758889
5558666
2222640
2333644
1113344
1119999

2222039
2444339
6844355
6888350
6668755
1117777
1119999

2222039
2666339
4886355
4486350
4488755
1117777
1119999

6663079
6553379
6522377
8552370
8882111
4482111
4449999

1175059
1175559
1177666
2278640
2888644
2833344
2339999

7777029
8722229
8886444
5586440
5666111
5533111
3339999

2445059
2445559
2437777
2238870
6338111
6388111
6669999

2444079
2443379
2333877
2288870
6585111
6555111
6669999

1175059
1175559
1177333
2273340
2666844
2688844
2689999

2333079
2443379
2444877
2288870
6585111
6555111
6669999

1122089
1128889
1128666
7525640
7555644
7733344
7339999

2222039
4442339
4486355
8886350
8666755
1117777
1119999

2222039
6662339
6884355
6844350
8844755
1117777
1119999

6665059
1165559
1167777
1133370
4488332
4482222
4889999

6665059
2365559
2367777
2338870
2238111
4488111
4449999

1122039
1162339
1162355
6662350
4488755
4487777
4889999

6662039
1162339
1162355
1122350
4488755
4487777
4889999

3225059
3325559
6327777
6328870
6668111
4488111
4449999

6668039
6888339
6844355
2444350
2222755
1117777
1119999

4488039
4486339
4886355
2666350
2222755
1117777
1119999

6665059
1165559
1167777
1183370
8882333
8442222
4449999

6665059
6325559
6327777
3328870
3228111
4488111
4449999

1155079
1152279
1155277
6668270
6888244
6833444
3339999

1155079
1152279
1155277
6663270
6883244
6833444
8839999

7777089
5758889
5558444
1133440
1163332
1162222
6669999

2222079
2333879
3388877
1185570
1165444
1165544
6669999

2235059
2335559
2367777
2368870
6668111
4488111
4449999

6665059
6115559
6117777
8113370
8882333
4482222
4449999

4445059
8445559
8887777
1183370
1162333
1162222
6669999

5544079
5444879
5588877
1183370
1162333
1162222
6669999

2211039
2611339
2611355
2666350
4488755
4487777
4889999

2666039
2611339
2611355
2211350
4488755
4487777
4889999

4445059
4485559
8887777
8113370
6112333
6112222
6669999

2222039
4442339
4411355
8811350
6811755
6887777
6669999

6668039
6888339
6844355
2244350
2114755
2117777
2119999

6668039
6888339
6811355
2211350
2411755
2447777
2449999

