7777089
5758889
5558666
2222611
0332611
4433311
4449999

2222039
1112739
1117733
5588743
0568744
5568844
6669999

7111039
7111339
7722388
7442386
0442886
5452666
5559999

7111039
7111339
7722344
7882344
0862545
8862555
6669999

7111039
7111339
7788322
7448362
0448862
5456662
5559999

4885059
4485559
4488666
3322226
0333726
1117777
1119999

7777089
4768889
4468552
4466652
0333552
1113322
1119999

6665059
6785559
6788832
7744832
0744332
1114322
1119999

1115059
1115559
2222444
2887446
0877776
8833666
3339999

1116079
1116779
3666872
3388872
0384442
5354422
5559999

7777039
5758839
5556833
4446883
0446662
1112222
1119999

7777039
4766639
4488633
4485653
0885552
1112222
1119999

7885059
7785559
7688444
7633344
0666332
1112222
1119999

2235059
2735559
2733666
2773886
0711186
4411188
4449999

6665059
4465559
4461112
4881112
0877772
8833722
3339999

7777039
8744439
8884433
5581113
0561112
5562222
6669999

7554039
7754439
7554433
7881113
0861112
8862222
6669999

2666049
2688449
2638447
2238877
0331117
5351117
5559999

4225059
4425559
4428666
3328886
0333786
1117777
1119999

7777089
4478889
4448111
5533111
0563332
5562222
6669999

6665059
6885559
6822224
8823344
0333744
1117777
1119999

6665059
6885559
6822227
8823377
0333447
1114447
1119999

2666039
2644339
2644311
2248311
0888711
5857777
5559999

2666039
2446339
2446311
2248311
0888711
5857777
5559999

6662049
6882449
6832447
8832277
0331117
5351117
5559999

2222039
2448839
4448337
5588377
0561117
5561117
6669999

2222039
2666739
5556733
5856773
0888744
1118444
1119999

2222089
2448889
4448337
5533377
0561117
5561117
6669999

6665059
6885559
6822227
8833327
0334477
1114447
1119999

2222039
6442339
6444311
6668311
0888711
5857777
5559999

2222039
6662339
6444311
6448311
0888711
5857777
5559999

7777089
1178889
1158562
1155562
0336662
4433322
4449999

1122089
1128889
1128444
5527446
0577776
5533666
3339999

1122039
1128839
1127833
5527883
0567744
5567444
6669999

2222039
6662739
6557733
6588743
0558744
1118844
1119999

2222079
4452579
4455577
4833376
0888336
1118666
1119999

7777089
1178889
1138422
1134462
0334462
5356662
5559999

7777089
1178889
1138422
1136442
0336442
5356662
5559999

2245059
2445559
2448666
2888336
0833376
1117777
1119999

2235059
2735559
2733666
2773886
0744486
1114488
1119999

2255039
2658839
2655833
2666883
0777744
1117444
1119999

2245059
2445559
2447777
2833376
0888336
1118666
1119999

2244039
2444339
2557388
2577386
0557886
1117666
1119999

2235059
2335559
2388447
2386447
0886477
1116667
1119999

2235059
2335559
2388666
2384446
0884476
1117777
1119999

7777089
1178889
1138666
1134446
0332446
5352222
5559999

7777089
1178889
1138446
1134446
0332666
5352222
5559999

2222039
2448839
4447833
5577883
0567111
5567111
6669999

2115059
2115559
2118666
2278886
0473386
4477333
4479999

2115059
2115559
2113666
2273886
0473386
4477388
4479999

2244039
2444839
2788833
2786663
0776111
5756111
5559999

6665059
6785559
6788832
7711832
0711332
4411322
4449999

4411079
4411779
3411876
3388876
0382666
5352222
5559999

4488079
4481179
4881177
5521176
0522226
5533666
3339999

2222079
2333879
3388877
5581174
0561144
5561144
6669999

2222039
6662839
6788833
6781143
0771144
5751144
5559999

