2222039
1112739
1117733
5588743
5068744
5568844
6669999

6665059
6375559
6378844
3377844
3072884
1112222
1119999

7111039
7111339
7788344
7558344
6058842
6552222
6669999

1115059
1115559
4447777
4488733
6083332
6882222
6669999

1115059
1115559
3366644
7333644
7088642
7782222
7889999

1115059
1115559
4488322
4448332
6078832
6777732
6669999

1115059
1115559
4433322
4448332
6078882
6777782
6669999

6668039
6888739
6822733
5552773
5052744
1112444
1119999

1115059
1115559
3337777
2233786
2048886
2448666
2449999

1115059
1115559
7777333
2273386
2048886
2448666
2449999

7777039
4478839
4446833
5556883
5056662
1112222
1119999

1115059
1115559
7777388
2273386
2043886
2443666
2449999

7777039
8744439
8884433
5581113
5061112
5562222
6669999

7777089
4478889
4448111
5533111
5063332
5562222
6669999

4455039
4445339
2855311
2888311
2068711
2267777
6669999

6444089
6448889
6668557
2222577
2033557
1113337
1119999

7777089
5758889
5558666
2222644
2033644
1113334
1119999

4885059
4485559
4488666
2222336
2033376
1117777
1119999

2222039
2448839
4448337
5588377
5061117
5561117
6669999

2222089
2448889
4448337
5533377
5061117
5561117
6669999

7777039
4478839
4422833
4552883
6052111
6552111
6669999

7444039
7448839
7722833
7552883
6052111
6552111
6669999

2244039
2844439
2888337
2558377
6051117
6551117
6669999

1175059
1175559
1177333
2273386
2048886
2448666
2449999

1175059
1175559
1177388
2273386
2043886
2443666
2449999

1122089
1128889
1128444
5527446
5077776
5533666
3339999

1122039
1128839
1127833
5527883
5067744
5567444
6669999

7777089
1178889
1158532
1155532
6044332
6444322
6669999

1155039
1158839
1155833
2222883
6072444
6777744
6669999

7777089
1178889
1158544
1155544
6033342
6332222
6669999

7777039
5758839
5552833
2222883
6044111
6444111
6669999

7777089
1178889
1128344
1123344
6023545
6223555
6669999

1155039
1158839
1155833
6667883
6077772
6442222
4449999

7777089
1178889
1128333
1123355
6024445
6224455
6669999

4435059
4435559
8433112
8883112
6087112
6777722
6669999

2222039
2448839
4447833
5577883
5067111
5567111
6669999

2115059
2115559
2118666
2278886
4073386
4477333
4479999

2115059
2115559
2113666
2273886
4073386
4477388
4479999

6665059
6115559
6118822
7118442
7088442
7733342
7339999

6665059
6115559
6118842
7118442
7088442
7733322
7339999

4488079
4481179
4881177
5521176
5022226
5533666
3339999

2222079
2333879
3388877
5581174
5061144
5561144
6669999

7777039
5571139
5881133
5581143
6088244
6222244
6669999

