7777089
5758889
5558666
2222611
4402611
4433311
4339999

1115059
1115559
3444887
3344877
6308827
6322227
6669999

2222039
1112339
1117344
8877344
6807545
6887555
6669999

2222039
1112339
1117388
4477386
4407886
5457666
5559999

1115059
1115559
7777444
2376844
2306888
2336668
2239999

1115059
1115559
7777666
2374886
2304486
2334488
2239999

7111039
7111339
7788344
7558344
6508842
6552222
6669999

4445059
4475559
7777666
2388611
2308611
2338811
2239999

1115059
1115559
7777322
8873342
6803442
6883442
6669999

1115059
1115559
3777722
3378842
6308442
6388442
6669999

1115059
1115559
7777322
8874332
6804432
6884432
6669999

8333079
8883379
5582277
5666274
5506244
1116244
1119999

2222089
2438889
4438666
4433611
5503611
5777711
5579999

2222089
2448889
4448666
7555611
7505611
7733311
7339999

6665059
6885559
6487777
4488733
4403332
1112222
1119999

1115059
1115559
3337777
2233786
2408886
2448666
2449999

1115059
1115559
7777333
2273386
2408886
2448666
2449999

7777039
5758839
5556833
4446883
4406662
1112222
1119999

1115059
1115559
7777388
2273386
2403886
2443666
2449999

1115059
1115559
7777333
8873344
6802444
6882222
6669999

1115059
1115559
3337777
8833744
6802444
6882222
6669999

1114079
1114479
3334477
8833575
6802555
6882222
6669999

1115059
1115559
7777444
8873344
6802333
6882222
6669999

4445059
4485559
8887777
8333711
6203311
6222211
6669999

5574039
5774439
5574433
8871113
6801112
6882222
6669999

6663049
6883449
6833442
8831112
5501112
5777722
5579999

6668049
6888449
6833442
3331112
5501112
5777722
5579999

8333069
8883369
4486662
4441112
5501112
5777722
5579999

4445059
4475559
7777111
8833111
6803332
6882222
6669999

2666089
2638889
2638111
2233111
5503444
5777744
5579999

6662049
8862449
3862447
3882277
3301117
5351117
5559999

7777039
4478839
4422833
4552883
6502111
6552111
6669999

7444039
7448839
7722833
7552883
6502111
6552111
6669999

2244039
2844439
2888337
2558377
6501117
6551117
6669999

8666049
8886449
3286447
3222277
3301117
5351117
5559999

4445059
2445559
2222337
8833377
6801117
6881117
6669999

1175059
1175559
1177333
2273386
2408886
2448666
2449999

1175059
1175559
1177388
2273386
2403886
2443666
2449999

8666039
8886339
2286311
2555311
2505711
2447777
4449999

1122049
1123449
1123447
8823377
6805357
6885557
6669999

7777089
1178889
1158562
1155562
4406662
4433322
4339999

1125059
1125559
1128666
7228886
7703386
7444333
7449999

2222039
5552339
5457388
4477386
4407886
1117666
1119999

2222039
6662339
6887344
6877344
8807545
1117555
1119999

1125059
1125559
1123666
7223886
7703386
7444388
7449999

2245059
2445559
2447777
2333786
3308886
1118666
1119999

7777039
4478839
4442833
2222883
6505111
6555111
6669999

6665059
6335559
6833322
7888112
7708112
7444112
7449999

6444089
6448889
6668112
7555112
7505112
7733322
7339999

7777089
1178889
1158544
1155544
6203334
6222233
6669999

1175059
1175559
1177444
2376844
2306888
2336668
2239999

1144069
1144469
1186667
2388877
2305857
2335557
2239999

1175059
1175559
1177666
2374886
2304486
2334488
2239999

1175059
1175559
1177322
8873342
6803442
6883442
6669999

1175059
1175559
1177322
8874332
6804432
6884432
6669999

7333069
7743369
7446662
7445552
1105852
1188822
1189999

2222039
8852539
7855533
7886663
7706111
7446111
4449999

7777029
4722229
4455588
4453586
1103886
1133666
1139999

7777039
2278839
2666833
2655883
2605111
4455111
4449999

2244039
2444839
2788833
2786663
7706111
5756111
5559999

2222089
2118889
3118447
3116447
3306477
5356667
5559999

2222089
2118889
3118666
3114446
3304476
5357777
5559999

1175059
1175559
1177444
8873344
6802333
6882222
6669999

1175059
1175559
1177333
8873344
6802444
6882222
6669999

6665059
6885559
6822227
8823477
1103447
1133447
1139999

2222079
2666879
3688877
3681174
3301144
5351144
5559999

2222039
6662839
6788833
6781143
7701144
5751144
5559999

