7777089
5758889
5558333
4443311
6440211
6222211
6669999

7885059
7785559
7488333
7443311
6440211
6222211
6669999

7111049
7111449
7738442
7338882
6350582
6355522
6669999

3885059
3385559
6388722
6377772
6660442
1114442
1119999

7777089
5758889
5558666
2222611
2330611
4433311
4449999

2222079
2311179
3311177
3885574
3860544
8865544
6669999

4422089
4428889
4728333
7723311
6750511
6755511
6669999

6665059
6445559
6444811
2388811
2380711
2337777
2239999

8333079
8883379
6585277
6555274
6660244
1112244
1119999

4445059
3445559
3222211
3388211
6380711
6887777
6669999

2222039
6662339
6555311
6585311
8880711
8447777
4449999

6665059
6385559
6388811
3322811
3420711
4427777
4429999

6665059
1165559
1162222
1183332
8880733
8447777
4449999

7777089
1178889
1158532
1155532
6440332
6444322
6669999

7777089
1178889
1158532
1155532
6660332
6444322
6449999

6665059
6335559
6233311
8222211
8880711
4487777
4449999

7777039
1175539
1188533
1185543
6880244
6222244
6669999

7777039
5758839
5552833
2222883
6440111
6444111
6669999

7777039
5758839
5552833
2222883
6660111
6444111
6449999

8333069
8883369
1186667
1155577
1150527
4422227
4449999

4445059
8445559
8882222
1183332
1160733
1167777
6669999

6665059
6885559
6844432
8874432
1170332
1177322
1179999

7777089
5758889
5558444
1133344
1160332
1162222
6669999

7777039
5758839
5558433
1188443
1160442
1162222
6669999

1135059
1135559
1133447
6663447
6880477
6822227
8829999

7777089
5758889
5558666
1122226
1120446
1133444
3339999

7777039
2278839
2666833
2655883
2650111
4455111
4449999

2222079
2333879
3388877
1185574
1160544
1165544
6669999

7777039
5758839
5558233
1188243
1160244
1162244
6669999

2666039
2675539
2677533
2275543
1170844
1188844
1189999

6665059
6115559
6112222
8113332
8880733
4487777
4449999

6665059
6445559
6444322
7777332
1170832
1188832
1189999

1155039
1158839
1155833
7777883
6270444
6222244
6669999

4445059
4485559
8882222
8113332
6110733
6117777
6669999

2244039
2444339
2555388
2575386
1170886
1177666
1179999

2235059
2335559
2344488
2374486
1170886
1177666
1179999

