1115059
1115559
2222666
7442886
7444086
7733388
7339999

1115059
1115559
3884447
3384477
6388027
6322227
6669999

6665059
6885559
6877774
8833744
3332044
1112222
1119999

8333069
8883369
5586664
5777744
5572044
1112222
1119999

7111039
7111839
7788833
7485553
6445052
6442222
6669999

7111039
7111839
7788833
7485553
4465052
4462222
6669999

2445059
2445559
2488333
2283311
6887011
6777711
6669999

2444089
2448889
2558333
2253311
6557011
6777711
6669999

1115059
1115559
7777322
4788332
4468032
4468832
6669999

7777039
5758839
5552833
2222883
6111044
6111444
6669999

6111049
6111449
6668442
3338882
5533082
5777722
5579999

4445059
4435559
2337777
2388711
2368011
2268811
6669999

4445059
2445559
2222666
7111886
7111086
7733388
7339999

2222079
2311179
3311177
3885574
3865044
8865544
6669999

4445059
3445559
3311122
7311162
7388062
7786662
7889999

4445059
7445559
7711122
7311162
7388062
3386662
3889999

7777039
8874439
6844433
6885553
6665052
1112222
1119999

6665059
6445559
6447777
2248711
2888011
2833311
2339999

6665059
2265559
2867777
2888711
2338011
4433311
4449999

6665059
2265559
2367777
2388711
2338011
4438811
4449999

4225059
4425559
4421117
8821117
6833077
6883337
6669999

7777029
8722229
8886111
5586111
5666044
5533444
3339999

4445059
4475559
7777666
2222886
2333086
1113388
1119999

2222089
2448889
6448337
6433377
6665057
1115557
1119999

2222039
2448839
6448337
6488377
6665057
1115557
1119999

1122089
1128889
1128666
4423336
4433076
5457777
5559999

7777039
5756339
5556311
8666311
8882011
4482222
4449999

6667039
6557339
6577311
8557311
8882011
4482222
4449999

4488039
4486339
4886311
7666311
7552011
7752222
7559999

6668039
6888339
6844311
7444311
7552011
7752222
7559999

1125059
1125559
1127777
8822744
6833044
6883334
6669999

1125059
1125559
1124447
8822447
6833077
6883337
6669999

1135059
1135559
1133666
2443886
2444086
2777788
2279999

7777039
8744439
8884433
1185553
1165052
1162222
6669999

4445059
4475559
7777322
1188332
1168032
1168832
6669999

2222089
2448889
4448337
1133377
1165057
1165557
6669999

2222079
2333879
3388877
1185574
1165044
1165544
6669999

2222039
2448839
4448337
1188377
1165057
1165557
6669999

7777089
5758889
5558334
1133344
1162044
1162222
6669999

7777039
5758839
5558334
1188344
1162044
1162222
6669999

6444089
6448889
6668337
2233377
2115057
2115557
2119999

2244039
2844439
2888337
2118377
6115057
6115557
6669999

6444039
6448839
6668337
2288377
2115057
2115557
2119999

4411039
4411339
4811322
7888362
7558062
7756662
7559999

4445059
3445559
3311666
2311886
2311086
2777788
2279999

7777039
5571139
5881133
5581143
6288044
6222244
6669999

