1115059
1115559
3044887
3344877
6348827
6322227
6669999

7777089
5578889
5068333
5563344
6662444
1112222
1119999

7777089
5578889
5068444
5563344
6662333
1112222
1119999

6665059
2265559
2063337
2833477
2888447
1118447
1119999

6665059
2265559
2068447
2888447
2833477
1113337
1119999

7885059
7785559
7088333
7443311
6444211
6222211
6669999

2444089
2448889
2068333
2263311
5566611
5777711
5579999

6665059
6885559
6087777
2388711
2344411
2334411
2239999

8666049
8886449
2086447
2111557
2111577
2233557
3339999

1117039
1117339
8077322
8887342
6585442
6555442
6669999

4445059
7445559
7086662
7788862
7333862
1113322
1119999

1115059
1115559
3072222
3372884
6377844
6378844
6669999

1115059
1115559
7022224
7728644
7888644
7833666
3339999

1115059
1115559
7022224
7723644
7883644
7833666
8839999

1115059
1115559
7086662
7788862
7333862
7443322
4449999

7777089
5578889
5068322
5563342
6663442
1113442
1119999

7777089
5578889
5068322
5564332
6664432
1114432
1119999

1115059
1115559
3022227
3348827
6344877
6344887
6669999

6665059
6885559
6087777
4488733
4443332
1112222
1119999

1115059
1115559
3078844
3377844
6372884
6372222
6669999

7885059
7785559
7088644
7333644
3366642
1112222
1119999

2445059
2445559
2047777
2233786
3338886
1118666
1119999

4422089
4428889
4028666
7525611
7555611
7733311
7339999

4475059
4475559
4077666
2278611
2888611
2833311
2339999

4475059
4475559
4077333
2273311
2666811
2688811
2689999

7777039
5578839
5062833
5562883
6662444
1112244
1119999

6665059
2265559
2064411
2344411
2388711
3387777
3889999

2222039
2666339
5056311
5556311
4488711
4487777
4889999

7885059
7785559
7088111
7433111
4463332
4462222
6669999

7885059
7785559
7088111
7433111
6443332
6442222
6669999

7885059
7785559
7088211
7222211
6443311
6444333
6669999

7885059
7785559
7088211
7222211
6663311
6444333
6449999

2222039
2558839
6057833
6557883
6667744
1117444
1119999

7225059
7725559
7028811
7328611
3388611
3444666
3449999

7225059
7725559
7028811
7428611
4488611
4433666
3339999

6662039
5562339
5062311
5522311
4488711
4487777
4889999

7777039
5578839
5022833
5542883
6442111
6442111
6669999

2222039
5552339
5054311
8844311
6844711
6887777
6669999

2275059
2775559
2078811
2478611
4488611
4433666
3339999

2275059
2775559
2078811
2378611
3388611
3444666
3449999

7777039
5574339
5044388
5544386
2222886
1112666
1119999

4447039
4477339
5057388
5557386
2222886
1112666
1119999

2222039
5552339
5057388
4477386
4447886
1117666
1119999

2222039
5552339
5057388
4447386
4477886
1117666
1119999

2222039
6662839
6088833
6785543
7777544
1115544
1119999

2222039
2777739
8074433
8884443
6585111
6555111
6669999

7777039
5578839
5062833
5562883
6662111
4422111
4449999

4455079
4445279
8055277
8883276
1183226
1133666
1139999

6665059
6885559
6084442
1188442
1177772
1133722
3339999

2445059
2445559
2048666
2278886
1173386
1177333
1179999

2445059
2445559
2043666
2273886
1173386
1177388
1179999

2333069
2883369
2086667
2288557
1144577
1144557
1149999

2222039
5552739
5057733
1188743
1168744
1168844
6669999

7885059
7785559
7088322
7113342
6113442
6113442
6669999

4475059
4475559
4077388
2273386
2113886
2113666
2119999

7885059
7785559
7088322
7114332
6114432
6114432
6669999

7777089
5578889
5068333
5563344
1166644
1122224
1129999

4475059
4475559
4077333
2273386
2118886
2118666
2119999

7885059
7785559
7088444
7113344
6112333
6112222
6669999

7885059
7785559
7088333
7113344
6112444
6112222
6669999

7777039
5578839
5011833
5511883
6211444
6222244
6669999

8333069
8883369
2086667
2222557
1144577
1144557
1149999

