1115059
1115559
3444887
3344877
6328807
6322227
6669999

7777089
2278889
2448666
2444655
2333605
1113355
1119999

7777039
2278839
2666833
2644883
2644505
1114555
1119999

1115059
1115559
3884422
3384442
6388702
6377772
6669999

1115059
1115559
4433322
4448332
6888702
6877772
6669999

1115059
1115559
6833322
6888332
6668702
4477772
4449999

7777039
4478839
4442833
2222883
6111505
6111555
6669999

2222089
2448889
4448666
7111655
7111605
7733355
7339999

6665059
4465559
4463332
4733882
7777802
1118822
1119999

8333079
8883379
6585772
6555472
6664402
1114422
1119999

3885059
3385559
6388722
6377772
6664402
1114442
1119999

6665059
4465559
4463338
4733888
7777802
1112222
1119999

8666039
8886739
5586733
5444773
5544702
1112222
1119999

4455039
4445739
6855733
6888773
6668702
1112222
1119999

5544039
5444739
5586733
8886773
8666702
1112222
1119999

6668039
6888739
6855733
4445773
4455702
1112222
1119999

4422089
4428889
4728333
7723355
6711105
6711155
6669999

7777089
5758889
5558111
4333111
4463302
4462222
6669999

6444089
6448889
6668111
7333111
7553302
7752222
7559999

4885059
4485559
4488111
7777111
6733302
6332222
6669999

7445059
7445559
7748111
7888111
6833302
6332222
6669999

7777089
4478889
4448666
2222655
2333605
1113355
1119999

2222039
2448839
6447833
6477883
6667505
1117555
1119999

8666049
8886449
5586447
5222277
5533207
1113337
1119999

1122089
1128889
1128666
4423336
4433706
5457777
5559999

1122089
1128889
1128444
5527446
5777706
5533666
3339999

6665059
1165559
1163332
1133882
7777802
4478822
4449999

6665059
1165559
1163338
1133888
7777802
4472222
4449999

7777039
1178839
1122833
1142883
6442505
6442555
6669999

7777039
1178839
1162833
1162883
6662505
4422555
4449999

1155039
1158839
1155833
6667883
6777702
6442222
4449999

1155039
1158839
1155833
7777883
4766602
4462222
4469999

7777049
5756449
5556442
3336662
1133802
1188822
1189999

6444079
6445579
6665772
3335572
1133802
1188822
1189999

7777049
6575449
6555442
6663332
1133802
1188822
1189999

7666049
7556449
7756442
7553332
1133802
1188822
1189999

8333069
8883369
1186662
1177772
1157502
4455522
4449999

7777049
6575449
6555442
6663882
1133802
1138822
1139999

7666049
7556449
7756442
7553882
1133802
1138822
1139999

7777039
5578839
5444833
5544883
1166602
1162222
1169999

4455039
4458839
4755833
7777883
1166602
1162222
1169999

7777049
6575449
6555448
6663888
1133802
1132222
1139999

7666049
7556449
7756448
7553888
1133802
1132222
1139999

7777089
5578889
5338444
5533344
1166602
1162222
1169999

2222039
2448839
4447833
1177883
1167505
1167555
6669999

7777049
5756449
5556442
1186662
1188802
1133822
3339999

6444079
6445579
6665772
1185572
1188802
1133822
3339999

2444039
2448839
2666833
2276883
1176505
1177555
1179999

6665059
6115559
6118832
7118332
7788302
7444322
7449999

4455079
4452279
8455277
8883276
1183206
1133666
1139999

7555049
7535449
7733448
7113888
6113802
6112222
6669999

7777039
4478839
4422833
4112883
6112505
6112555
6669999

7444039
7448839
7722833
7112883
6112505
6112555
6669999

6444039
6448839
6667833
2277883
2117505
2117555
2119999

7777039
8744439
8884433
2286663
2116505
2116555
2119999

2211049
2311449
2311447
2338877
6535807
6555887
6669999

7555049
7535449
7733442
7113882
6113802
6118822
6669999

7777039
2278839
2666833
2611883
2611505
4411555
4449999

6668039
6888739
6811733
4411773
4411702
5452222
5559999

5544039
5444739
5511733
8811773
6811702
6882222
6669999

2235059
2335559
2388444
2378446
1178806
1177666
1179999

2235059
2335559
2387777
2388876
1144806
1144666
1149999

