7777089
2278889
2448666
2444655
2333650
1113355
1119999

1116049
1116449
8666442
8882222
5583330
5777733
5579999

6665059
6885559
6482222
4488332
4433370
1117777
1119999

7554039
7754439
7554433
7111883
6111280
6222288
6669999

7777039
5758839
5552833
2222883
6111440
6111444
6669999

2222089
2448889
4448666
7111655
7111650
7733355
7339999

6667039
6777739
6222233
5254883
5554480
1114488
1119999

2666039
2611139
2611133
2244883
5544480
5777788
5579999

2666039
2611139
2611133
2285553
8885750
8447777
4449999

2666039
2611139
2611133
2274883
5574480
5774488
5579999

8666049
8886449
5586442
5332222
5533370
1117777
1119999

1115059
1115559
8777744
8887444
6283330
6222233
6669999

4422089
4428889
4728333
7723355
6711150
6711155
6669999

7777029
8722229
8886111
5586111
5666440
5533444
3339999

7777089
4478889
4448666
2222655
2333650
1113355
1119999

2235059
2335559
2388111
2348111
6448870
6447777
6669999

2245059
2445559
2448111
2888111
6833370
6337777
6669999

2245059
2445559
2448111
2888111
6873330
6777733
6669999

4885059
4485559
4488111
7777111
6273330
6222233
6669999

6665059
1165559
1162222
1182333
8883370
8447777
4449999

2222039
8852539
6855533
6884443
6664470
1117777
1119999

1155039
1158839
1155833
2222883
2466670
4467777
4469999

6665059
1165559
1163338
1133888
2222870
2447777
4449999

6665059
6325559
6322228
3344888
3444870
1117777
1119999

6665059
6445559
6443338
2433888
2222870
1117777
1119999

6665059
4465559
4463338
2433888
2222870
1117777
1119999

4445059
8445559
8882222
1182333
1163370
1167777
6669999

2222039
2777739
1175533
1165883
1165580
4466688
4449999

2115059
2115559
2113338
2233888
6444870
6447777
6669999

2222039
4442839
4488833
1185553
1165750
1167777
6669999

7777039
5758839
5558433
1188443
1162440
1162222
6669999

7777089
5758889
5558444
1133344
1162330
1162222
6669999

6665059
6115559
6112222
8112333
8883370
4487777
4449999

4445059
4485559
8882222
8112333
6113370
6117777
6669999

2222049
2666449
3611448
3611888
3311870
5357777
5559999

4455039
4458839
2455833
2222883
1166670
1167777
1169999

