7777039
5758839
5556833
1116883
1116662
0442222
4449999

1115059
1115559
6664447
6333447
6883377
0822227
8829999

1115059
1115559
6667777
6333744
6883344
0822224
8829999

7777089
5758889
5558666
2222611
2333611
0443311
4449999

2445059
2445559
2411188
2211186
7777886
0733666
3339999

6665059
6885559
6811122
8811142
7777442
0733442
3339999

3885059
3385559
6388722
6377772
6661112
0441112
4449999

7777089
5758889
5558111
4433111
4463332
0462222
6669999

2444039
2448839
2666833
2276883
5576111
0577111
5579999

6665059
6885559
6844422
8844112
7777112
0733112
3339999

7777089
1178889
1168333
1163344
5566644
0522224
5529999

6665059
2265559
2768844
2778444
2788111
0733111
3339999

2115059
2115559
2114488
2244486
7777886
0733666
3339999

2115059
2115559
2117777
2233786
3338886
0448666
4449999

4411079
4411279
8411277
8883276
5583226
0533666
5539999

2222079
8852579
3855577
3881174
3361144
0361144
6669999

