7777039
4478839
4446833
1116883
1116662
5052222
5559999

6668039
6888739
6822733
1112773
1112744
5052444
5559999

1115059
1115559
7222288
7444286
7744886
7033666
3339999

1115059
1115559
7222288
7744286
7444886
7033666
3339999

1115059
1115559
7444666
7744886
7222286
7033288
3339999

4447039
4477339
1117388
1117386
2222886
5052666
5559999

2222039
1112339
1117388
4447386
4477886
5057666
5559999

2222039
1112339
1117388
4477386
4447886
5057666
5559999

7111039
7111339
7722388
7442386
4442886
5052666
5559999

7111039
7111339
7788322
7448362
4448862
5056662
5559999

1115059
1115559
7777444
2376844
2336888
2036668
2239999

1115059
1115559
7777666
2374886
2334486
2034488
2239999

1115059
1115559
3366644
7333644
7788642
7082222
7889999

8666049
8886449
2286447
2111557
2111577
2033557
3339999

7444039
7744339
7111388
7111386
2222886
5052666
5559999

4475059
4475559
4677333
2673311
2666811
2088811
2289999

2111049
2111449
2666447
2286557
8886577
8033557
3339999

4445059
4475559
7777666
2388611
2338611
2038811
2239999

1115059
1115559
7833322
7888332
7768442
7064442
6669999

7111039
7111339
7744388
7444386
2222886
5052666
5559999

1115059
1115559
7222288
7244486
7744886
7033666
3339999

6111039
6111739
6667733
2288743
2558744
2058844
2559999

1112039
1112739
6662733
6822773
6888744
5058444
5559999

7777089
4478889
4448666
2222611
2333611
5053311
5559999

2222079
2311179
3311177
3866674
3888644
5058644
5559999

1117039
1117339
4477388
4447386
2222886
5052666
5559999

7555049
7535449
7738442
7338882
6311182
6011122
6669999

7777089
5758889
5558666
2244611
2444611
2033311
2339999

7777089
2278889
2448666
2444611
2333611
5053311
5559999

4885059
4485559
4488322
7777332
6711132
6011132
6669999

7445059
7445559
7748322
7888332
6811132
6011132
6669999

7777039
8874439
6844433
6881113
6661112
5052222
5559999

4488039
4486339
4886311
2666311
2222711
5057777
5559999

6668039
6888339
6844311
2444311
2222711
5057777
5559999

2222039
2444339
6844311
6888311
6668711
5057777
5559999

2222039
2666339
4886311
4486311
4488711
5057777
5559999

7777089
5758889
5558111
4433111
4463332
4062222
6669999

8666039
8886339
4486311
4442311
2222711
5057777
5559999

8844039
6844339
6884311
6662311
2222711
5057777
5559999

2222039
2448839
6448337
6488377
6661117
5051117
5559999

7777089
5758889
5558111
2222111
6332444
6033344
6669999

7777089
5758889
5558111
2222111
6662444
6033344
6339999

2222089
2448889
6448337
6433377
6661117
5051117
5559999

4425059
4425559
7428811
7228611
7788611
7033666
3339999

6444089
6448889
6668337
2233377
2551117
2051117
2559999

6444039
6448839
6668337
2288377
2551117
2051117
2559999

1144039
1144339
1147388
2277386
2557886
2057666
2559999

2222039
6662339
6884311
6844311
8844711
5057777
5559999

2222039
4442339
4486311
8886311
8666711
5057777
5559999

1144079
1144479
1138877
2233876
2553886
2053666
2559999

2444039
2448839
2666833
2276883
5576111
5077111
5579999

6668039
6888339
6844311
2244311
2554711
2057777
2559999

7777089
1178889
1158532
1155532
6444332
6044322
6669999

7777039
1178839
1162833
1162883
6662444
5052244
5559999

7777089
1178889
1168322
1164332
6664432
5054432
5559999

7777089
1178889
1168322
1163342
6663442
5053442
5559999

7777039
5758839
5552833
2222883
6444111
6044111
6669999

7777089
1178889
1168333
1163344
5566644
5022224
5529999

7777039
1174339
1144388
1144386
2222886
5052666
5559999

2222079
1152579
1155577
1184476
8884446
8033666
3339999

7777089
1178889
1168444
1163344
6662333
5052222
5559999

7777089
1178889
1168333
1163344
6662444
5052222
5559999

8333069
8883369
1186667
1122227
1124477
5054447
5559999

1175059
1175559
1177444
2376844
2336888
2036668
2239999

1144069
1144469
1186667
2388877
2335857
2035557
2239999

1175059
1175559
1177666
2374886
2334486
2034488
2239999

2222039
2448839
6447833
6477883
6667111
5057111
5559999

1135059
1135559
1133887
4443877
6448827
6022227
6669999

7777039
5758839
5552833
4442883
6442111
6022111
6669999

1144039
1144339
1184322
8887362
8777762
5056662
5559999

7777039
8744439
8884433
2286663
2556111
2056111
2559999

6444039
6448839
6667833
2277883
2557111
2057111
2559999

7777039
2278839
2666833
2644883
2644111
5054111
5559999

2255039
2758839
2755833
2774883
6744111
6044111
6669999

2115059
2115559
2117777
2284476
8884446
8033666
3339999

2115059
2115559
2116667
2286477
8886447
8033447
3339999

2222039
2118839
6117833
6117883
6667744
5057444
5559999

2222089
2118889
7118333
7113355
7764445
7064455
6669999

2222089
2118889
7118344
7113344
7763545
7063555
6669999

6665059
6115559
6118822
7118442
7788442
7033342
7339999

6665059
6115559
6117777
2113374
2333844
2088844
2289999

6665059
6115559
6118842
7118442
7788442
7033322
7339999

1144039
1144339
1174388
7777386
2222886
5052666
5559999

4411079
4411279
8411277
8883276
5583226
5033666
5539999

7777039
4711339
4411388
4411386
2222886
5052666
5559999

4411039
4411339
4711388
7777386
2222886
5052666
5559999

2222039
8852539
7855533
7881143
7761144
7061144
6669999

