7777039
5758839
5556833
1116883
1116662
4402222
4449999

1115059
1115559
3882222
3382444
6388744
6307777
6669999

6111039
6111739
6667733
2288743
2558744
2508844
2559999

7777089
5758889
5558666
2222611
2333611
4403311
4449999

3885059
3385559
6388722
6377772
6661112
4401112
4449999

6444089
6448889
6668337
2233377
2551117
2501117
2559999

6444039
6448839
6668337
2288377
2551117
2501117
2559999

1144039
1144339
1147388
2277386
2557886
2507666
2559999

1144079
1144479
1138877
2233876
2553886
2503666
2559999

6668039
6888339
6844311
2244311
2554711
2507777
2559999

7777039
4478839
4442833
2222883
6555111
6505111
6669999

7777039
8744439
8884433
2286663
2556111
2506111
2559999

6444039
6448839
6667833
2277883
2557111
2507111
2559999

2115059
2115559
2117777
2233786
3338886
4408666
4449999

