4422039
4442339
1112388
1112386
7777886
5750666
5559999

7777089
5758889
5558333
6663311
6222211
6440211
4449999

6665059
6885559
6387777
3388711
3222211
3440211
4449999

1113079
1113279
4433277
4438276
4888226
5850666
5559999

2244039
2444339
2111388
2111386
7777886
5750666
5559999

7777039
2275539
2666533
2685543
2688844
1110844
1119999

7777089
2278889
2558444
2533446
2553336
1110666
1119999

8333069
8883369
2286667
2111557
2111577
2440557
4449999

2111039
2111339
2444388
2244386
7777886
5750666
5559999

7777089
5758889
5558666
4422226
4443326
1110333
1119999

7111049
7111449
7738442
7338882
6355582
6350522
6669999

6665059
6885559
6844432
8874432
7777332
1110322
1119999

4422039
4442339
5552388
5752386
7777886
1110666
1119999

1115059
1115559
3334442
8833442
6877772
6880722
6669999

2235059
2335559
2311188
2311186
7777886
4470666
4449999

1112049
1112449
6662447
6322557
6388577
3380557
3889999

1112039
1112339
4442388
4422386
7777886
5750666
5559999

3885059
3385559
6388722
6377772
6664442
1110442
1119999

1115059
1115559
6662222
6377772
6388744
3380444
3889999

1115059
1115559
7777666
8722226
8883326
4480333
4449999

6665059
6885559
6811132
8811132
7777332
4470322
4449999

4422089
4428889
4728333
7723311
6755511
6750511
6669999

7777039
2766639
2555633
2585643
2288844
1110844
1119999

4225059
4425559
4421117
8821117
6833377
6880337
6669999

7777039
2575339
2555388
2444386
2244886
1110666
1119999

7777089
5758889
5558333
4443326
4422226
1110666
1119999

4445059
4485559
8887777
8333726
3322226
1110666
1119999

8333069
8883369
4486667
4442557
2222577
1110557
1119999

7333069
7553369
7756668
7552888
2222844
1110444
1119999

6668049
6888449
6833447
3332557
2222577
1110557
1119999

6663049
6883449
6833447
8832557
2222577
1110557
1119999

7777089
5758889
5558211
4222211
4463311
4460333
6669999

6444089
6448889
6668211
7222211
7553311
7750333
7559999

4475059
4475559
4778811
2378611
2388611
2330666
2239999

2222049
2333449
3386447
8886557
8666577
1110557
1119999

7225059
7725559
7328811
7328611
3388611
3440666
4449999

3225059
3325559
7328811
7328611
7788611
7440666
4449999

2222049
2388449
3386447
3886557
3666577
1110557
1119999

2222089
2448889
6448755
6477775
6663355
1110333
1119999

7777039
5752339
5552388
4442386
4422886
1110666
1119999

2666039
2655539
2657533
2277773
4488111
4480111
4889999

2666039
2648839
2644833
2244883
7777111
5750111
5559999

2444039
2448839
2666833
2276883
5576111
5770111
5579999

6665059
6785559
6788811
7722811
4723311
4420333
4429999

2275059
2775559
2378811
2378611
3388611
3440666
4449999

7777089
1178889
1158532
1155532
6444332
6440322
6669999

1125059
1125559
1128666
7228886
7743386
7440333
7449999

1125059
1125559
1123666
7223886
7743386
7440388
7449999

2222049
3332449
6833447
6888557
6668577
1110557
1119999

2222049
8832449
6833447
6883557
6663577
1110557
1119999

6663049
6883449
6833442
8832222
7777111
5750111
5559999

6668049
6888449
6833442
3332222
7777111
5750111
5559999

8333069
8883369
4486662
4442222
7777111
5750111
5559999

7333069
7553369
7756662
7552222
4488111
4480111
4889999

6444039
6448839
6662833
2222883
7777111
5750111
5559999

7777039
5758839
5552833
2222883
6444111
6440111
6669999

1144039
1144339
1142388
2222386
7777886
5750666
5559999

6665059
6335559
6833322
7888112
7748112
7440112
7449999

6665059
6335559
6733322
7777112
4488112
4480112
4889999

2244039
2444339
2555388
2575386
7777886
1110666
1119999

2235059
2335559
2344488
2374486
7777886
1110666
1119999

5553079
5853379
4888377
4428376
4422226
1110666
1119999

2222079
1152579
1155577
1133376
4488336
4480666
4889999

3666049
3886449
3386447
2388557
2222577
1110557
1119999

2222039
1142339
1144388
1144386
7777886
5750666
5559999

8666049
8886449
3386447
2333557
2222577
1110557
1119999

1125059
1125559
1124447
8822447
6833377
6880337
6669999

1125059
1125559
1127777
8822744
6833344
6880334
6669999

6665059
6885559
6877774
8822744
1123344
1120333
1129999

7777039
5578839
5666833
5526883
4426111
4420111
4229999

6665059
8865559
7862222
7883332
7733111
7440111
4449999

4475059
4475559
4772222
8873332
6833111
6880111
6669999

6665059
6885559
6844432
8874432
1177332
1170322
1179999

7777029
8722229
8883555
1183545
1163344
1160344
6669999

7777029
8722229
8884455
1184445
1163355
1160333
6669999

7777039
8722339
8882344
1182344
1162545
1160555
6669999

7777029
4722229
4455588
4453586
1133886
1130666
1139999

7777039
2278839
2666833
2446883
2446111
5450111
5559999

2115059
2115559
2118666
2278886
4773386
4470333
4479999

2222089
2448889
4448755
1177775
1163355
1160333
6669999

2115059
2115559
2117777
2233376
4488336
4480666
4889999

2115059
2115559
2113666
2273886
4773386
4470388
4479999

2255039
2658839
2655833
2666883
7777111
4470111
4449999

1165059
1165559
1166632
8777732
8887332
4480322
4449999

6664039
6884439
6824433
8822223
7777111
5750111
5559999

2222089
2118889
3118444
3117446
3377776
5350666
5559999

7777039
5758839
5552833
2222883
1166644
1160444
1169999

7445059
7445559
7748666
7228886
1123386
1120333
1129999

7445059
7445559
7743666
7223886
1123386
1120388
1129999

4475059
4475559
4773666
2273886
2113386
2110388
2119999

2222039
2411339
4411388
4411386
7777886
5750666
5559999

6665059
6885559
6822227
8823477
1133447
1130447
1139999

6444089
6448889
6668755
2277775
2113355
2110333
2119999

4475059
4475559
4778666
2278886
2113386
2110333
2119999

7777089
5758889
5558444
2233446
2113336
2110666
2119999

2222049
2333449
3311447
8811557
6811577
6880557
6669999

6668049
6888449
6811447
2311557
2311577
2330557
2239999

4411039
4411339
2411388
2222386
7777886
5750666
5559999

2244039
2444339
2711388
2711386
7711886
5750666
5559999

2244039
2444339
2555388
2575386
1177886
1170666
1179999

2235059
2335559
2344488
2374486
1177886
1170666
1179999

