7777089
5758889
5558666
2222611
3332611
4433011
4449999

7777089
5758889
5558666
2222611
4442611
4433011
3339999

1115059
1115559
2222666
7332886
7733386
7444088
7449999

1115059
1115559
6664447
6884477
6822227
8833027
3339999

1115059
1115559
2444666
2447886
2777786
2233088
3339999

1115059
1115559
2687777
2688874
2666844
2233044
3339999

2222039
2111739
8111733
8887743
6585744
6555044
6669999

4445059
8445559
8887666
2387611
2377611
2337011
2239999

7777089
5758889
5558666
2344611
2344611
2334011
2239999

2235059
2335559
2387777
2388874
6111844
6111044
6669999

7777089
5758889
5558666
2443611
2443611
2433011
2239999

7777039
5758839
5552833
2222883
6111444
6111044
6669999

6111079
6111779
6668872
5553872
5453882
4433022
4439999

5557039
5457739
4467332
4467382
6668882
1118022
1119999

6667039
6447739
6447332
5457382
5558882
1118022
1119999

5557039
5457739
6447332
6447382
6668882
1118022
1119999

6667039
4467739
4467332
5457382
5558882
1118022
1119999

6111049
6111449
6668442
5578882
5777782
5533022
3339999

6111079
6111779
6668872
5544872
5444882
5533022
3339999

1115059
1115559
7444666
7744886
7222286
7233088
3339999

1115059
1115559
6664442
6887442
6877772
8833022
3339999

1115059
1115559
7777862
4788862
4486662
4433022
3339999

1116049
1116449
3666442
3777782
3378882
5358022
5559999

1115059
1115559
7777332
4733382
4468882
4468022
6669999

1117039
1117739
5557332
5457382
4468882
4468022
6669999

1117039
1117739
6667332
6447382
6448882
5458022
5559999

1117039
1117739
5557332
5457382
6448882
6448022
6669999

1117039
1117739
6667332
4467382
4468882
5458022
5559999

1115059
1115559
3334442
8833442
6877772
6887022
6669999

1117039
1117339
5577362
5887362
5586662
4488022
4449999

1115059
1115559
3377772
4333782
4468882
4468022
6669999

7777029
8722229
8886111
5586111
5666444
5533044
3339999

2222089
2448889
6448337
6433377
6665557
1115057
1119999

2222039
2448839
6448337
6488377
6665557
1115057
1119999

1135059
1135559
1133666
2273886
2777786
2444088
2449999

7777089
1178889
1158562
1155562
4446662
4433022
3339999

7777089
1178889
1158562
1155562
3336662
4433022
4449999

6665059
1165559
1167322
1187332
8887732
8447032
4449999

4445059
4475559
7777112
6663112
6883112
6833022
8839999

4445059
4475559
7777112
6668112
6888112
6833022
3339999

1155079
1152279
1155277
6668274
6888244
6833044
3339999

1155079
1152279
1155277
6663274
6883244
6833044
8839999

4445059
8445559
8887322
1187332
1167732
1167032
6669999

2222089
2448889
4448337
1133377
1165557
1165057
6669999

2222039
2448839
4448337
1188377
1165557
1165057
6669999

5544079
5444779
5538872
1133872
1163882
1163022
6669999

4445059
4475559
7777862
1188862
1186662
1133022
3339999

4445059
4475559
7777332
1133382
1168882
1168022
6669999

6665059
6115559
6117322
8117332
8887732
4487032
4449999

4445059
4485559
8887322
8117332
6117732
6117032
6669999

6444089
6448889
6668337
2233377
2115557
2115057
2119999

2244039
2844439
2888337
2118377
6115557
6115057
6669999

6444039
6448839
6668337
2288377
2115557
2115057
2119999

