1115059
1115559
2666447
2684447
2688877
2233807
3339999

7777039
2278839
2666833
2644883
2644555
1114505
1119999

1115059
1115559
6664422
6884442
6877772
8833702
3339999

7777039
4478839
4442833
2222883
6111555
6111505
6669999

6111029
6111329
6663327
5553227
5453877
4488807
4489999

3885059
3385559
6388722
6377772
6664442
1114402
1119999

1115059
1115559
3334447
2233447
2666877
2688807
2689999

1115059
1115559
3337777
2233744
2666844
2688804
2689999

1115059
1115559
7777666
2278644
2888644
2833304
2339999

6665059
6885559
6822227
8811127
4411177
4433307
4339999

1115059
1115559
7777333
2273344
2666844
2688804
2689999

6665059
6325559
6321117
3321117
3422877
4488807
4489999

4445059
3445559
3881117
3381117
6388277
6222207
6669999

4445059
8445559
8881117
3381117
6333277
6222207
6669999

4445059
4485559
8881117
8331117
6233377
6222207
6669999

6444089
6448889
6668557
2222577
2333557
1113307
1119999

7777089
5758889
5558666
2222644
2333644
1113304
1119999

2222039
2448839
6447833
6477883
6667555
1117505
1119999

6665059
6885559
6822227
8833427
3334477
1114407
1119999

1175059
1175559
1177666
2278644
2888644
2833304
2339999

1175059
1175559
1177333
2273344
2666844
2688804
2689999

1122089
1128889
1128666
7525644
7555644
7733304
7339999

6665059
6885559
6844437
8844337
2222377
1112307
1119999

1125059
1125559
1126444
7226844
7666888
7733308
7339999

7777039
1178839
1122833
1142883
6442555
6442505
6669999

6665059
1165559
1163337
1133887
2222877
2448807
4449999

7777039
1178839
1162833
1162883
6662555
4422505
4449999

6665059
6325559
6322227
3344887
3444877
1118807
1119999

6665059
6445559
6443337
2433887
2222877
1118807
1119999

6665059
4465559
4463337
2433887
2222877
1118807
1119999

6665059
1165559
1162237
1182337
8882377
8442307
4449999

4445059
8445559
8882237
1182337
1162377
1162307
6669999

1165059
1165559
1166627
3322227
4333877
4488807
4489999

4445059
8445559
8882222
1182666
1177776
1133706
3339999

8333029
8883329
1185527
1165227
1165577
4466607
4449999

2222039
2448839
4447833
1177883
1167555
1167505
6669999

2115059
2115559
2113337
2233887
6444877
6448807
6669999

2444039
2448839
2666833
2276883
1176555
1177505
1179999

6665059
6115559
6112237
8112337
8882377
4482307
4449999

7777039
4478839
4422833
4112883
6112555
6112505
6669999

7444039
7448839
7722833
7112883
6112555
6112505
6669999

6444039
6448839
6667833
2277883
2117555
2117505
2119999

7777039
8744439
8884433
2286663
2116555
2116505
2119999

4445059
4485559
8882237
8112337
6112377
6112307
6669999

2222049
2666449
3611447
3611887
3311877
5358807
5559999

7777039
2278839
2666833
2611883
2611555
4411505
4449999

6665059
6225559
6211444
7211844
7211888
7733308
7339999

