2222049
2666449
1116443
1116883
7777833
5758830
5559999

2222049
2666449
1116448
1116888
7777833
5753330
5559999

2222049
6662449
6111443
6111883
7777833
5758830
5559999

2222049
6662449
6111448
6111888
7777833
5753330
5559999

3111079
3111879
3388877
2386575
2446555
2446660
2249999

2111049
2111449
2666443
2276883
5576833
5778830
5579999

2111049
2111449
2666448
2276888
5576833
5773330
5579999

6111049
6111449
6662443
2222883
7777833
5758830
5559999

6111049
6111449
6662448
2222888
7777833
5753330
5559999

7777039
5758839
5552833
2222883
6111444
6111440
6669999

1115059
1115559
3882222
3382444
6388744
6377770
6669999

8666079
8886779
5586273
5222273
5544433
1114430
1119999

1115059
1115559
3337777
2233744
2666844
2688840
2689999

1115059
1115559
7777443
2274443
2666833
2688830
2689999

1115059
1115559
7777666
2278446
2888446
2833340
2339999

1115059
1115559
7777666
2278644
2888644
2833340
2339999

1115059
1115559
7777333
2273344
2666844
2688840
2689999

5544079
5444779
5511173
2211173
2666833
2688830
2689999

6668079
6888779
6811173
2211173
2554433
2544430
2559999

7885059
7785559
7288444
7211144
6211133
6223330
6669999

1115059
1115559
8333444
8883344
6287777
6222270
6669999

1116049
1116449
2666448
2222888
7777833
5753330
5559999

1116049
1116449
2666443
2222883
7777833
5758830
5559999

8666079
8886779
5586273
5222273
5511133
4411130
4449999

2275059
2775559
2671113
2671113
4666833
4488830
4489999

7225059
7725559
7621113
7621113
4666833
4488830
4489999

7777029
8722229
8881116
4481116
4433666
5453330
5559999

6665059
6725559
6721113
7721113
4722833
4488830
4489999

4475059
4475559
4771113
2271113
2666833
2688830
2689999

7777049
6575449
6555443
6662883
2222833
1118830
1119999

7666049
7556449
7756443
7552883
2222833
1118830
1119999

7777049
6575449
6555448
6662888
2222833
1113330
1119999

7666049
7556449
7756448
7552888
2222833
1113330
1119999

3885059
3385559
7388666
7322226
7721116
7441110
4449999

7885059
7785559
7388666
7322226
3321116
3441110
4449999

7777089
5758889
5558111
2222111
2466633
4463330
4469999

4475059
4475559
4377666
3371116
3881116
3822220
8829999

7885059
7785559
7288111
7244111
6244433
6223330
6669999

7777029
8722229
8886111
5586111
5666444
5533440
3339999

4445059
4475559
7777211
6663211
6883211
6833220
8839999

4445059
4475559
7777211
6668211
6888211
6833220
3339999

7777089
5758889
5558666
2222644
2333644
1113340
1119999

7777089
5758889
5558666
2222446
2333446
1113340
1119999

6665059
6335559
6733311
2778811
2744811
2744880
2249999

4475059
4475559
4772222
8872111
6833111
6883330
6669999

6665059
8865559
7862222
7882111
7733111
7443330
4449999

2222069
2777769
5576663
5444883
5544833
1118830
1119999

2222049
2557449
6577443
6557883
6667833
1118830
1119999

2222049
2666449
5556443
5756883
7777833
1118830
1119999

2222079
2333879
3388877
4486575
4446555
1116660
1119999

2222069
2777769
5576668
5444888
5544833
1113330
1119999

2222049
2557449
6577448
6557888
6667833
1113330
1119999

2222049
2666449
5556448
5756888
7777833
1113330
1119999

4435059
4435559
8433111
8883111
6287777
6222270
6669999

8666079
8886779
5586273
5444273
5544233
1112230
1119999

4455079
4445779
6855273
6888273
6668233
1112230
1119999

6668079
6888779
6855273
4445273
4455233
1112230
1119999

5544079
5444779
5586273
8886273
8666233
1112230
1119999

4445059
7445559
7722223
7866623
7888633
1118630
1119999

1175059
1175559
1177666
2278644
2888644
2833340
2339999

1175059
1175559
1177666
2278446
2888446
2833340
2339999

3444089
3448889
3328666
7322226
7551116
7751110
7559999

1175059
1175559
1177333
2273344
2666844
2688840
2689999

1188079
1168779
1168873
2266673
2554433
2544430
2559999

1144079
1144779
1154573
2255573
2666833
2688830
2689999

1175059
1175559
1177443
2274443
2666833
2688830
2689999

6668039
6888339
6844311
2244311
2554711
2577770
2559999

6665059
1165559
1162222
1177772
4488733
4483330
4889999

1122079
1124479
1124477
8824575
6833555
6883330
6669999

1122079
1125579
1125773
8825573
6844433
6884430
6669999

1122089
1128889
1128666
7525644
7555644
7733340
7339999

1122089
1128889
1128666
7525446
7555446
7733340
7339999

7333069
7553369
7756664
7558844
2222844
1112880
1119999

7777089
5578889
5338666
5533346
2222446
1112440
1119999

1125059
1125559
1126663
7226883
7746833
7448830
7449999

1125059
1125559
1126668
7226888
7746833
7443330
7449999

1125059
1125559
1128666
7228886
7733386
7444330
7449999

2222049
6662449
6555448
6575888
7777833
1113330
1119999

2222049
7552449
7756448
7556888
7666833
1113330
1119999

2222049
6662449
6555443
6575883
7777833
1118830
1119999

2222049
7552449
7756443
7556883
7666833
1118830
1119999

7777089
5758889
5558666
2443116
2443116
2433110
2239999

4445059
8445559
8887666
2387116
2377116
2337110
2239999

7777089
5758889
5558666
2344116
2344116
2334110
2239999

1122049
1162449
1162443
6662883
7777833
5758830
5559999

1122049
1162449
1162448
6662888
7777833
5753330
5559999

6662049
1162449
1162448
1122888
7777833
5753330
5559999

6662049
1162449
1162443
1122883
7777833
5758830
5559999

7777089
5758889
5558666
2222116
4442116
4433110
3339999

7777089
5758889
5558666
2222116
3332116
4433110
4449999

7777049
5756449
5556443
2666883
2222833
1118830
1119999

6667049
6557449
6577443
2557883
2222833
1118830
1119999

7777049
5756449
5556448
2666888
2222833
1113330
1119999

6667049
6557449
6577448
2557888
2222833
1113330
1119999

1124079
1124479
1124477
8822575
6833555
6883330
6669999

1125059
1125559
1127777
8822744
6833444
6883330
6669999

7885059
7785559
7288444
7222244
1166633
1163330
1169999

1135059
1135559
1133444
6663744
6887777
6822220
8829999

7777029
8722229
8885544
1185444
1165533
1163330
6669999

7777029
8722229
8885553
1185453
1164433
1164430
6669999

1144079
1144379
1143377
6663575
6883555
6822220
8829999

7777089
5758889
5558666
1122226
1124446
1133440
3339999

1188079
1168779
1168873
6665573
2222533
2445530
4449999

2115059
2115559
2116668
2276888
4776833
4473330
4479999

2115059
2115559
2116663
2276883
4776833
4478830
4479999

2288079
2118779
2118873
2115573
6444533
6445530
6669999

7445059
7445559
7746668
7226888
1126833
1123330
1129999

7445059
7445559
7746663
7226883
1126833
1128830
1129999

2211049
2611449
2611448
2666888
7777833
5753330
5559999

4333079
4463379
4468877
6668575
1188555
1122220
1129999

4475059
4475559
4776668
2276888
2116833
2113330
2119999

2211049
2611449
2611443
2666883
7777833
5758830
5559999

2666049
2611449
2611443
2211883
7777833
5758830
5559999

2666049
2611449
2611448
2211888
7777833
5753330
5559999

4475059
4475559
4776663
2276883
2116833
2118830
2119999

5544079
5444779
5566673
2288673
2118633
2118830
2119999

7777089
5758889
5558446
3334446
1133666
1122220
1129999

6668079
6888779
6855573
2254573
2114433
2114430
2119999

4488079
4485579
4885776
3335576
1133666
1122220
1129999

7777089
5758889
5558666
3334446
1133446
1122220
1129999

7445059
7445559
7748666
7338886
1133386
1122220
1129999

2222049
6662449
6711448
6711888
7711833
5753330
5559999

2222049
6662449
6711443
6711883
7711833
5758830
5559999

6665059
6885559
6822223
8874423
1174433
1177430
1179999

6668079
6888779
6811273
4411273
4411233
5452230
5559999

5544079
5444779
5511273
8811273
6811233
6882230
6669999

2222049
6662449
6555448
6575888
1177833
1173330
1179999

2222049
6662449
6555443
6575883
1177833
1178830
1179999

6665059
6885559
6822223
8871123
4771133
4471130
4479999

4445059
7445559
7722223
7881123
7861133
8861130
6669999

