7777039
5758839
5556833
1116883
1116662
4442222
0449999

7777089
5758889
5558666
2222611
4442611
4433311
0339999

7777089
5758889
5558333
6663311
6222211
6444211
0449999

6665059
6885559
6387777
3388711
3222211
3444211
0449999

1115059
1115559
6664447
6884477
6822227
8833327
0339999

1115059
1115559
7777388
4723386
4423886
4423666
0229999

1115059
1115559
7777333
4723386
4428886
4428666
0229999

1115059
1115559
2666334
2633344
2688744
2287777
0889999

1115059
1115559
2666337
2633377
2688447
2284447
0889999

1115059
1115559
2687777
2688874
2666844
2233344
0339999

1115059
1115559
2444666
2447886
2777786
2233388
0339999

8333069
8883369
2286667
2111557
2111577
2444557
0449999

1115059
1115559
7444322
7744332
7666832
7688832
0689999

1115059
1115559
6664322
6744332
6744832
7788832
0789999

4425059
4425559
4327777
3322711
3666811
3688811
0689999

4425059
4425559
4627777
3622711
3666811
3388811
0389999

6444089
6448889
6668557
3111577
3111557
3322227
0329999

7777089
5758889
5558666
3111644
3111644
3322224
0329999

6111049
6111449
6668442
5578882
5777782
5533322
0339999

6111079
6111779
6668872
5544872
5444882
5533322
0339999

1115059
1115559
7666444
7736844
7336888
7322228
0329999

1115059
1115559
7444666
7744886
7222286
7233388
0339999

1115059
1115559
6664442
6887442
6877772
8833322
0339999

1115059
1115559
7777862
4788862
4486662
4433322
0339999

1116049
1116449
7666442
7735552
7335852
7388822
0389999

1115059
1115559
7666442
7736442
7336842
7388822
0389999

7777089
5758889
5558666
2222611
2333611
4443311
0449999

1115059
1115559
7332222
7733342
7666844
7688844
0689999

6665059
6225559
6247777
3244711
3244811
3388811
0389999

3885059
3385559
6388722
6377772
6661112
4441112
0449999

2222039
2666339
5556311
5456311
4488711
4487777
0889999

7777029
8722229
8886111
5586111
5666444
5533344
0339999

6665059
6225559
6288111
3278111
3278844
3377444
0379999

7225059
7725559
7328811
7328611
3388611
3444666
0449999

3225059
3325559
7328811
7328611
7788611
7444666
0449999

7777039
8874439
2844433
2886663
2556111
2256111
0559999

4455039
4445339
2255311
2666311
2688711
2687777
0889999

8666039
8886339
2286311
2555311
2545711
2447777
0449999

2275059
2775559
2378811
2378611
3388611
3444666
0449999

7777089
1178889
1158562
1155562
4446662
4433322
0339999

6665059
6335559
6233311
4222211
4488711
4487777
0889999

1155039
1158839
1155833
6667883
6477772
6442222
0449999

4445059
4475559
7777112
6668112
6888112
6833322
0339999

1144039
1144439
1188337
6668377
6558827
6522227
0559999

7777039
4478839
4442833
6662883
6552111
6522111
0559999

6665059
6445559
6442222
1143332
1188733
1187777
0889999

6665059
8865559
7862222
7883332
7733111
7444111
0449999

1155079
1152279
1155277
6668274
6888244
6833344
0339999

2222039
8852539
7855533
7886663
7746111
7446111
0449999

2115059
2115559
2118666
2278886
4473386
4477333
0479999

4445059
4475559
7777862
1188862
1186662
1133322
0339999

2115059
2115559
2113666
2273886
4473386
4477388
0479999

2115059
2115559
2117777
2233786
3338886
4448666
0449999

4445059
4475559
7777388
1123386
1123886
1123666
0229999

4445059
4475559
7777333
1123386
1128886
1128666
0229999

6665059
6115559
6112222
4113332
4488733
4487777
0889999

7777039
5758839
5552833
6662883
6112444
6112244
0119999

4425059
4425559
4327777
3322786
3118886
3118666
0119999

7777089
5758889
5558322
6664332
6114432
6114432
0119999

7777089
5758889
5558322
6663342
6113442
6113442
0119999

4422089
4428889
4328666
3325556
3115756
3117777
0119999

4422089
4428889
4328557
3326577
3116557
3116667
0119999

7777089
5758889
5558333
6663344
6112444
6112222
0119999

6665059
6885559
6387777
3388744
3112444
3112222
0119999

6664079
6884479
6384477
3388575
3112555
3112222
0119999

7777089
5758889
5558444
6663344
6112333
6112222
0119999

