1115059
1115559
2207777
2833376
2888336
2448666
4449999

1115059
1115559
2208666
2888336
2833376
2447777
4449999

6665059
6885559
6807777
8833744
3332444
1112222
1119999

6664079
6884479
6804477
8833575
3332555
1112222
1119999

1115059
1115559
3307777
2333786
2448886
2448666
2249999

1115059
1115559
4407777
4488733
6483332
6882222
6669999

1115059
1115559
8806662
7844462
7884462
7733322
7339999

1115059
1115559
8804462
7844462
7886662
7733322
7339999

7777039
4478839
4406833
5456883
5556662
1112222
1119999

7777039
8874439
6804433
6885453
6665552
1112222
1119999

2445059
2445559
2407777
2233786
3338886
1118666
1119999

6665059
6885559
6801112
8871112
7777332
4433322
4449999

6664039
6884439
6804433
8871113
5571112
5772222
5579999

2666039
2655339
2605311
2255311
4488711
4487777
4889999

5552049
5352449
3302447
3882277
3861117
8861117
6669999

2222039
2558839
6507833
6557883
6667744
1117444
1119999

2222039
6662339
6505311
6555311
4488711
4487777
4889999

6665059
6885559
6803337
8833477
2222447
1112447
1119999

7777039
4755339
4405388
4455386
2222886
1112666
1119999

7444039
7744339
7505388
7555386
2222886
1112666
1119999

6665059
6885559
6802222
8877772
3337111
4433111
4449999

6665059
6885559
6802222
8877772
4447111
4433111
3339999

6665059
6885559
6803442
8873442
1173342
1177322
1179999

6665059
6885559
6804432
8874432
1174332
1177322
1179999

6665059
6885559
6802222
8872444
1173344
1177333
1179999

6665059
6885559
6802222
8872333
1173344
1177444
1179999

2445059
2445559
2408666
2278886
1173386
1177333
1179999

2445059
2445559
2403666
2273886
1173386
1177388
1179999

5544039
5444339
5507388
2277386
2117886
2117666
2119999

6668039
6888339
6807344
2277344
2117545
2117555
2119999

2235059
2335559
2304488
2374486
1174886
1177666
1179999

2235059
2335559
2306668
2376888
1176844
1177444
1179999

