7777039
4478839
4446833
1116883
1116662
5552222
5059999

6668039
6888739
6822733
1112773
1112744
5552444
5059999

4447039
4477339
1117388
1117386
2222886
5552666
5059999

2222039
1112339
1117388
4447386
4477886
5557666
5059999

2222039
1112339
1117388
4477386
4447886
5557666
5059999

7111039
7111339
7722388
7442386
4442886
5552666
5059999

7111039
7111339
7788322
7448362
4448862
5556662
5059999

7444039
7744339
7111388
7111386
2222886
5552666
5059999

6665059
6445559
6444322
7111332
7111832
7788832
7089999

1115059
1115559
4446322
7446332
7666832
7788832
7089999

1115059
1115559
4488322
4448332
6668832
6777732
6079999

4445059
4485559
8882666
8372611
3372611
3772211
3079999

4445059
8445559
8882666
7382611
7332611
7732211
7039999

1115059
1115559
4433322
4448332
6668882
6777782
6079999

1115059
1115559
6662222
6372884
6377844
3378844
3079999

7111039
7111339
7744388
7444386
2222886
5552666
5059999

1115059
1115559
8822224
7823644
7883644
7733666
7039999

1115059
1115559
2222666
2344886
3344486
3777788
3079999

1115059
1115559
2222666
2374886
3374486
3774488
3079999

1115059
1115559
2222444
2376844
3376888
3776668
3079999

1115059
1115559
4446662
7443362
7333862
7788822
7089999

1112039
1112739
6662733
6822773
6888744
5558444
5059999

7777089
4478889
4448666
2222611
2333611
5553311
5059999

2222079
2311179
3311177
3866674
3888644
5558644
5059999

1117039
1117339
4477388
4447386
2222886
5552666
5059999

1115059
1115559
3337777
2233786
2448886
2448666
2049999

1115059
1115559
7777333
2273386
2448886
2448666
2049999

4445059
4485559
8886662
8311162
3311162
3777722
3079999

1115059
1115559
7777388
2273386
2443886
2443666
2049999

7777089
2278889
2448666
2444611
2333611
5553311
5059999

4445059
8445559
8881116
7381116
7332666
7732222
7039999

4445059
4485559
8881116
8371116
3372666
3772222
3079999

4445059
2445559
2222666
7388611
7338611
7738811
7039999

7777039
8874439
6844433
6881113
6661112
5552222
5059999

4488039
4486339
4886311
2666311
2222711
5557777
5059999

6668039
6888339
6844311
2444311
2222711
5557777
5059999

2222039
2444339
6844311
6888311
6668711
5557777
5059999

2222039
2666339
4886311
4486311
4488711
5557777
5059999

4445059
8445559
8886111
7386111
7336662
7732222
7039999

4445059
4485559
8886111
8376111
3376662
3772222
3079999

4445059
4485559
8882222
8372666
3371116
3771116
3079999

4445059
8445559
8882222
7382666
7331116
7731116
7039999

8666039
8886339
4486311
4442311
2222711
5557777
5059999

8844039
6844339
6884311
6662311
2222711
5557777
5059999

2222039
2448839
6448337
6488377
6661117
5551117
5059999

2222089
2448889
6448337
6433377
6661117
5551117
5059999

2222039
6662339
6884311
6844311
8844711
5557777
5059999

2222039
4442339
4486311
8886311
8666711
5557777
5059999

4445059
4485559
8882211
8372611
3372611
3772666
3079999

4445059
8445559
8882211
7382611
7332611
7732666
7039999

1175059
1175559
1177333
2273386
2448886
2448666
2049999

1175059
1175559
1177388
2273386
2443886
2443666
2049999

1155039
1158839
1155833
2222883
6662444
6777744
6079999

7777039
1178839
1162833
1162883
6662444
5552244
5059999

7777089
1178889
1168322
1164332
6664432
5554432
5059999

7777089
1178889
1168322
1163342
6663442
5553442
5059999

7777039
1174339
1144388
1144386
2222886
5552666
5059999

7777089
1178889
1168444
1163344
6662333
5552222
5059999

7777089
1178889
1168333
1163344
6662444
5552222
5059999

8333069
8883369
1186667
1122227
1124477
5554447
5059999

6665059
6445559
6444112
7388112
7338112
7738822
7039999

2222039
2448839
6447833
6477883
6667111
5557111
5059999

1165059
1165559
1166622
7388442
7338442
7738842
7039999

4445059
8445559
8882222
7386662
7336111
7736111
7039999

4445059
4485559
8882222
8376662
3376111
3776111
3079999

1144039
1144339
1184322
8887362
8777762
5556662
5059999

2115059
2115559
2118666
2278886
4473386
4477333
4079999

7777039
2278839
2666833
2644883
2644111
5554111
5059999

1165059
1165559
1166642
7388442
7338442
7738822
7039999

2115059
2115559
2113666
2273886
4473386
4477388
4079999

6665059
6115559
6112222
7113342
7333844
7788844
7089999

2222039
2118839
6117833
6117883
6667744
5557444
5059999

1144039
1144339
1174388
7777386
2222886
5552666
5059999

7777039
4711339
4411388
4411386
2222886
5552666
5059999

4411039
4411339
4711388
7777386
2222886
5552666
5059999

4445059
8445559
8881122
7381162
7331162
7736662
7039999

4445059
4485559
8881122
8371162
3371162
3776662
3079999

4445059
8445559
8886662
7381162
7331162
7731122
7039999

4445059
4485559
8886662
8371162
3371162
3771122
3079999

