7777039
5758839
5556833
1116883
1116662
4442222
4409999

7777089
5758889
5558666
2222611
4332611
4433311
4409999

1115059
1115559
7222288
7444286
7744886
7333666
3309999

1115059
1115559
7222288
7744286
7444886
7333666
3309999

1115059
1115559
7444666
7744886
7222286
7333288
3309999

1115059
1115559
3337777
2433786
2448886
2448666
2209999

1115059
1115559
7777333
2743386
2448886
2448666
2209999

1115059
1115559
7777333
2473386
2448886
2448666
2209999

1113049
1113449
8833447
2836557
2886577
2666557
2209999

1115059
1115559
7777388
2743386
2443886
2443666
2209999

1115059
1115559
7777388
2473386
2443886
2443666
2209999

2222039
2111739
8111733
8886773
5586744
5666444
5509999

3111049
3111449
3388447
2386557
2886577
2666557
2209999

8666049
8886449
2286447
2111557
2111577
2333557
3309999

4445059
4475559
7777333
2683311
2688811
2666811
2209999

1113079
1113379
8666377
8886374
5586244
5222244
5509999

2111049
2111449
2666447
2286557
8886577
8333557
3309999

1116079
1116379
8666377
8883374
5583244
5222244
5509999

1116039
1116339
7666322
7755342
7885442
7855442
8809999

8666049
8886449
3386447
2333557
2111577
2111557
2209999

3666049
3886449
3386447
2388557
2111577
2111557
2209999

1115059
1115559
7222288
7244486
7744886
7333666
3309999

4445059
4485559
8887777
8333711
6663311
6222211
6209999

7777039
4711139
4411133
4422223
6668525
6888555
6809999

1115059
1115559
7336662
7733362
7884462
7844422
8809999

7777089
5758889
5558666
2222611
2333611
4443311
4409999

2222089
2438889
4438666
4433611
5573611
5777711
5509999

1115059
1115559
3337777
2233786
2448886
2448666
2409999

1115059
1115559
7777333
2273386
2448886
2448666
2409999

1115059
1115559
7777388
2273386
2443886
2443666
2409999

1113079
1113779
4443376
4488376
5582666
5882222
5509999

2235059
2735559
2733666
2773886
4711186
4411188
4409999

4435059
4435559
4733666
2773886
2711186
2711188
2209999

4445059
8445559
8881117
2681117
2633377
2666337
2209999

3885059
3385559
6388722
6377772
6661112
4441112
4409999

6663049
6883449
6833442
8831112
5571112
5777722
5509999

6668049
6888449
6833442
3331112
5571112
5777722
5509999

8333069
8883369
4486662
4441112
5571112
5777722
5509999

2644039
2644439
2666337
2288377
5581117
5881117
5509999

2666039
2644439
2644337
2288377
5581117
5881117
5509999

2666089
2638889
2638111
2233111
5573444
5777744
5509999

2666089
2678889
2678111
2277111
5573344
5333444
5509999

4445059
4475559
7777811
2688811
2683311
2666333
2209999

4425059
4425559
7428811
7228611
7788611
7333666
3309999

1175059
1175559
1177333
2273386
2448886
2448666
2409999

1175059
1175559
1177388
2273386
2443886
2443666
2409999

7777089
1178889
1158562
1155562
4336662
4433322
4409999

6663079
1163779
1163372
1188372
5584442
5884422
5509999

7777039
5758839
5554833
2644883
2644111
2666111
2209999

6444039
6448839
6667833
2557883
2577111
2557111
2209999

7445059
7445559
7743322
7333112
6668112
6888112
6809999

7777089
1178889
1158544
1155544
6663334
6222233
6209999

7777039
1174439
1144433
1122223
6668525
6888555
6809999

2222079
1152579
1155577
1184476
8884446
8333666
3309999

2222039
1152539
1155533
1177773
6668744
6888444
6809999

1144039
1144339
1147388
2557386
2577886
2557666
2209999

1175059
1175559
1177333
2473386
2448886
2448666
2209999

2222039
2478839
4477833
4476883
5576111
5666111
5509999

2222039
2455539
4457533
4477773
6668111
6888111
6809999

1175059
1175559
1177388
2473386
2443886
2443666
2209999

7777049
5576449
5886442
5586662
1188332
1133322
1109999

1135059
1135559
1133422
6663442
6887442
6877772
8809999

2222079
2445579
8444577
8885576
1183336
1133666
1109999

6665059
6335559
6733344
7777844
1188842
1182222
1109999

6667039
6777739
6554433
2254443
2558111
2888111
2809999

7777039
5758839
5552833
6662883
1162444
1162244
1109999

2115059
2115559
2117777
2284476
8884446
8333666
3309999

2115059
2115559
2116667
2286477
8886447
8333447
3309999

2115059
2115559
2113337
2233477
6668447
6888447
6809999

2115059
2115559
2117777
2233786
3338886
4448666
4409999

2557039
2577339
2557388
2247386
1144886
1144666
1109999

7777089
5758889
5558322
6664332
1164432
1164432
1109999

7445059
7445559
7743322
7333862
1188862
1186662
1109999

7885059
7785559
7388422
7334462
1134462
1136662
1109999

7885059
7785559
7388422
7336442
1136442
1136662
1109999

7777089
5758889
5558322
6663342
1163442
1163442
1109999

4445059
4475559
7777388
2113386
2113886
2113666
2209999

4445059
4475559
7777333
2113386
2118886
2118666
2209999

4411079
4411279
4311277
3355276
3885226
3855666
8809999

4411039
4411339
4711388
2755386
2775886
2755666
2209999

6663079
6883379
6811377
8811374
5511244
5222244
5509999

6665059
6785559
6788832
7711832
4711332
4411322
4409999

7777039
5751139
5551133
2681143
2688844
2666844
2209999

7885059
7785559
7388666
7334446
1132446
1132222
1109999

7885059
7785559
7388446
7334446
1132666
1132222
1109999

7777089
5758889
5558333
6663344
1162444
1162222
1109999

7777089
5758889
5558444
6663344
1162333
1162222
1109999

