2222049
1112449
1110447
6668557
6888577
6833557
3339999

2222049
1112449
1110447
6663557
6883577
6833557
8839999

1115059
1115559
3330444
8833744
6877772
6882222
6669999

4445059
4435559
8830666
2833611
2883611
2777711
2279999

1115059
1115559
6660722
6377772
6388442
3384442
3889999

6665059
6725559
6720333
7723311
4722811
4488811
4489999

3111079
3111779
3350576
8355576
8882666
4482222
4449999

7225059
7725559
7620333
7623311
4666811
4488811
4489999

1115059
1115559
6660442
6884442
6877772
8833722
3339999

5544039
5444339
5580322
8887362
8777762
1116662
1119999

7777039
8766639
8880633
4485653
4445552
1112222
1119999

4475059
4475559
4770666
2278611
2888611
2833311
2339999

4475059
4475559
4770333
2273311
2666811
2688811
2689999

2275059
2775559
2670333
2673311
4666811
4488811
4489999

6665059
8865559
2860111
2887111
2777744
2233444
3339999

2666039
2655339
2650311
2255311
4488711
4487777
4889999

2222079
2355579
3350577
3866674
3888644
1118644
1119999

2222039
6662339
4460311
4468311
4888711
5857777
5559999

2222039
5552339
5850311
4888311
4468711
4467777
6669999

6668039
6888339
6870344
7777344
2222545
1112555
1119999

5544039
5444339
5570388
7777386
2222886
1112666
1119999

7777039
4755339
4450388
4455386
2222886
1112666
1119999

1125059
1125559
1120333
7223386
7748886
7448666
7449999

7777039
5758839
5550833
2666883
2644111
2644111
2249999

7777039
5758839
5550833
2666883
2446111
2446111
2249999

1125059
1125559
1120388
7223386
7743886
7443666
7449999

6665059
1165559
1160887
1133877
3338827
4422227
4449999

1125059
1125559
1120447
8822447
6833477
6883337
6669999

2222039
2478839
4470833
4477883
6575111
6555111
6669999

2222039
2448839
4440833
7777883
6575111
6555111
6669999

2222039
2448839
4440833
7666883
7556111
7756111
7559999

7777039
5752239
5550233
1188243
1168244
1168844
6669999

7777039
5758839
5550833
2222883
6442111
6444111
6669999

7777039
5758839
5550833
2222883
6662111
6444111
6449999

7777029
8722229
8880344
1183344
1163545
1163555
6669999

7777029
8722229
8880333
1183355
1164445
1164455
6669999

2115059
2115559
2110388
2273386
4773886
4473666
4479999

2222049
2333449
3380447
1188877
1165857
1165557
6669999

2115059
2115559
2110333
2273386
4778886
4478666
4479999

4488079
4485579
4880577
1125576
1122226
1133666
3339999

7445059
7445559
7740388
7223386
1123886
1123666
1129999

7445059
7445559
7740333
7223386
1128886
1128666
1129999

4475059
4475559
4770388
2273386
2113886
2113666
2119999

6668049
6888449
6830447
2233557
2113577
2113557
2119999

4475059
4475559
4770333
2273386
2118886
2118666
2119999

2222039
5552339
5750388
7777386
1144886
1144666
1149999

2222079
2355579
3350577
3881174
3861144
8861144
6669999

