1115059
1115559
7777022
3376662
4333862
4488862
4489999

1115059
1115559
7777022
8874442
6833442
6883332
6669999

1115059
1115559
6667022
6377772
6388442
3384442
3889999

4445059
4485559
8887032
8777732
6111332
6111322
6669999

1115059
1115559
7777022
4786662
4488862
4433862
3339999

8333029
8883329
6585027
6555227
6664477
1114447
1119999

1115059
1115559
7777022
8873332
6833442
6884442
6669999

7777089
5578889
5338022
5533342
6111442
6111442
6669999

1115059
1115559
2222088
2777786
4447886
4433666
3339999

2222039
2777739
4478033
4448883
6111585
6111555
6669999

1115059
1115559
2222088
2777786
3337886
4433666
4449999

1115059
1115559
8844062
7844462
7886662
7733322
7339999

6665059
6885559
6833022
8873332
7777442
1114442
1119999

3885059
3385559
6388022
6377772
6667442
1114442
1119999

3885059
3385559
6388027
6322227
6664477
1114447
1119999

1115059
1115559
7777033
2273334
2666844
2688844
2689999

1115059
1115559
7777088
2273386
2333886
2444666
2449999

7885059
7785559
7388022
7311162
3311162
3446662
4449999

3885059
3385559
7388022
7311162
7711162
7446662
4449999

6665059
6885559
6833022
8873332
4771112
4471112
4479999

4445059
7445559
7733022
7883332
7861112
8861112
6669999

7777089
5758889
5558011
2443611
2443611
2433666
2239999

4445059
8445559
8887011
2387611
2377611
2337666
2239999

7777089
5758889
5558011
2344611
2344611
2334666
2239999

7777089
5758889
5558011
2222611
4442611
4433666
3339999

7777089
5758889
5558011
2222611
3332611
4433666
4449999

7777029
8722229
8886044
5586444
5666111
5533111
3339999

1175059
1175559
1177033
2273334
2666844
2688844
2689999

1175059
1175559
1177088
2273386
2333886
2444666
2449999

6667039
6777739
6448033
4448883
2222585
1112555
1119999

7777039
4766639
4468033
4468883
2222585
1112555
1119999

1122089
1128889
1128033
4423336
4477776
5457666
5559999

6665059
1165559
1167032
1187732
8887332
8447322
4449999

7885059
7785559
7288011
7222211
6663311
6444333
6449999

7885059
7785559
7288011
7222211
6443311
6444333
6669999

4445059
4475559
7777022
6663112
6883112
6833112
8839999

4445059
4475559
7777022
6668112
6888112
6833112
3339999

7777089
1178889
1128055
1122225
6443355
6444333
6669999

7777089
1178889
1128055
1122225
6663355
6444333
6449999

1175059
1175559
1177022
8874442
6833442
6883332
6669999

1175059
1175559
1177022
8873332
6833442
6884442
6669999

1175059
1175559
1177022
3376662
4333862
4488862
4489999

7777039
5758839
5558033
1188443
1164442
1162222
6669999

7777089
5758889
5558044
1133444
1163332
1162222
6669999

4445059
4475559
7777022
1186662
1188862
1133862
3339999

7777089
5578889
5338044
5533344
1166642
1162222
1169999

4445059
8445559
8887032
1187732
1167332
1167322
6669999

6665059
6115559
6118022
7118882
7733382
7444332
7449999

7777039
5758839
5558033
1188443
1162444
1162222
6669999

7777089
5758889
5558044
1133344
1162334
1162222
6669999

4445059
4475559
7777022
3336662
1133862
1188862
1189999

6665059
6115559
6117032
8117732
8887332
4487322
4449999

6665059
6885559
6833022
8873332
1174442
1177442
1179999

6665059
6885559
6833022
8873332
1177442
1174442
1179999

4488079
4485579
4885077
1125576
1122226
1133666
3339999

4445059
4485559
8887032
8117732
6117332
6117322
6669999

