1115059
1115559
3884407
3384477
6388427
6322227
6669999

1115059
1115559
2666807
2688877
2684447
2233447
3339999

3885059
3385559
6388702
6377772
6664442
1114422
1119999

1115059
1115559
2222307
2488377
4468337
4468837
6669999

1115059
1115559
2222307
2488377
6448337
6448837
6669999

1115059
1115559
6664402
6884442
6877772
8833722
3339999

6665059
6885559
6811107
8811177
4422227
4433327
4339999

2222039
6662339
6555307
6585377
8881117
8441117
4449999

4445059
3445559
3222207
3388277
6381117
6881117
6669999

6665059
6445559
6444807
2388877
2381117
2331117
2239999

6665059
6385559
6388807
3322877
3421117
4421117
4429999

6665059
6335559
6233307
8222277
8881117
4481117
4449999

6665059
6335559
6733308
7777888
2222844
1112444
1119999

6665059
1165559
1162307
1182377
8882337
8442237
4449999

6665059
6885559
6833307
8822337
1124477
1124447
1129999

4445059
8445559
8882307
1182377
1162337
1162237
6669999

7777089
4478889
4448505
1133555
1163332
1162222
6669999

6665059
6115559
6112307
8112377
8882337
4482237
4449999

4445059
2445559
2222307
1188377
1168337
1168837
6669999

4445059
4485559
8882307
8112377
6112337
6112237
6669999

6665059
6445559
6444307
2288377
2118337
2118837
2119999

6665059
6885559
6833307
8844337
1144477
1122227
1129999

6665059
6885559
6844407
8844337
1133377
1122227
1129999

