1116049
1116449
8666440
8882222
5583332
5777733
5579999

2222079
1112779
1118870
5544876
5444886
5533666
3339999

2222049
1112449
1118440
5578886
5777786
5533666
3339999

2222079
1112779
1118870
5553876
5453886
4433666
4439999

6665059
6885559
6877770
8833744
3332444
1112222
1119999

8333069
8883369
5586660
5777744
5572444
1112222
1119999

1116029
1116329
8666320
8883322
5583444
5777744
5579999

1113029
1113329
8666320
8886322
5586444
5777744
5579999

1112049
1112449
6662440
6882255
6877775
8833755
3339999

7777089
2278889
2658530
2655533
2666443
1114443
1119999

1115059
1115559
7777330
2733386
2448886
2448666
2249999

2222049
2111449
3111440
3777786
3378886
5358666
5559999

1115059
1115559
3377770
2333786
2448886
2448666
2249999

1115059
1115559
4477770
4488733
6483332
6882222
6669999

8333069
8883369
2286660
2111555
2111575
2447777
4449999

2111049
2111449
2333440
2273386
5578886
5778666
5579999

2111079
2111779
2558870
2253876
4553886
4433666
4439999

7885059
7785559
7288330
7233311
6244411
6224411
6669999

6665059
6245559
6244880
7244811
7228811
7733311
7339999

6111079
6111779
6663370
8333575
8882555
4482222
4449999

6668079
6888779
6811170
5511174
5222244
5533244
3339999

1112049
1112449
6662440
6322555
6388575
3387777
3889999

8666049
8886449
5586440
5777733
5573332
1112222
1119999

6665059
6225559
6211130
7211133
7288443
7784443
7889999

6665059
6885559
6483330
4488733
4477772
1112222
1119999

4445059
4475559
7777220
6668211
6888211
6833211
3339999

4445059
4475559
7777220
6663211
6883211
6833211
8839999

8666049
8886449
5586440
5337777
5533372
1112222
1119999

2445059
2445559
2477770
2233786
3338886
1118666
1119999

6663049
6223449
6233440
7235511
7288511
7785511
7889999

6665059
6225559
6244880
7244811
7248811
7733311
7339999

4445059
4475559
7777330
2233311
2666811
2688811
2689999

7777049
5573449
5883440
5583311
6288311
6222211
6669999

4445059
8445559
8881110
2381116
2377776
2337666
2239999

7333069
7553369
7756660
7552884
2222844
1118844
1119999

8333069
8883369
4486660
4442555
2222575
1117777
1119999

6668049
6888449
6833440
3332555
2222575
1117777
1119999

6663049
6883449
6833440
8832555
2222575
1117777
1119999

7777089
5758889
5558230
4222233
4461113
4461113
6669999

6444089
6448889
6668230
7222233
7551113
7751113
7559999

8666049
8886449
3386440
7333111
7552111
7752222
7559999

5557049
5357449
3377440
3887111
3862111
8862222
6669999

7777049
5753449
5553440
8833111
6832111
6882222
6669999

3666049
3886449
3386440
7388111
7552111
7752222
7559999

7777049
3575449
3555440
3388111
6382111
6882222
6669999

2222049
2333449
3386440
8886555
8666575
1117777
1119999

2222049
2388449
3386440
3886555
3666575
1117777
1119999

6665059
6785559
6788830
7722833
4721113
4421113
4429999

8666049
8886449
5586440
5332222
5533372
1117777
1119999

4445059
7445559
7722220
7833326
7888336
1118666
1119999

2235059
2335559
2377770
2387666
8881116
8441116
4449999

7777029
8722229
8886440
5586444
5666111
5533111
3339999

1188079
1138779
1138870
2233674
2553644
2566644
2559999

6663049
6883449
6833440
8837777
2222575
1112555
1119999

1122089
1128889
1128440
5527446
5777746
5533666
3339999

6668049
6888449
6833440
3337777
2222575
1112555
1119999

4333029
4483329
4488820
7777822
6575111
6555111
6669999

4333029
4483329
4488820
7666822
7556111
7756111
7559999

7777029
5754429
5554420
6663422
6883111
6833111
8839999

7777029
5754429
5554420
6668422
6888111
6833111
3339999

7553029
7753329
7558320
7888322
6844111
6444111
6669999

4883029
4483329
4488320
7777322
6575111
6555111
6669999

4883029
4483329
4488320
7666322
7556111
7756111
7559999

4443029
4483329
8887320
8557322
6577111
6557111
6669999

5553029
5753329
7777320
8844322
6844111
6884111
6669999

5553029
5753329
7777320
8666322
8886111
4486111
4449999

8333069
8883369
4486660
4447777
2222575
1112555
1119999

7333069
7553369
7756660
7558844
2222844
1112884
1119999

2222049
3332449
5533440
5777786
5578886
1118666
1119999

2222049
3332449
6833440
6888555
6668575
1117777
1119999

1125059
1125559
1128830
7226833
7746883
7446663
7449999

1125059
1125559
1123330
7226833
7746888
7446668
7449999

7777029
1175529
1188520
1185522
6883344
6333444
6669999

2222049
8832449
6833440
6883555
6663575
1117777
1119999

1144029
1144429
1133320
7336822
7556888
7756668
7559999

7777089
5758889
5558110
2222116
3332116
4433666
4449999

7777089
5758889
5558110
2222116
4442116
4433666
3339999

3666049
3886449
3386440
2388555
2222575
1117777
1119999

4445059
8445559
8887110
2387116
2377116
2337666
2239999

7777089
5758889
5558110
2344116
2344116
2334666
2239999

7777089
5758889
5558110
2443116
2443116
2433666
2239999

6668079
6888779
6833370
2335574
2222544
1115544
1119999

8666049
8886449
3386440
2333555
2222575
1117777
1119999

5544029
5444829
5588820
1187226
1177776
1133666
3339999

7777029
5758829
5558320
1188322
1163344
1163444
6669999

5553029
5753329
7777320
1188322
1168444
1168844
6669999

7777029
5758829
5558620
1188622
1166644
1133444
3339999

6668029
6888729
6855720
1157722
1155744
1133444
3339999

7777089
5758889
5558440
1133444
1163332
1162222
6669999

7777029
8722229
8883330
1185533
1165444
1165544
6669999

7777029
8722229
8884430
1184433
1165453
1165553
6669999

5588079
5228779
5528870
1124476
1124446
1133666
3339999

1165059
1165559
1166630
7222233
7288443
7784443
7889999

2115059
2115559
2118830
2276833
4776883
4476663
4479999

2115059
2115559
2113330
2276833
4776888
4476668
4479999

1188079
1128779
1128870
5524476
5224446
5533666
3339999

2222089
2118889
3118440
3114446
3377776
5357666
5559999

7777089
5758889
5558330
1133344
1162444
1162222
6669999

7777039
5758839
5558330
1188344
1162444
1162222
6669999

4488079
4448779
3338870
1133575
1162555
1162222
6669999

1188079
1168779
1168870
5566674
5222244
5533244
3339999

4488079
4485579
4885770
1125576
1122226
1133666
3339999

7777089
5758889
5558440
1124446
1122226
1133666
3339999

7445059
7445559
7748830
7226833
1126883
1126663
1129999

7445059
7445559
7743330
7226833
1126888
1126668
1129999

2211049
2311449
2311440
2338666
5538886
5777786
5579999

4445059
4475559
7777330
2233386
2118886
2118666
2119999

4475059
4475559
4778830
2276833
2116883
2116663
2119999

5544079
5444779
5538870
2233876
2113886
2113666
2119999

6665059
6885559
6844430
8844733
1177773
1122223
1129999

4475059
4475559
4773330
2276833
2116888
2116668
2119999

6665059
6885559
6822220
8823444
1133744
1137777
1139999

2222049
2333449
3311440
8811555
6811575
6887777
6669999

6663029
6883329
6811320
8811322
5511444
5777744
5579999

6668049
6888449
6811440
2311555
2311575
2337777
2239999

2235059
2335559
2388440
2378446
1178846
1177666
1179999

