1115059
1115559
7777388
0723386
4423886
4423666
4229999

1115059
1115559
7777333
0723386
4428886
4428666
4229999

7777089
5758889
5558333
0443311
6444211
6222211
6669999

4445059
4435559
8837777
0833711
6883211
6222211
6669999

7777089
4478889
4458532
0455532
6111332
6111322
6669999

6111049
6111449
6668442
0338882
5533382
5777722
5579999

6665059
6235559
6237777
0233711
4223811
4488811
4489999

3111049
3111449
3368442
0368882
5566682
5777722
5579999

1115059
1115559
7777862
0788862
4486662
4433322
4339999

7777039
5758839
5556833
0446883
4446662
1112222
1119999

7777089
5758889
5558644
0333644
3366642
1112222
1119999

8333069
8883369
5586667
0511177
5511127
4422227
4449999

1115059
1115559
7777844
0788844
6283334
6222233
6669999

4488039
4482339
4882311
0552311
6522711
6557777
6669999

7777089
5758889
5558111
0433111
4463332
4462222
6669999

7777089
5758889
5558111
0433111
6443332
6442222
6669999

8333069
8883369
5586667
0522227
5524477
1114447
1119999

7777089
5758889
5558211
0222211
6443311
6444333
6669999

7777089
5758889
5558211
0222211
6663311
6444333
6449999

3666049
3886449
3386447
0388557
2222577
1112557
1119999

1122089
1128889
1128557
0326577
4336557
4436667
4439999

1122089
1128889
1128666
0325556
4335756
4437777
4439999

1122089
1128889
1128557
0326577
3346557
3446667
3449999

1122089
1128889
1128666
0325556
3345756
3447777
3449999

8666049
8886449
3386447
0333557
2222577
1112557
1119999

6665059
6335559
6233311
0222211
4488711
4487777
4889999

1125059
1125559
1127777
0322786
3348886
3448666
3449999

1125059
1125559
1127777
0322786
4338886
4438666
4439999

2222039
2448839
4447833
0557883
6577111
6557111
6669999

3445059
3445559
3347777
0322786
1128886
1128666
1129999

4435059
4435559
4337777
0322786
1128886
1128666
1129999

1135059
1135559
1133887
0443877
6448827
6422227
6669999

7777039
5758839
5552833
0442883
6442111
6422111
6669999

4333069
4473369
4476662
0775552
1175852
1188822
1189999

6665059
6115559
6112222
0113332
4488733
4487777
4889999

4445059
4475559
7777388
0223386
1123886
1123666
1129999

7777039
5758839
5552833
0112883
6112444
6112244
6669999

4445059
4475559
7777333
0223386
1128886
1128666
1129999

7777089
5758889
5558322
0113342
6113442
6113442
6669999

7777089
5758889
5558322
0114332
6114432
6114432
6669999

7777089
5758889
5558444
0113344
6112333
6112222
6669999

7777089
5758889
5558333
0113344
6112444
6112222
6669999

