1115059
1115559
3337777
2033786
2448886
2448666
2249999

1115059
1115559
7777333
2073386
2448886
2448666
2249999

1115059
1115559
7777388
2073386
2443886
2443666
2249999

7777089
4478889
4458532
4055532
6111332
6111322
6669999

7444089
7448889
7758532
7055532
6111332
6111322
6669999

4445059
7445559
7786662
7088862
7333862
1113322
1119999

1115059
1115559
2222333
2073386
4778886
4478666
4479999

1115059
1115559
2222388
2073386
4773886
4473666
4479999

1116079
1116779
3666872
3088872
3384442
5354422
5559999

1115059
1115559
6777782
6078882
6668332
4433322
4449999

1115059
1115559
6777732
6078832
6668332
4488322
4449999

6668039
6888739
6822733
5052773
5552744
1112444
1119999

7777039
4478839
4446833
5056883
5556662
1112222
1119999

8333069
8883369
5586667
5011177
5511127
4422227
4449999

7777039
2575339
2555388
2044386
2244886
1114666
1119999

2222039
2666339
5556311
5056311
4488711
4487777
4889999

7777089
5758889
5558111
4033111
4463332
4462222
6669999

6444089
6448889
6668111
7033111
7553332
7752222
7559999

8333069
8883369
5586667
5022227
5524477
1114447
1119999

4445059
4485559
8887777
8033376
2222336
1112666
1119999

7666039
7886339
7786344
7088344
2222545
1112555
1119999

7555039
7545339
7744388
7044386
2222886
1112666
1119999

4447039
4477339
5557388
5057386
2222886
1112666
1119999

2245059
2445559
2447777
2033786
3338886
1118666
1119999

4445059
8445559
8886112
7086112
7666112
7733322
7339999

1175059
1175559
1177333
2073386
2448886
2448666
2249999

1175059
1175559
1177388
2073386
2443886
2443666
2249999

2222039
4442839
4488833
7086663
7556111
7756111
7559999

7552039
7752339
7552388
7022386
1144886
1144666
1149999

4411079
4411779
3411876
3088876
3382666
5352222
5559999

7777039
2575339
2555388
2011386
2211886
4411666
4449999

2245059
2445559
2443666
2073886
1173386
1177388
1179999

2245059
2445559
2448666
2078886
1173386
1177333
1179999

