1118809
1118449
0688444
2633355
2666335
2777755
2279999

1114409
1114449
0755588
2753586
2773886
2733666
2239999

2222709
2111779
0111788
5553786
5453886
4433666
4439999

2222709
2111779
0111744
6663744
6883545
6833555
8839999

2222409
2111449
0111447
6663557
6883577
6833557
8839999

2222709
2111779
0111744
6668744
6888545
6833555
3339999

2222709
2111779
0111788
5544786
5444886
5533666
3339999

2222409
2111449
0111447
6668557
6888577
6833557
3339999

5558809
5358449
0388444
3322226
3777726
1117666
1119999

4466609
4463339
0468833
2111855
2111885
2777755
2279999

4433309
4488339
0482666
7882611
7552611
7752211
7559999

5558809
5658449
0688444
7666211
7222211
7733311
7339999

1114409
1114449
0333862
3388862
5586662
5777722
5579999

3444709
3344779
0322788
5352786
5552886
1112666
1119999

3444709
3344779
0388722
5358762
5558862
1116662
1119999

4411109
4411129
0422227
6663557
6883577
6833557
8839999

4411109
4411129
0422227
6668557
6888577
6833557
3339999

4433309
4455339
0457777
2255711
2666811
2688811
2689999

5552209
5352449
0332447
8832477
6831117
6881117
6669999

4433309
4488339
0481116
7881116
7552666
7752222
7559999

5554409
5754449
0733322
7788332
6781112
6881112
6669999

4433309
4488339
0486111
7886111
7556662
7752222
7559999

4466609
4465559
0465857
2388877
2381117
2331117
2239999

5552409
5352449
0332447
8832277
6831117
6881117
6669999

4433309
4488339
0482222
7882666
7551116
7751116
7559999

2222709
2555779
0535788
4433786
4443886
1113666
1119999

2222409
2884439
0864433
8865553
6665753
1117777
1119999

2222409
2883449
0863447
8863377
6665357
1115557
1119999

3222209
3365259
0365557
8366677
8881117
4481117
4449999

3222209
3355279
0357777
8355666
8881116
4481116
4449999

4433309
4488339
0482211
7882611
7552611
7752666
7559999

4433309
4447339
0777711
8855511
6852511
6882222
6669999

5552209
5352119
0332117
8832117
6834477
6884447
6669999

4466609
4465579
0465772
3335572
1133872
1188822
1189999

4433309
4488339
0482222
7886662
7556111
7756111
7559999

5558809
5658119
0688112
4666112
4477772
4433722
3339999

2222709
2666779
0886744
1186744
1188545
1133555
3339999

2222709
2555779
0545788
1144786
1144886
1133666
3339999

2222409
2666449
0886447
1186557
1188577
1133557
3339999

4466609
4465579
0465772
1185572
1188872
1133822
3339999

4466609
4465559
0465357
2288377
2118337
2118837
2119999

4433309
4455339
0457777
2255786
2118886
2118666
2119999

4466609
4468839
0468337
2288377
2115357
2115557
2119999

5554409
5754439
0711433
7711883
6711283
6222288
6669999

5551109
5351179
0331172
8834772
6834472
6884422
6669999

3221109
3321149
0321144
7326844
7556888
7756668
7559999

6661109
8861139
0861133
2885553
2445753
2447777
2249999

4433309
4488339
0481122
7881162
7551162
7756662
7559999

5551109
5751139
0741133
7744883
6744283
6222288
6669999

4433309
4488339
0486662
7881162
7551162
7751122
7559999

5554409
5354479
0334772
8831172
6831172
6881122
6669999

4455509
4453579
0433772
8831172
6831172
6881122
6669999

5551109
5751139
0721133
7724883
6724483
6224488
6669999

6661109
8861139
0861133
7884443
7552443
7752222
7559999

6661109
8861149
0861144
7883344
7552333
7752222
7559999

6661109
5561139
0561133
5522223
4488723
4487777
4889999

