1114409
1114449
2222557
8802577
6833557
6883337
6669999

4777709
4473339
4455233
8805211
6855211
6882211
6669999

1118809
1118449
2688444
2607777
2666575
2233555
3339999

2238809
2338449
2388444
2307777
6111575
6111555
6669999

2233309
2338449
2888444
2807777
6111575
6111555
6669999

1114409
1114449
6662222
6302555
6388575
3387777
3889999

6111309
6111349
6663344
2203844
2557888
2577778
2559999

2211109
2811139
2888337
2408377
4465357
4465557
6669999

2211109
2811139
2888337
2408377
6445357
6445557
6669999

1114409
1114479
6664772
6305572
6388572
3385522
3889999

3222209
3211149
3311144
7306844
7556888
7756668
7559999

2222809
2388879
3387777
3505611
3555611
4466611
4449999

1112209
1112449
6662444
6302555
6388575
3387777
3889999

5554409
5854479
3888472
3308772
6311172
6311122
6669999

5554409
5754449
7777666
2208611
2888611
2833311
2339999

5554409
5754449
7777333
2203311
2666811
2688811
2689999

2222709
2877779
3888555
3308545
6311144
6311144
6669999

6664409
6884449
6833355
8802335
2222755
1117777
1119999

5533309
5444339
5544111
8807111
6877772
6882222
6669999

6833309
6888339
6668111
4407111
4477772
5452222
5559999

2777709
2575889
2555811
2208811
6443311
6444333
6669999

2777709
2575889
2555811
2208811
6663311
6444333
6449999

6833309
6888339
6668111
2505111
2555444
2777744
2279999

5554409
5754449
2778811
2708611
2788611
2233666
3339999

2222809
2388879
3387777
3505666
3555446
1114446
1119999

1166609
1163339
1168833
2208555
2488575
2447777
2449999

5554409
5254449
7222211
7703611
7883611
7833666
8839999

5554409
5254449
7222211
7708611
7888611
7833666
3339999

4433309
4442339
6662222
6807777
6888575
1118555
1119999

3366609
4333679
4455672
4405772
1155872
1188822
1189999

5544209
5444239
5588233
1108223
1168873
1167777
6669999

6668709
6888779
6855722
1105742
1155442
1133442
3339999

6222209
6288449
6668444
1108855
1177775
1133755
3339999

2114409
2114449
2117777
2208755
6888335
6833355
6669999

1166609
1165579
1165772
3305572
4333872
4488822
4489999

2222709
4442779
4455788
1105786
1155886
1133666
3339999

5554409
5754449
7777388
2203386
2113886
2113666
2119999

5554409
5754449
7777333
2203386
2118886
2118666
2119999

6664409
6884439
6855437
8805337
1155377
1122227
1129999

6664409
6844439
6888337
2208377
2115357
2115557
2119999

4411709
4411779
2411788
2505786
2555886
2233666
3339999

5551109
5751139
2771133
2704883
2764483
2264488
6669999

7441109
7441139
7741133
7505883
6555283
6222288
6669999

6661109
2261139
2761133
2704883
2774483
5754488
5559999

