1114409
1114449
7777666
5570886
5222286
5533288
3339999

4777709
4473339
4455233
8850211
6855211
6882211
6669999

4433309
4488339
6487777
6880575
6662555
1112222
1119999

7555309
7585339
7788836
7440836
4442666
1112222
1119999

2666809
2688879
2687777
2250511
4455511
4433311
4339999

2233309
2557339
2577778
2550888
6111844
6111444
6669999

6668809
6558449
6588444
7550211
7222211
7733311
7339999

1114409
1114449
2222666
2330886
5533386
5777788
5579999

3222209
3286669
3388867
5350867
5554477
1114447
1119999

1114409
1114449
8855562
7850562
7886662
7733322
7339999

7222209
7283339
7788833
7550811
6544411
6554411
6669999

7222209
7211139
7711133
7550883
6544483
6554488
6669999

7222209
7211149
7711144
7550844
6533888
6553338
6669999

2611109
2611139
2666337
2280377
8885357
8445557
4449999

8666709
8886779
5586744
5330744
5533342
1112222
1119999

6668809
6228449
6288444
7250511
7255511
7733311
7339999

4777709
4473339
4455533
2250511
2666811
2688811
2689999

2777709
2371119
2331118
2230888
6535844
6555444
6669999

4777709
4473559
4433522
8830552
6831112
6881112
6669999

6664409
6884449
6833322
8870332
5571112
5771112
5579999

2833309
2888339
2558111
2250111
6557444
6777744
6669999

2222809
2388879
3387777
3440666
3441116
5451116
5559999

2222709
2555779
4535788
4430786
4433886
1113666
1119999

1133309
1162339
1162222
6660884
7777844
5758844
5559999

1133309
1162339
1162222
6660555
4488575
4487777
4889999

2233309
2338449
2888444
2870666
5571116
5771116
5579999

2238809
2338449
2388444
2370666
5571116
5771116
5579999

6663709
6883779
6833744
8830744
2222545
1112555
1119999

6663409
6883449
6833447
8830557
2222577
1112557
1119999

5553709
5453779
4433788
4430786
2222886
1112666
1119999

6668709
6888779
6833744
3330744
2222545
1112555
1119999

6668409
6888449
6833447
3330557
2222577
1112557
1119999

2233309
2666339
2655511
2650511
4488711
4487777
4889999

5544709
5444779
5533788
3330786
2222886
1112666
1119999

4433309
4447339
8777722
8880112
6585112
6555112
6669999

1166609
1163339
1168833
2440855
2444885
2777755
2279999

1144409
1144879
1188877
5580276
5222276
5533666
3339999

3366609
4333679
4455672
4450772
1155872
1188822
1189999

6665509
6444579
6445572
3330772
1133872
1188822
1189999

5544609
5444679
5566672
3330772
1133872
1188822
1189999

6445509
6444579
6665572
3330772
1133872
1188822
1189999

5566609
5444679
5544672
3330772
1133872
1188822
1189999

6668809
6558119
6588112
4550112
4477772
4433722
3339999

1133309
1188339
1185522
7880562
7745562
7446662
7449999

5558809
5358119
7388116
7330116
7732666
7442222
4449999

6222209
6277779
6667555
3330545
1133844
1188844
1189999

1144309
1144339
1145537
6660537
6885577
6822227
8829999

6668709
6888779
6855722
1150742
1155442
1133442
3339999

6222209
6277779
6667555
1180545
1188844
1133844
3339999

5566609
5444679
5544672
1180772
1188872
1133822
3339999

6445509
6444579
6665572
1180772
1188872
1133822
3339999

1133309
1188339
1186662
7880462
7554462
7754422
7559999

5544609
5444679
5566672
1180772
1188872
1133822
3339999

6665509
6444579
6445572
1180772
1188872
1133822
3339999

1155509
1153579
1133772
8830472
6834472
6884422
6669999

1144409
1144279
1188277
5580276
5882276
5533666
3339999

2222709
4442779
4455788
1150786
1155886
1133666
3339999

1174409
1174449
1177666
5570886
5222286
5533288
3339999

1133309
1122339
1127777
8820755
6824445
6884455
6669999

1133309
1122339
1125544
8820544
6825574
6887777
6669999

1133309
1122339
1127777
4420786
4428886
5458666
5559999

1133309
1188339
1184446
7880446
7552666
7752222
7559999

1133309
1188339
1187777
4880575
4462555
4462222
6669999

7222209
7283339
7788833
7110855
6114445
6114455
6669999

7555309
7585339
7788832
7110832
6114442
6114422
6669999

6668309
6888339
6855537
2250537
2114477
2114447
2119999

6664409
6884439
6855437
8850337
1155377
1122227
1129999

4411309
4411339
8411237
8880237
6585277
6555227
6669999

4777709
4473339
4455533
2250586
2118886
2118666
2119999

4411709
4411779
8411732
8880732
6585332
6555322
6669999

4411309
4411339
8411732
8880732
6585772
6555722
6669999

6661109
8861179
3861172
3880772
3344472
5354422
5559999

2441109
2441139
2461133
2260883
5566683
5777788
5579999

6661109
8861149
3861144
3880744
3377772
5352222
5559999

7551109
7751139
7551133
7440883
6444283
6222288
6669999

4441109
8441179
8881177
5580276
5222276
5533666
3339999

6661109
2261139
2761133
2770883
2744483
5754488
5559999

6661109
2261149
2761144
2770844
2733888
5753338
5559999

