1118809
1118449
2288444
2666055
2677775
2633755
3339999

1114409
1114449
2777788
2575086
2555886
2233666
3339999

5544409
5884479
5587777
3388011
6333211
6222211
6669999

6663309
6333449
6755444
2775011
2755811
2788811
2289999

4777709
4476669
4486552
8886052
8333552
1113322
1119999

1114409
1114449
6662222
6882055
6877775
8833755
3339999

2211109
2411179
2447777
2448055
6888335
6833355
6669999

1114409
1114449
6665552
6885052
6877772
8833722
3339999

1114409
1114449
8777732
8887032
6585332
6555322
6669999

5533309
5334449
5584422
8887062
8777762
1116662
1119999

2222809
2388879
3387777
3666011
3644411
5654411
5559999

2222809
2688879
3687777
3666011
3344411
5354411
5559999

1112209
1112449
6662444
6882055
6877775
8833755
3339999

8777709
8887449
6585444
6555033
6663332
1112222
1119999

8811109
6811179
6887777
6662055
2222335
4433355
4449999

1118809
1118449
3388446
7333046
7552666
7752222
7559999

2777709
2575449
2555444
2233086
3338886
1118666
1119999

2554409
2544479
2557777
2233086
3338886
1118666
1119999

2666809
2688879
2687777
2233055
3334445
1114455
1119999

3222209
3885259
3385557
4388077
4461117
4461117
6669999

8222209
8885259
3385557
4333077
4461117
4461117
6669999

1133309
1172339
1172222
8877055
6874445
6884455
6669999

1133309
1172339
1172222
4477086
4478886
5458666
5559999

1133309
1155339
1157777
2255074
2666844
2688844
2689999

5533309
5334449
5574488
7777086
2222886
1112666
1119999

7554409
7754449
7553388
7333086
2222886
1112666
1119999

2233309
2444339
2448811
2558011
6588711
6557777
6669999

1133309
1188339
1186444
7886044
7556662
7752222
7559999

5544409
5884479
5587777
1188026
1122226
1133666
3339999

1133309
1188339
1185522
7885062
7745562
7446662
7449999

5544409
5884479
5587777
1188033
1163332
1162222
6669999

1144309
1144339
1145537
6665037
6885577
6822227
8829999

1133309
1188339
1186662
7884062
7554462
7754422
7559999

1155509
1153579
1133772
8834072
6834472
6884422
6669999

4777709
4473339
4433552
1188052
1168552
1168822
6669999

2244409
2114479
2117777
2118055
6888335
6833355
6669999

1133309
1122339
1125557
8825057
6824477
6884447
6669999

1133309
1122339
1125544
8825044
6825574
6887777
6669999

1188309
1178339
1178836
4477036
4472666
5452222
5559999

1133309
1178339
1178886
4477086
4472666
5452222
5559999

1133309
1188339
1185556
7885056
7742666
7442222
7449999

3222209
3211449
3311444
7311086
7558886
7758666
7559999

2233309
2338449
2888444
2875056
1175556
1177666
1179999

6661109
8861149
3861144
3887044
3377772
5352222
5559999

2238809
2338449
2388444
2375056
1175556
1177666
1179999

