1114409
1114439
2222433
8852503
6855573
6887777
6669999

3777709
3374449
6384455
6388805
6662855
1112222
1119999

6833309
6888339
6668555
2111505
2111444
2777744
2279999

1114409
1114449
8666322
8886302
5586332
5777732
5579999

4777709
4476669
4486552
8886502
8333552
1113322
1119999

1118809
1118639
4488633
4466603
4222273
5257777
5559999

2233309
2666339
2611155
2611105
4488755
4487777
4889999

3777709
3374449
6384422
6388802
6665852
1115552
1119999

6833309
6888339
6668555
4447505
4477772
1112222
1119999

1118809
1118449
3388446
7333406
7552666
7752222
7559999

1118809
1118449
3288444
3222206
3377776
5357666
5559999

2233309
2331119
2441117
2448807
6545877
6555887
6669999

5533309
5331119
5571116
8777706
8882666
4482222
4449999

6663309
6333889
6444822
7448802
7551112
7751112
7559999

7833309
7888339
7758522
7455502
4461112
4461112
6669999

7833309
7888339
7758522
7455502
6441112
6441112
6669999

5558809
5358449
3388444
3222206
3277776
1117666
1119999

6833309
6888339
6668555
2222505
2777744
1117444
1119999

2222709
2377779
3344455
3844605
3888655
1118666
1119999

2666709
2677779
2688555
2283505
4883111
4433111
4439999

8666409
8886449
5586447
5222207
5533277
1113337
1119999

1133309
1155339
1157777
2255704
2666844
2688844
2689999

1133309
1188339
1182255
7882605
7742655
7442666
7449999

1133309
1188339
1186555
7886505
7746662
7442222
7449999

1133309
1144339
1144555
8847505
6877772
6882222
6669999

1133309
1124339
1124455
8824405
6822755
6887777
6669999

6663309
6333889
6444855
2448805
2222755
1117777
1119999

1133309
1188339
1182666
7882604
7552644
7752244
7559999

1166609
1165559
1165857
2388807
2384477
2334447
2239999

2222709
2877779
3888555
3348505
6344111
6344111
6669999

1133309
1188339
1186555
2886505
2666444
2777744
2279999

4466609
4465559
8465752
8883702
1183772
1133722
1139999

5554409
5754449
7777322
1188302
1168332
1168832
6669999

4466609
4465559
8465257
8883207
1183277
1133227
1139999

2644409
2644889
2666855
2278805
1173355
1177333
1179999

4777709
4473339
4433552
1188502
1168552
1168822
6669999

2666709
2677779
2655333
2253304
1155844
1188844
1189999

1133309
1122339
1124455
8824405
6824755
6887777
6669999

1133309
1122339
1127555
8827505
6827744
6887444
6669999

1133309
1188339
1184446
7884406
7552666
7752222
7559999

2211409
2311449
2311447
2338807
6535877
6555887
6669999

6664409
6884449
6811322
8811302
5511332
5777732
5579999

2233309
2666339
2688555
2678505
1178844
1177444
1179999

5544409
5224439
5521133
8821103
6821173
6887777
6669999

