6663309
6333279
6222277
1118870
1118575
4488555
4449999

2222609
2333679
3366677
1118870
1118575
4488555
4449999

6222209
6333279
6663377
1118870
1118575
4488555
4449999

3366609
2333679
2222677
1118870
1118575
4488555
4449999

3777709
3374449
6384455
6388850
6662855
1112222
1119999

1116709
1116779
3666788
3444780
3344882
5352222
5559999

2233309
2666339
2611155
2611150
4488755
4487777
4889999

2611109
2611179
2666377
2283370
8883575
8443555
4449999

4433309
4488339
6487777
6885750
6665552
1112222
1119999

3335509
4433579
4445577
8811170
6811172
6882222
6669999

5533309
5334479
5544477
8811170
6811172
6882222
6669999

4466609
4448679
3888677
3811170
3311172
5352222
5559999

4445509
4433579
3335577
8811170
6811172
6882222
6669999

5544409
5334479
5533377
8811170
6811172
6882222
6669999

8811109
3811179
3887777
3322220
6344525
6444555
6669999

4411109
4411179
4222277
6663270
6883575
6833555
8839999

4411109
4411179
4222277
6668270
6888575
6833555
3339999

2222709
2377779
3344455
3844650
3888655
1118666
1119999

2222409
2364479
3364477
3866670
3888575
1118555
1119999

1166609
1188679
1138677
2238870
2433575
2443555
2449999

1133309
1155339
1157777
2255740
2666844
2688844
2689999

1133309
1188339
1182255
7882650
7742655
7442666
7449999

1144209
1144279
1134277
8832270
6833575
6883555
6669999

3335509
1133579
1185577
1188870
6444872
6442222
6669999

1142209
1144279
1144277
6663270
6883575
6833555
8839999

1142209
1144279
1144277
6668270
6888575
6833555
3339999

1155509
1153579
1133477
8834470
6834472
6882222
6669999

1133309
1188339
1187777
4885750
4465552
4462222
6669999

1133309
1164339
1164488
6664480
7777882
5752222
5559999

1133309
1188339
1186444
7886440
7556662
7752222
7559999

1144309
1144379
1143377
8853570
6855572
6882222
6669999

1134409
1134479
1133477
8853570
6855572
6882222
6669999

1155509
1153579
1143377
8844370
6844372
6882222
6669999

1133309
1124339
1124455
8824450
6822755
6887777
6669999

6663309
6333889
6444855
2448850
2222755
1117777
1119999

6668809
6558449
6588444
2553330
2222733
1117777
1119999

1133309
1188339
1182666
7882640
7552644
7752244
7559999

1166609
1188679
1138677
2338870
2344575
2344555
2249999

2222809
2388879
3387777
3446660
3446111
5456111
5559999

8832209
6833279
6883277
6663270
1144575
1144555
1149999

3332209
6833279
6888277
6668270
1144575
1144555
1149999

2238809
2338449
2388444
2376660
5576111
5776111
5579999

2233309
2338449
2888444
2876660
5576111
5776111
5579999

2644409
2644889
2666855
2278850
1173355
1177333
1179999

2366609
2388679
2338677
2238870
1144575
1144555
1149999

2666709
2677779
2655333
2253340
1155844
1188844
1189999

2866609
2888679
2338677
2233370
1144575
1144555
1149999

1133309
1122339
1127777
8825570
6825444
6885544
6669999

1133309
1122339
1124455
8824450
6824755
6887777
6669999

1133309
1122339
1127777
4426870
4426888
5456668
5559999

6668209
6888279
6833277
3332270
1144575
1144555
1149999

6663209
6883279
6833277
8832270
1144575
1144555
1149999

3221109
3321179
6321177
6328870
6668575
4488555
4449999

2441109
2441179
2431177
2238870
6338575
6388555
6669999

2233309
2338679
2888677
2866670
1144575
1144555
1149999

6661109
2361179
2361177
2338870
2238575
4488555
4449999

6661109
8861179
3861177
3884470
3344472
5352222
5559999

5533309
5331179
5581177
8881170
8466672
4462222
4469999

2238809
2338679
2388677
2366670
1144575
1144555
1149999

6661109
6321179
6321177
3328870
3228575
4488555
4449999

2231109
2331179
2361177
2368870
6668575
4488555
4449999

