2222709
1112779
1114788
5544786
0544886
5533666
3339999

7555309
7585339
7788836
7444836
0442666
1112222
1119999

6665509
6722539
6725533
7724883
0724483
1114488
1119999

2222709
2111779
3111788
3344786
0344886
5354666
5559999

2666709
2677779
2655333
2253311
0455811
4488811
4489999

8866609
3855679
3885672
3355772
0344472
1114422
1119999

1114409
1114439
2222433
2885553
0865753
8867777
6669999

2211109
2711139
2775533
2765883
0765583
4466688
4449999

2211109
2811179
2888377
2448376
0443376
5453666
5559999

8811109
6811139
6884433
6664443
0222273
5257777
5559999

7222209
7283339
7788833
7666811
0644411
5654411
5559999

7222209
7211139
7711133
7666883
0644483
5654488
5559999

7222209
7211149
7711144
7666844
0633888
5653338
5559999

2311109
2311179
2337777
2238666
0888446
5854446
5559999

8866609
3855649
3885644
3355744
0377772
1112222
1119999

2266609
2755639
2775633
2755883
0711183
4411188
4449999

8811109
3811179
3885572
3365772
0365572
4466622
4449999

2233309
2755339
2775666
2755886
0711186
4411188
4449999

8811109
6811179
6885572
6665772
0335572
4433322
4449999

2666709
2677779
2688344
2283344
0883545
1113555
1119999

2666709
2677779
2688333
2283355
0884445
1114455
1119999

2866609
2888639
2558633
2254443
0554473
1117777
1119999

2554409
2544479
2557777
2233386
0338886
1118666
1119999

8866609
3855679
3885672
3355772
0311172
4411122
4449999

2666809
2688879
2687777
2233355
0334445
1114455
1119999

2777709
2575449
2555444
2233386
0338886
1118666
1119999

2833309
2888339
2558447
2256447
0556477
1116667
1119999

2833309
2888339
2558666
2254446
0554476
1117777
1119999

2233309
2444339
2744666
2788611
0778611
5758811
5559999

6662209
6882449
6832447
8832477
0331117
5351117
5559999

2666409
2688449
2638447
2238877
0331117
5351117
5559999

6662409
6882449
6832447
8832277
0331117
5351117
5559999

1133309
1162339
1162222
6668444
0888744
5857777
5559999

2233309
2755339
2775666
2755886
0744486
1114488
1119999

2266609
2755639
2775633
2755883
0744483
1114488
1119999

2234409
2334449
2388557
2386577
0886557
1116667
1119999

2234409
2334449
2388666
2385556
0885756
1117777
1119999

2266609
2755649
2775644
2755844
0733888
1113338
1119999

7222209
7266649
7755644
7885644
0855111
8833111
3339999

4777709
4473339
4433112
5588112
0568112
5568822
6669999

6662209
6882119
6832117
8832117
0334477
5354447
5559999

1166609
1165579
1165772
3335572
0433872
4488822
4489999

1166609
1168849
1168442
5588442
0577772
5533722
3339999

1166609
1164479
1164472
5584772
0588872
5533822
3339999

1144409
1144869
1188862
5586662
0577772
5533722
3339999

1166609
1144679
1144672
5584772
0588872
5533822
3339999

2222709
4442779
4411788
5511786
0511886
5533666
3339999

6668709
6888779
6811722
5511742
0511442
5533442
3339999

4411309
4411339
4711836
7788836
0782666
5752222
5559999

4441109
8441169
8881162
5586662
0577772
5533722
3339999

6661109
6881179
6831172
8834772
0334472
5354422
5559999

6661109
6221139
6721133
7724883
0724483
5754488
5559999

6664409
6884479
6834772
8831172
0331172
5351122
5559999

7551109
7751149
7551144
7326844
0326888
3326668
3229999

7551109
7751139
7551133
7884443
0862443
8862222
6669999

2241109
2441139
2441133
2885553
0865753
8867777
6669999

7551109
7751149
7551144
7883344
0862333
8862222
6669999

