2222709
1112779
1114788
5544786
5044886
5533666
3339999

1114409
1114449
2833355
2888335
2068755
2267777
6669999

4466609
4463339
4565233
7555211
7088211
7782211
7889999

8855509
7853549
7883644
7733644
7032666
1112222
1119999

8855509
7853549
7883446
7733446
7032666
1112222
1119999

5558809
5358449
3388446
3777746
3072666
1112222
1119999

6663309
6333559
6111522
7111552
7088442
7784442
7889999

2666709
2677779
2655333
2253311
4055811
4488811
4489999

1114409
1114449
8777722
8887552
6083352
6333552
6669999

2211109
2411139
2445533
2445883
6075583
6777788
6669999

1114409
1114449
8333552
8883352
6087552
6777722
6669999

7222209
7283339
7788833
7554811
6054411
6554411
6669999

7222209
7211139
7711133
7554883
6054483
6554488
6669999

2311109
2311189
2338887
2238557
6044577
6444557
6669999

5533309
5666339
5586444
8886744
8077772
1112222
1119999

8833309
7855339
7885644
7755644
7066642
1112222
1119999

5533309
5336669
5586444
8886744
8077772
1112222
1119999

2233309
2338449
2888444
2855511
6057511
6777711
6669999

2238809
2338449
2388444
2355511
6057511
6777711
6669999

1166609
1165559
1165357
2288377
2048337
2448837
2449999

1133309
1155339
1157777
2255786
2048886
2448666
2449999

1166609
1168839
1168337
2288377
2045357
2445557
2449999

4777709
4473339
4433112
5588112
5068112
5568822
6669999

1166609
1163339
1168833
2444855
2044885
2777755
2279999

1144409
1144559
1133522
3338552
6078882
6777782
6669999

5558809
5458119
4488112
4433112
6073332
6777722
6669999

1166609
1165579
1165772
3335572
4033872
4488822
4489999

2114409
2114439
2114337
2288377
6085357
6885557
6669999

1166609
1168849
1168442
5588442
5077772
5533722
3339999

1166609
1164479
1164472
5584772
5088872
5533822
3339999

1144409
1144869
1188862
5586662
5077772
5533722
3339999

1166609
1144679
1144672
5584772
5088872
5533822
3339999

2244409
2114439
2115533
2115883
6075583
6777788
6669999

2222709
4442779
4411788
5511786
5011886
5533666
3339999

6668709
6888779
6811722
5511742
5011442
5533442
3339999

4441109
8441169
8881162
5586662
5077772
5533722
3339999

7551109
7751139
7551133
7444883
6044283
6222288
6669999

5533309
5336669
5581167
8881167
8021177
4422227
4449999

