4433309
4442339
1112666
1112886
5502286
5777788
5579999

4466609
4442639
1112633
1112883
5502283
5777788
5579999

4433309
4448339
5578886
5777786
5502666
1112222
1119999

4433309
4442339
1112222
1118666
5508886
5777786
5579999

4488309
4448339
5578836
5777736
5502666
1112222
1119999

5554409
5754449
7777666
2388611
2308611
2338811
2239999

1114409
1114449
2222666
2333886
5503386
5777788
5579999

7222209
7283339
7788833
7554811
6504411
6554411
6669999

7222209
7288449
7783444
7883311
6505311
6555311
6669999

7222209
7211139
7711133
7554883
6504483
6554488
6669999

2222809
2388879
3387777
3666411
3604411
5654411
5559999

2222809
2388879
3387777
3555611
3505611
4466611
4449999

2311109
2311189
2338887
2238477
6505447
6555447
6669999

2311109
2311179
2337777
2238844
6505844
6555884
6669999

8666309
8886339
5586237
5222237
5504477
1114447
1119999

2222809
2688879
3687777
3666411
3304411
5354411
5559999

8666709
8886779
5586744
5333744
5503342
1112222
1119999

1114409
1114449
3337777
8833575
6802555
6882222
6669999

8811109
6811179
6885572
6665772
4405572
4433322
4339999

5533309
5331119
5521117
8822227
6804477
6884447
6669999

2233309
2444339
2744666
2788611
7708611
5758811
5559999

2233309
2444339
2844666
2888611
5508611
5777711
5579999

6662209
8862449
3862447
3882477
3301117
5351117
5559999

5558809
5758449
2788444
2771116
2701116
2233666
3339999

5533309
5444339
5544722
8877772
6801112
6881112
6669999

6663409
6883449
6833442
8831112
5501112
5777722
5579999

6833309
6888339
6668722
4477772
4401112
5451112
5559999

6668409
6888449
6833442
3331112
5501112
5777722
5579999

5554409
5754449
7777111
8833111
6803332
6882222
6669999

5544409
5884479
5587777
2388666
2301116
2331116
2239999

6833309
6888339
6668111
2555111
2505444
2777744
2279999

6662409
8862449
3862447
3882277
3301117
5351117
5559999

8833309
6822339
6882111
6662111
5502444
5777744
5579999

2222709
2555779
4535788
4433786
4403886
1113666
1119999

6833309
6888339
6668111
2222111
5502444
5777744
5579999

2222809
2388879
3387777
3555666
3505446
1114446
1119999

8666409
8886449
3286447
3222277
3301117
5351117
5559999

1166609
1165559
1165357
2288377
2408337
2448837
2449999

1133309
1155339
1157777
2255786
2408886
2448666
2449999

1166609
1168839
1168337
2288377
2405357
2445557
2449999

1122409
1124439
1124433
8825553
6805753
6887777
6669999

1122409
1123449
1123447
8823377
6805357
6885557
6669999

1155709
1157749
1155744
8833744
6803332
6882222
6669999

4433309
4442339
5572222
5777786
5508886
1118666
1119999

8222209
8883279
1183377
1155376
1105376
4455666
4449999

1124409
1124439
1124337
8822377
6805357
6885557
6669999

1175509
1177549
1175544
2376844
2306888
2336668
2239999

8666309
8886339
1186237
1155237
1105277
4455227
4449999

6662209
8862119
3862117
3882117
3304477
5354447
5559999

8666309
8886339
1186732
1155732
1105772
4455722
4449999

8666709
8886779
1186732
1155732
1105332
4455322
4449999

1144409
1144339
1133322
8877772
6805752
6885552
6669999

1133309
1144339
1144422
8877772
6805752
6885552
6669999

2222709
3332779
1133788
1155786
1105886
4455666
4449999

2222709
2477779
4455588
4453586
1103886
1133666
1139999

1144409
1144889
1133862
3338862
5506662
5777722
5579999

1188309
1168339
1168832
6664432
5504442
5777722
5579999

1133309
1168339
1168882
6664482
5504442
5777722
5579999

1175509
1177549
1175544
8873344
6802333
6882222
6669999

1175509
1177539
1175533
8874443
6802443
6882222
6669999

1144409
1144339
1133355
8877775
6802755
6882222
6669999

1133309
1144339
1144455
8877775
6802755
6882222
6669999

1133309
1155339
1157777
8855744
6802444
6882222
6669999

4222209
4411239
4411337
8811377
6805357
6885557
6669999

6664409
6884449
6822227
8823557
1103577
1133557
1139999

4411709
4411779
2411788
2555786
2505886
2233666
3339999

6661109
8861179
3861172
3884772
3304472
5354422
5559999

4221109
4421139
4421133
8825553
6805753
6887777
6669999

5571109
5771149
5571144
2376844
2306888
2336668
2239999

5533309
5336669
5581167
8881167
8401177
4422227
4429999

7441109
7441139
7741133
7555883
6505283
6222288
6669999

6664409
8864479
3864772
3881172
3301172
5351122
5559999

5571109
5771139
5571133
8874443
6802443
6882222
6669999

5571109
5771149
5571144
8873344
6802333
6882222
6669999

6661109
2261139
2761133
2774883
2704483
5754488
5559999

