2666809
2688879
2687777
2255511
4450511
4433311
4339999

3222209
3355279
6357777
6355884
6660844
1118844
1119999

7111409
7111449
7738442
7338882
6350582
6355522
6669999

6111309
6111379
6663372
5553772
5450872
4488822
4489999

6664409
6344479
6388772
3385572
3880572
1115522
1119999

4433309
4488339
6482222
6882555
6660575
1117777
1119999

7222209
7288449
7738444
7338811
6350511
6355511
6669999

3222209
3266679
3367777
8365511
8880511
4485511
4449999

4411109
4411189
3428887
3328557
6320577
6322557
6669999

6222209
6277779
6667333
5553311
5450811
4488811
4489999

2311109
2311189
2338887
2238557
6660577
6444557
6449999

2311109
2311189
2338887
2238557
6440577
6444557
6669999

6668809
6228449
6288444
7255511
7250511
7733311
7339999

4433309
4472339
4772222
8875511
6870511
6885511
6669999

5533309
5224339
5524411
8824411
6820711
6887777
6669999

1133309
1188339
1182222
7882666
7550446
7754446
7559999

1133309
1188339
1182222
4882555
4460575
4467777
6669999

8222209
8883279
1183377
1155376
1150376
4455666
4449999

1166609
1165559
1165854
2388844
2380744
2337777
2239999

1166609
1165559
1165857
2388877
2380447
2334447
2239999

8666309
8886339
1186237
1155237
1150277
4455227
4449999

1166609
1163339
1168833
2444855
2440885
2777755
2279999

6664409
6884449
6833355
8822335
1120755
1127777
1129999

8666309
8886339
1186732
1155732
1150772
4455722
4449999

8666709
8886779
1186732
1155732
1150332
4455322
4449999

8777709
8887119
6585112
6555112
6660332
4433322
4449999

1133309
1188339
1184422
7884462
7550462
7756662
7559999

2222709
3332779
1133788
1155786
1150886
4455666
4449999

1134409
1134449
1133557
6663577
6880557
6822227
8829999

1133309
1144339
1144557
6664577
6880557
6822227
8829999

1133309
1144339
1144455
8822225
6820755
6887777
6669999

1144409
1144339
1133355
8822225
6820755
6887777
6669999

6222209
6277779
6667844
1188844
1180545
1133555
3339999

1133309
1188339
1186662
7885562
7740562
7445522
7449999

2777709
2376669
2336555
2236545
1130844
1188844
1189999

5533309
5882339
5582222
1188444
1160744
1167777
6669999

1133309
1122339
1127777
8825574
6820544
6885544
6669999

1133309
1122339
1124455
8824445
6820755
6887777
6669999

1133309
1122339
1128666
4428886
4420786
5457777
5559999

1166609
1122639
1128633
4428883
4420783
5457777
5559999

4421109
4421139
4721133
7722883
6750583
6755588
6669999

7551109
7751139
7551133
7444883
6440283
6222288
6669999

