4433309
4442339
1112666
1112886
5522086
5777788
5579999

4466609
4442639
1112633
1112883
5522083
5777788
5579999

1114409
1114449
2222666
3332886
5533086
5777788
5579999

1112209
1118279
3888277
3844276
3344076
5354666
5559999

4433309
4448339
6888755
6877775
6662055
1112222
1119999

6833309
6888339
6668755
4477775
4442055
1112222
1119999

3884409
3384449
6388755
6377775
6662055
1112222
1119999

2266609
2111639
2111633
2444883
5544083
5777788
5579999

2233309
2111339
2111666
2444886
5544086
5777788
5579999

8222209
8886249
5586447
5666447
5533077
1113337
1119999

6668809
6558449
6588444
2553311
2333011
2777711
2279999

5533309
5444339
5544666
2111886
2111086
2777788
2279999

6833309
6888339
6668555
2111545
2111044
2777744
2279999

1113709
1113779
4433722
4438762
4888062
5856662
5559999

5566609
5444639
5544633
2111883
2111083
2777788
2279999

6445509
6444539
6665533
2111883
2111083
2777788
2279999

5544609
5444639
5566633
2111883
2111083
2777788
2279999

6665509
6444539
6445533
2111883
2111083
2777788
2279999

1114409
1114449
8666322
8886332
5586032
5777732
5579999

6111409
6111449
6668442
3338882
5533082
5777722
5579999

6664409
6344479
6388772
3385572
3885072
1115522
1119999

1114409
1114439
2222433
2555883
6575083
6777788
6669999

2211109
2811149
2888447
2558447
6533077
6553337
6669999

6222209
6288449
6668444
3338811
5533011
5777711
5579999

3222209
3266679
3367777
8365511
8885011
4485511
4449999

3884409
3384449
6388722
6377772
6665052
1115552
1119999

3222209
3211179
3311177
5358876
5558076
4488666
4449999

4433309
4448339
6888722
6877772
6665052
1115552
1119999

6833309
6888339
6668722
4477772
4445052
1115552
1119999

8811109
3811179
3887777
3322666
4325056
4425556
4429999

3222209
3261119
3361117
8366677
8885057
4485557
4449999

4455209
4445239
6855233
6888223
6668073
1117777
1119999

5544209
5444239
5586233
8886223
8666073
1117777
1119999

6668209
6888239
6855233
4445223
4455073
1117777
1119999

8666209
8886239
5586233
5444223
5544073
1117777
1119999

4433309
4472339
4772222
8875511
6875011
6885511
6669999

2233309
2331119
2881117
2866677
8865057
4465557
4449999

8855509
2856549
2886447
2666447
2233077
1113337
1119999

5552209
5354279
3344277
3844276
3888076
1118666
1119999

5554409
5754449
7777666
2222886
2333086
1113388
1119999

2222809
2488879
4487777
4433666
3335056
1115556
1119999

2222809
2388879
3387777
3444666
3445056
1115556
1119999

6663309
6333889
6444811
7448811
7552011
7752222
7559999

7833309
7888339
7758511
7455511
4462011
4462222
6669999

7833309
7888339
7758511
7455511
6442011
6442222
6669999

2222309
4482339
4488837
5456837
5556077
1116667
1119999

6664409
1164439
1162433
1172883
5572083
5772288
5579999

1133309
1188339
1182222
7882666
7745056
7445556
7449999

4466609
4468839
4565833
2555883
2222073
1117777
1119999

4466609
4463339
4565833
2555888
2222078
1117777
1119999

6664409
1164439
1168433
1178883
5572083
5772222
5579999

1166609
1144639
1144633
2545883
2555083
2777788
2279999

1133309
1144339
1144666
2545886
2555086
2777788
2279999

1133309
1188339
1186555
2886545
2666044
2777744
2279999

2244409
2844119
2888117
2558117
6533077
6553337
6669999

4442209
4482119
8882117
8552117
6533077
6553337
6669999

5558809
5358119
3388117
3226117
3426077
4426667
4429999

1144409
1144889
1133822
3338862
7777062
5756662
5559999

1133309
1188339
1184422
7884462
7554062
7756662
7559999

5574409
5774439
5572433
1172883
1162083
1162288
6669999

5554409
5754449
7777322
1188332
1168032
1168832
6669999

1166609
1164449
1168442
3338882
5533082
5777722
5579999

5544409
5334479
5533372
1188772
1168072
1168822
6669999

5533309
5334479
5544472
1188772
1168072
1168822
6669999

4445509
4433579
3335572
1188772
1168072
1168822
6669999

1133309
1188339
1186662
7885562
7745062
7445522
7449999

3335509
4433579
4445572
1188772
1168072
1168822
6669999

6664409
6114439
6118433
7118883
7552083
7752222
7559999

1133309
1188339
1182222
7886662
7556044
7756444
7559999

6664409
6114439
6112433
7112883
7552083
7752288
7559999

3335509
2233579
2115577
2118876
2118076
4488666
4449999

5574409
5774439
5578433
1178883
1162083
1162222
6669999

1133309
1122339
1127777
8825574
6825044
6885544
6669999

7554409
7754439
7552433
7112883
6112083
6112288
6669999

1133309
1122339
1124447
8824477
6825057
6885557
6669999

6663309
6333559
6448857
4448557
1188077
1122227
1129999

7554409
7754439
7558433
7118883
6112083
6112222
6669999

5544209
5444239
5511233
8811223
6811073
6887777
6669999

6668209
6888239
6811233
4411223
4411073
5457777
5559999

6664409
6884449
6811322
8811332
5511032
5777732
5579999

2234409
2334449
2311666
2311886
5511086
5777788
5579999

2233309
2338449
2888444
2875556
1175056
1177666
1179999

6661109
6441139
6441133
2545883
2555083
2777788
2279999

2238809
2338449
2388444
2375556
1175056
1177666
1179999

7551109
7751139
7551133
7444883
6244083
6222288
6669999

2241109
2441139
2441133
2555883
6575083
6777788
6669999

