6664409
6884449
6087777
5588711
5222211
5533211
3339999

1114409
1114439
5054337
5558377
6888327
6822227
6669999

1117209
1117239
8077233
8887223
6585443
6555444
6669999

6664409
2264449
2063337
2833557
2888577
1118557
1119999

6664409
2264449
2068557
2888577
2833557
1113337
1119999

2833309
2888339
2048666
2244611
5544611
5777711
5579999

2111609
2111639
2066633
2244883
5544483
5777788
5579999

2111609
2111639
2066633
2285553
8885753
8447777
4449999

2111609
2111639
2066633
2274883
5574483
5774488
5579999

4455709
4445779
2055788
2111786
2111886
2233666
3339999

8666709
8886779
2086744
2111744
2111545
2233555
3339999

8666409
8886449
2086447
2111557
2111577
2233557
3339999

4466609
4463339
4068833
2111855
2111885
2777755
2279999

4433309
4488339
4082666
7882611
7552611
7752211
7559999

8777709
8887559
6083352
6333552
6664442
1114422
1119999

2344409
2334489
2038887
2238557
6111577
6111557
6669999

4411109
4411129
4022227
6663557
6883577
6833557
8839999

4411109
4411129
4022227
6668557
6888577
6833557
3339999

1118809
1118449
3088446
3777746
3372666
5352222
5559999

4433309
4455339
4057777
2255711
2666811
2688811
2689999

2233309
2331119
2081117
2488877
4465857
4465557
6669999

2233309
2331119
2081117
2488877
6445857
6445557
6669999

4433309
4488339
4081116
7881116
7552666
7752222
7559999

4433309
4488339
4086111
7886111
7556662
7752222
7559999

4466609
4465559
4065857
2388877
2381117
2331117
2239999

2833309
2888339
2058511
2255511
6444711
6447777
6669999

4433309
4488339
4082222
7882666
7551116
7751116
7559999

4433309
4488339
4082211
7882611
7552611
7752666
7559999

6663309
6333889
6055811
2258811
2455711
2447777
2449999

4433309
4447339
8077772
8882222
6585111
6555111
6669999

6664409
6554439
6058433
2558883
2222783
1117777
1119999

4466609
4465579
4065772
3335572
1133872
1188822
1189999

4433309
4488339
4082222
7886662
7556111
7756111
7559999

6663309
6333119
6088117
5558117
5458877
4422227
4429999

2222709
5552749
5057744
6668744
6888111
6833111
3339999

2222709
5552749
5057744
6663744
6883111
6833111
8839999

4466609
4465579
4065772
1185572
1188872
1133822
3339999

2833309
2888339
2058544
2255544
1166674
1167777
1169999

2222709
5552779
5054788
1144786
1144886
1133666
3339999

4466609
4465559
4065357
2288377
2118337
2118837
2119999

6663309
6333449
6084447
2288877
2115857
2115557
2119999

4433309
4455339
4057777
2255786
2118886
2118666
2119999

6664409
6884439
6084337
2288377
2115357
2115557
2119999

4466609
4468839
4068337
2288377
2115357
2115557
2119999

8222209
8885259
3085557
3311477
6311447
6311447
6669999

4433309
4488339
4081122
7881162
7551162
7756662
7559999

4433309
4488339
4086662
7881162
7551162
7751122
7559999

4455509
4453579
4033772
8831172
6831172
6881122
6669999

6661109
5561139
5061133
5522223
4488723
4487777
4889999

