2222709
1112749
1117744
6668744
6888505
6833555
3339999

2222709
1112749
1117744
6663744
6883505
6833555
8839999

2222809
2388879
3387777
3111655
3111605
4466655
4449999

7222209
7288449
7783444
7883355
6111305
6111355
6669999

1114409
1114439
8666432
8886332
5586302
5777722
5579999

8811109
6811179
6887777
6662222
3332505
4433555
4449999

8811109
6811179
6887777
6662222
4442505
4433555
3339999

1116309
1116339
8666432
8884432
5584402
5777722
5579999

1114409
1114449
3777782
3378882
6358502
6355522
6669999

1114409
1114449
8777732
8887332
6585302
6555322
6669999

8811109
3811179
3887777
3344455
6344205
6222255
6669999

1114409
1114449
3337777
2233755
2666805
2688855
2689999

1114409
1114449
7777666
2278655
2888605
2833355
2339999

1114409
1114449
7777333
2273355
2666805
2688855
2689999

4777709
4473339
4411133
2211155
2666805
2688855
2689999

8777709
8887449
6585444
6555333
6663302
1112222
1119999

2666809
2688879
2687777
2211155
4411105
4433355
4339999

2666809
2688879
2687777
2233455
3334405
1114455
1119999

7222209
7288449
7738444
7338855
6311105
6311155
6669999

6668809
6228449
6288444
7211155
7211105
7733355
7339999

4411109
4411179
4337777
2233355
2666805
2688855
2689999

5533309
5331119
5571112
7777882
6444802
6448822
6669999

4455209
4445239
6855233
6888223
6668703
1117777
1119999

5544209
5444239
5586233
8886223
8666703
1117777
1119999

6668209
6888239
6855233
4445223
4455703
1117777
1119999

8666209
8886239
5586233
5444223
5544703
1117777
1119999

5533309
5331119
5571118
7777888
6444802
6442222
6669999

4777709
4471119
4431112
8832222
6833505
6883555
6669999

2233309
2331119
2441117
2448877
6545807
6555887
6669999

8833309
7855339
7885111
7755111
7466602
4462222
4469999

5533309
5666339
5586111
8886111
8777702
4472222
4449999

5533309
5336669
5586111
8886111
8777702
4472222
4449999

7554409
7754449
7558111
7888111
6833302
6332222
6669999

2666709
2677779
2688111
2283111
4883505
4433555
4439999

2222709
2877779
3888111
3348111
6344505
6344555
6669999

4777709
4473339
4486233
8886255
8666205
1112255
1119999

1133309
1172339
1172222
8877455
6874405
6884455
6669999

1174409
1174449
1177666
2278655
2888605
2833355
2339999

1174409
1174449
1177333
2273355
2666805
2688855
2689999

8666409
8886449
5586447
5222277
5533207
1113337
1119999

1166609
1167449
1167444
2237755
2337805
2388855
2389999

6664409
1164449
1163332
1133882
7777802
5758822
5559999

1133309
1188339
1182244
7882644
7552604
7752666
7559999

6664409
1164449
1163338
1133888
7777802
5752222
5559999

1133309
1188339
1182222
7882666
7554406
7754446
7559999

4466609
4468839
4565833
2555883
2222703
1117777
1119999

1133309
1188339
1182666
7882655
7742605
7442255
7449999

4466609
4463339
4565833
2555888
2222708
1117777
1119999

1166609
1165559
1165857
2388877
2384407
2334447
2239999

7777409
5754469
5554462
3336662
1133802
1188822
1189999

4455509
4457569
4777762
3336662
1133802
1188822
1189999

4777709
4457569
4455562
3336662
1133802
1188822
1189999

7777409
5756449
5556442
3336662
1133802
1188822
1189999

5554409
5754469
7777462
3336662
1133802
1188822
1189999

7777409
6575449
6555442
6663332
1133802
1188822
1189999

7666409
7556449
7756442
7553332
1133802
1188822
1189999

8666309
8886339
1186732
1155732
1157702
4455722
4449999

1144409
1144559
1133522
3338552
6888702
6877772
6669999

6663309
6333119
6555112
7585112
7788802
7444822
7449999

4466609
4465559
8465752
8883772
1183702
1133722
1139999

7777409
6575449
6555442
6663882
1133802
1138822
1139999

7666409
7556449
7756442
7553882
1133802
1138822
1139999

5544409
5884479
5587777
1188333
1163302
1162222
6669999

7777409
6575449
6555448
6663888
1133802
1132222
1139999

7666409
7556449
7756448
7553888
1133802
1132222
1139999

1144409
1164439
1168832
6668332
5588302
5777722
5579999

1144409
1164489
1168882
6668332
5533302
5777722
5579999

4466609
4465559
8465257
8883277
1183207
1133227
1139999

7777409
5754439
5554432
1188332
1168302
1168822
6669999

4455509
4457539
4777732
1188332
1168302
1168822
6669999

4777709
4457539
4455532
1188332
1168302
1168822
6669999

5554409
5754439
7777432
1188332
1168302
1168822
6669999

1188309
1168339
1168832
6665532
7777502
4475522
4449999

1188309
1168339
1168832
6664432
5544402
5777722
5579999

7777409
5754469
5554462
1186662
1188802
1133822
3339999

4455509
4457569
4777762
1186662
1188802
1133822
3339999

1133309
1168339
1168882
6665582
7777502
4475522
4449999

4777709
4457569
4455562
1186662
1188802
1133822
3339999

1133309
1168339
1168882
6664482
5544402
5777722
5579999

7777409
5756449
5556442
1186662
1188802
1133822
3339999

5554409
5754469
7777462
1186662
1188802
1133822
3339999

1166609
1165559
1165752
3377772
4333802
4488822
4489999

1175509
1177569
1175562
3376662
4333802
4488822
4489999

1133309
1188339
1182222
7886662
7746505
7446555
7449999

7555409
7535449
7733448
7113888
6113802
6112222
6669999

1133309
1122339
1127777
8824755
6824405
6884455
6669999

1133309
1122339
1127444
8827744
6827505
6887555
6669999

3366609
8333649
8887644
2287744
2117505
2117555
2119999

7222209
7283339
7788833
7114855
6114405
6114455
6669999

7555309
7585339
7788832
7114832
6114402
6114422
6669999

7555409
7535449
7733442
7113882
6113802
6118822
6669999

2211409
2311449
2311447
2338877
6535807
6555887
6669999

6668709
6888749
6837744
2233744
2113505
2113555
2119999

4777709
4473339
4433666
2288655
2118605
2118855
2119999

4777709
4473339
4466633
2288655
2118605
2118855
2119999

6664409
6884439
6811432
8811332
5511302
5777722
5579999

5544209
5444239
5511233
8811223
6811703
6887777
6669999

6668209
6888239
6811233
4411223
4411703
5457777
5559999

4411309
4411339
8411732
8887732
6585702
6555722
6669999

4777709
4473339
4411233
8811255
6811205
6882255
6669999

4441109
4481169
8881162
8336662
5533302
5777722
5579999

7551109
7751169
7551162
7486662
4488802
4433822
3339999

7551109
7751139
7551132
7488332
4468302
4468822
6669999

7551109
7751139
7551132
7488332
6448302
6448822
6669999

4441109
4481139
8881132
8555332
6575302
6777722
6669999

6661109
4461139
4461132
7488332
7558302
7758822
7559999

6661109
6881139
6841132
8844332
5544302
5777722
5579999

6661109
6441139
6441132
7488332
7558302
7758822
7559999

7551109
7751169
7551162
7386662
3388802
3444822
3449999

5571109
5771169
5571162
3376662
4333802
4488822
4489999

2233309
2666339
2647777
2644755
1144805
1188855
1189999

2266609
2367449
2367444
2337755
1137805
1188855
1189999

3222209
3266679
3367777
8361155
8881105
4481155
4449999

4433309
4472339
4772222
8871155
6871105
6881155
6669999

