2222309
1112349
1113344
8853544
6855570
6887777
6669999

3335509
2233549
2685544
2688844
2666870
1117777
1119999

1116409
1116449
8666442
8882222
5583330
5777733
5579999

4433309
4488339
6482222
6885552
6665750
1117777
1119999

2222809
2388879
3387777
3111655
3111650
4466655
4449999

7222209
7288449
7783444
7883355
6111350
6111355
6669999

3222209
3266649
3388644
5358644
5558870
1117777
1119999

1116209
1116249
8666244
8882244
5583330
5777733
5579999

2611109
2611149
2666844
2288844
5583330
5777733
5579999

8666409
8886449
5586442
5332222
5533370
1117777
1119999

8811109
3811179
3887777
3344455
6344250
6222255
6669999

1114409
1114449
3337777
2233755
2666850
2688855
2689999

1114409
1114449
7777666
2278655
2888650
2833355
2339999

1114409
1114449
7777333
2273355
2666850
2688855
2689999

4777709
4473339
4411133
2211155
2666850
2688855
2689999

2666809
2688879
2687777
2211155
4411150
4433355
4339999

2666809
2688879
2687777
2233455
3334450
1114455
1119999

2666809
2688849
2685544
2233544
3335570
1117777
1119999

7222209
7288449
7738444
7338855
6311150
6311155
6669999

6668809
6228449
6288444
7211155
7211150
7733355
7339999

4411109
4411179
4337777
2233355
2666850
2688855
2689999

4466609
4461119
8461112
8882222
5583330
5777733
5579999

5533309
5331119
5581112
8882222
8466670
4467777
4469999

4433309
4455339
4752222
7755882
6711180
6711188
6669999

5533309
5666339
5586444
8886244
8222270
1117777
1119999

5533309
5336669
5586444
8886244
8222270
1117777
1119999

8855509
6853549
6883344
6662344
2222370
1117777
1119999

5533309
5332249
5586244
8886244
8666270
1117777
1119999

4777709
4473339
4486233
8886255
8666250
1112255
1119999

8666209
8886249
5586244
5332244
5533370
1117777
1119999

1133309
1172339
1172222
8877455
6874450
6884455
6669999

1174409
1174449
1177666
2278655
2888650
2833355
2339999

1174409
1174449
1177333
2273355
2666850
2688855
2689999

1166609
1167449
1167444
2237755
2337850
2388855
2389999

1133309
1188339
1182244
7882644
7552640
7752666
7559999

2222309
6662349
6883344
6853544
8855570
1117777
1119999

2233309
2666339
2886444
2856544
8855570
1117777
1119999

2233309
2336669
2886444
2856544
8855570
1117777
1119999

5558809
5358649
3388644
3266644
3222270
1117777
1119999

1133309
1188339
1182666
7882655
7742650
7442255
7449999

4222209
4435259
4435558
1133888
1163870
1167777
6669999

1133309
1188339
1182222
7886662
7556440
7756444
7559999

1133309
1188339
1182222
4885552
4465750
4467777
6669999

1133309
1122339
1125544
8825444
6825570
6887777
6669999

1133309
1122339
1126668
4426888
4426870
5457777
5559999

1133309
1122339
1127777
8824755
6824450
6884455
6669999

7222209
7283339
7788833
7114855
6114450
6114455
6669999

4777709
4473339
4433666
2288655
2118650
2118855
2119999

4777709
4473339
4466633
2288655
2118650
2118855
2119999

2222409
2666449
3611448
3611888
3311870
5357777
5559999

5533309
5332249
5511244
8811244
6811270
6887777
6669999

4777709
4473339
4411233
8811255
6811250
6882255
6669999

4222209
4465259
4465558
6663888
1133870
1137777
1139999

2233309
2666339
2647777
2644755
1144850
1188855
1189999

2266609
2367449
2367444
2337755
1137850
1188855
1189999

3222209
3266679
3367777
8361155
8881150
4481155
4449999

4433309
4472339
4772222
8871155
6871150
6881155
6669999

