3111709
3111779
3322788
5352786
5552886
0442666
4449999

3111709
3111779
3388722
5358762
5558862
0446662
4449999

7111609
7111639
7766633
7224883
5524483
0524488
5529999

1116709
1116779
8666722
8883742
5583442
0533442
5539999

1114409
1114439
8666437
8886337
5586377
0522227
5529999

1116309
1116339
8666437
8884437
5584477
0522227
5529999

8811109
6811179
6887777
6663444
5533442
0532222
5539999

8811109
6811179
6883772
6663372
5544372
0544322
5549999

2266609
2367449
2367444
2337711
5537811
0588811
5589999

2233309
2666339
2647777
2644711
5544811
0588811
5589999

5558809
5358449
3388444
3271116
3271116
0277666
2279999

2238809
2338449
2388444
2371116
5571116
0577666
5579999

2233309
2338449
2888444
2871116
5571116
0577666
5579999

2644409
2644889
2666811
2278811
5573311
0577333
5579999

8777709
8887449
3585444
3555111
3362111
0362222
6669999

2233309
2666339
2688111
2678111
5578844
0577444
5579999

3335509
1133579
1185577
1188876
2222876
0442666
4449999

8777709
8887119
3585112
3555112
3364442
0364422
6669999

1144409
1164489
1168887
6668337
5533377
0522227
5529999

1188309
1168339
1168837
6664437
5544477
0522227
5529999

1144409
1164439
1168837
6668337
5588377
0522227
5529999

1133309
1168339
1168887
6664487
5544477
0522227
5529999

1155509
1154579
1184477
8884476
8222276
0233666
3339999

1166609
1164479
1164472
3334772
5533872
0588822
5589999

1166609
1144679
1144672
3334772
5533872
0588822
5589999

2114409
2114449
2118666
2278886
5573386
0577333
5579999

1166609
1165579
1165772
4485572
4488872
0433822
3339999

2114409
2114449
2113666
2273886
5573386
0577388
5579999

3366609
4333679
4411672
4411772
5511872
0588822
5589999

6664409
6884439
6811437
8811337
5511377
0522227
5529999

4441109
4481139
8881137
8226337
5526377
0526667
5529999

6661109
6881139
6841137
8844337
5544377
0522227
5529999

4441109
4481169
8881167
8336667
5533377
0522227
5529999

2231109
2331179
2381177
2388876
5544876
0544666
5549999

5551109
5351179
3381177
3288876
3244876
0244666
2249999

