4466609
4463339
4565233
7555211
7788211
7082211
7889999

4777709
4473339
4486233
8886211
8666211
5052211
5559999

6663309
6333559
6111522
7111552
7788442
7084442
7889999

2666809
2688879
2687777
2233411
3334411
5054411
5559999

4455709
4445779
2255788
2111786
2111886
2033666
3339999

8666709
8886779
2286744
2111744
2111545
2033555
3339999

8666409
8886449
2286447
2111557
2111577
2033557
3339999

2111309
2111349
2553344
2253844
6557888
6077778
6669999

2111709
2111779
2666744
2286744
8886545
8033555
3339999

2111409
2111449
2666447
2286557
8886577
8033557
3339999

5554409
5754449
7777666
2388611
2338611
2038811
2239999

4433309
4455339
4657777
2655711
2666811
2088811
2289999

7111609
7111639
7766633
7224883
5524483
5024488
5529999

1116709
1116779
8666722
8883742
5583442
5033442
5539999

2222809
2388879
3387777
3111666
3111446
5054446
5559999

1114409
1114439
8666437
8886337
5586377
5022227
5529999

1116309
1116339
8666437
8884437
5584477
5022227
5529999

2211109
2811179
2888377
2448376
4443376
5053666
5559999

2211109
2811139
2888337
2448377
6445357
6045557
6669999

2311109
2311189
2338887
2238557
6444577
6044557
6669999

8811109
6811179
6887777
6663444
5533442
5032222
5539999

1114409
1114449
3337777
2233786
2558886
2058666
2559999

1114409
1114449
7777333
2273386
2558886
2058666
2559999

1114409
1114449
7777388
2273386
2553886
2053666
2559999

6668309
6888339
6811137
2211137
2554477
2054447
2559999

4777709
4473339
4411133
2211186
2558886
2058666
2559999

8811109
6811179
6883772
6663372
5544372
5044322
5549999

7555409
7535449
7738442
7338882
6311182
6011122
6669999

4777709
4473339
4466633
2288611
2558611
2058811
2559999

4777709
4473339
4433666
2288611
2558611
2058811
2559999

4411109
4411179
4337777
2233386
2558886
2058666
2559999

4411109
4411179
4557777
2258666
2558886
2033386
2339999

2266609
2367449
2367444
2337711
5537811
5088811
5589999

7554409
7754449
7558322
7888332
6811132
6011132
6669999

2233309
2666339
2647777
2644711
5544811
5088811
5589999

3777709
3371119
6381114
6388844
6662844
5052222
5559999

6663309
6333889
6444811
2448811
2222711
5057777
5559999

2777709
2575449
2555444
2281116
8881116
8033666
3339999

2554409
2544479
2557777
2281116
8881116
8033666
3339999

6833309
6888339
6668111
2222111
2777744
5057444
5559999

3884409
3384449
6388722
6377772
6661112
5051112
5559999

2222709
2377779
3344411
3844611
3888611
5058666
5559999

4433309
4448339
6888722
6877772
6661112
5051112
5559999

6833309
6888339
6668722
4477772
4441112
5051112
5559999

8777709
8887559
4483522
4433552
6431112
6031112
6669999

6833309
6888339
6668111
4447111
4477772
5052222
5559999

5544409
5884479
5587777
2388666
2331116
2031116
2239999

2238809
2338449
2388444
2371116
5571116
5077666
5579999

2233309
2338449
2888444
2871116
5571116
5077666
5579999

2644409
2644889
2666811
2278811
5573311
5077333
5579999

2222809
2388879
3387777
3444666
3441116
5051116
5559999

2222809
2488879
4487777
4433666
3331116
5051116
5559999

2233309
2666339
2688111
2678111
5578844
5077444
5579999

1166609
1163339
1167833
2277888
2557448
2057444
2559999

1144409
1144839
1188837
2286337
2556377
2056667
2559999

1144709
1144779
1134788
2233786
2553886
2053666
2559999

1188309
1168339
1168837
2266637
2554477
2054447
2559999

1166609
1168839
1167833
2277883
2557443
2057444
2559999

1174409
1174449
1177333
2273386
2558886
2058666
2559999

1133309
1168339
1168887
2266687
2554477
2054447
2559999

1174409
1174449
1177388
2273386
2553886
2053666
2559999

3777709
3374449
6384411
6388811
6662811
5052222
5559999

8222209
8883279
1183377
1144376
1144376
5054666
5559999

1175509
1177549
1175544
2376844
2336888
2036668
2239999

4777709
4476669
4486112
8886112
8333112
5053322
5559999

8666309
8886339
1186237
1144237
1144277
5054227
5559999

8666209
8886239
1186233
1144223
1144473
5057777
5559999

1166609
1163339
1168733
2888755
2844775
2044755
2249999

4422709
4442779
1132788
1132786
1133886
5053666
5559999

8666309
8886339
1186732
1144732
1144772
5054722
5559999

8666709
8886779
1186732
1144732
1144332
5054322
5559999

2222709
3332779
1133788
1144786
1144886
5054666
5559999

1144409
1164489
1168887
6668337
5533377
5022227
5529999

1188309
1168339
1168837
6664437
5544477
5022227
5529999

1144409
1164439
1168837
6668337
5588377
5022227
5529999

1133309
1168339
1168887
6664487
5544477
5022227
5529999

6668709
6888749
6837744
2233744
2553111
2053111
2559999

1144409
1164489
1168887
6668557
2222577
2033557
3339999

3366609
8333649
8887644
2287744
2557111
2057111
2559999

1166609
1164479
1164472
3334772
5533872
5088822
5589999

1166609
1144679
1144672
3334772
5533872
5088822
5589999

2114409
2114449
2118666
2278886
5573386
5077333
5579999

1166609
1165579
1165772
4485572
4488872
4033822
3339999

2114409
2114449
2113666
2273886
5573386
5077388
5579999

2114409
2114449
2117777
2285756
8885556
8033666
3339999

2114409
2114449
2116667
2286557
8886577
8033557
3339999

2114409
2114449
2117777
2233786
3338886
5058666
5559999

6664409
6114439
6118433
2118883
2222783
5057777
5559999

3366609
4333679
4411672
4411772
5511872
5088822
5589999

6664409
6884439
6811437
8811337
5511377
5022227
5529999

5551109
5451179
4481177
4488876
2222876
2033666
3339999

7222209
7735259
7335558
7311888
6311844
6011444
6669999

5571109
5771149
5571144
2376844
2336888
2036668
2239999

2554409
2544479
2551177
2281176
8881176
8033666
3339999

4441109
4481139
8881137
8226337
5526377
5026667
5529999

6661109
6881139
6841137
8844337
5544377
5022227
5529999

6664409
6344479
6388772
3381172
3881172
5051122
5559999

4441109
4481169
8881167
8336667
5533377
5022227
5529999

7551109
7751149
7551144
7326844
3326888
3026668
3229999

4441109
4481139
8881137
8555337
6525377
6022227
6669999

2231109
2331179
2381177
2388876
5544876
5044666
5549999

4441109
8441139
8881137
2286337
2556377
2056667
2559999

