4433309
4442339
1112222
1118555
6888575
6807777
6669999

3111709
3111779
3322788
5352786
5552886
4402666
4449999

3111709
3111779
3388722
5358762
5558862
4406662
4449999

1114409
1114449
3882222
3382555
6388575
6307777
6669999

2211109
2811139
2888337
2448377
6445357
6405557
6669999

1114409
1114479
3884772
3385572
6388572
6305522
6669999

7222209
7288449
7783444
7883311
6555311
6505311
6669999

2311109
2311189
2338887
2238477
6555447
6505447
6669999

2311109
2311179
2337777
2238844
6555844
6505884
6669999

1112209
1112449
3882444
3382555
6388575
6307777
6669999

1114409
1114449
3337777
2233786
2558886
2508666
2559999

1114409
1114449
7777333
2273386
2558886
2508666
2559999

6668309
6888339
6811137
2211137
2554477
2504447
2559999

1114409
1114449
7777388
2273386
2553886
2503666
2559999

4777709
4473339
4411133
2211186
2558886
2508666
2559999

4777709
4473339
4466633
2288611
2558611
2508811
2559999

4777709
4473339
4433666
2288611
2558611
2508811
2559999

4411109
4411179
4337777
2233386
2558886
2508666
2559999

1166609
1163339
1167833
2277888
2557448
2507444
2559999

1144409
1144839
1188837
2286337
2556377
2506667
2559999

1144709
1144779
1134788
2233786
2553886
2503666
2559999

1188309
1168339
1168837
2266637
2554477
2504447
2559999

1166609
1168839
1167833
2277883
2557443
2507444
2559999

1174409
1174449
1177333
2273386
2558886
2508666
2559999

1133309
1168339
1168887
2266687
2554477
2504447
2559999

1174409
1174449
1177388
2273386
2553886
2503666
2559999

2234409
2334449
2355511
2358511
6888711
6807777
6669999

3335509
1133579
1185577
1188876
2222876
4402666
4449999

6668709
6888749
6837744
2233744
2553111
2503111
2559999

3366609
8333649
8887644
2287744
2557111
2507111
2559999

4441109
8441139
8881137
2286337
2556377
2506667
2559999

