1113709
1113779
2233788
2535786
2555886
2440666
4449999

1112209
1118279
3888277
3844276
3344476
5350666
5559999

4466609
4463339
4862233
7888211
7558211
7750211
7559999

2222709
2111779
3111788
3444786
3344886
5350666
5559999

8222209
8883279
5583377
5444376
5544376
1110666
1119999

8222209
8886249
5586447
5666447
5533377
1110337
1119999

8222209
8884279
5584477
5334476
5533376
1110666
1119999

5558809
5358279
3388277
3444276
3442276
1110666
1119999

5558809
5458279
4488277
4433276
3332276
1110666
1119999

7111409
7111449
7738442
7338882
6355582
6350522
6669999

8666709
8886779
5586732
5444732
5544332
1110322
1119999

4455709
4445779
6855732
6888732
6668332
1110322
1119999

5544709
5444779
5586732
8886732
8666332
1110322
1119999

6668709
6888779
6855732
4445732
4455332
1110322
1119999

6111309
6111379
6663372
4483772
4488872
5450822
5559999

8666309
8886339
5586732
5444732
5544772
1110722
1119999

4455309
4445339
6855732
6888732
6668772
1110722
1119999

5544309
5444339
5586732
8886732
8666772
1110722
1119999

6668309
6888339
6855732
4445732
4455772
1110722
1119999

7222209
7283339
7788833
7445856
4445556
1110666
1119999

2211109
2811149
2888447
2558447
6533377
6550337
6669999

7222209
7288449
7738444
7338811
6355511
6350511
6669999

2234409
2334449
2311188
2311186
7777886
5750666
5559999

6222209
6277779
6667333
4483311
4488811
5450811
5559999

1112709
1112779
6662744
6322744
6388545
3380555
3889999

1112409
1112449
6662447
6322557
6388577
3380557
3889999

2311109
2311189
2338884
2238644
7777644
5750666
5559999

2311109
2311189
2338887
2238557
6444577
6440557
6669999

6664409
6884449
6811132
8811132
7777332
5750322
5559999

5544309
5444339
5511132
8811132
6877772
6880722
6669999

6668309
6888339
6811132
4411132
4477772
5450722
5559999

8811109
3811179
3885577
3322576
4325576
4420666
4429999

8666309
8886339
5586237
5444237
5544277
1110227
1119999

4455309
4445339
6855237
6888237
6668277
1110227
1119999

5544309
5444339
5586237
8886237
8666277
1110227
1119999

6668309
6888339
6855237
4445237
4455277
1110227
1119999

2233309
2338449
2888444
2866611
7777611
5750611
5559999

2238809
2338449
2388444
2366611
7777611
5750611
5559999

8855509
2854579
2884477
2334476
2233376
1110666
1119999

8855509
2853579
2883377
2444376
2244376
1110666
1119999

8855509
2856549
2886447
2666447
2233377
1110337
1119999

2222809
2388879
3387777
3441116
3441116
5450666
5559999

6664409
8864449
3861112
3881112
3377772
5350722
5559999

5544309
5444379
5583377
8883276
8222276
1110666
1119999

5533309
5334479
5584477
8884276
8222276
1110666
1119999

6668709
6888779
6833744
3332744
2222545
1110555
1119999

5544709
5444779
5533788
3332786
2222886
1110666
1119999

6668409
6888449
6833447
3332557
2222577
1110557
1119999

5553709
5453779
4433788
4432786
2222886
1110666
1119999

6663709
6883779
6833744
8832744
2222545
1110555
1119999

6663409
6883449
6833447
8832557
2222577
1110557
1119999

3332209
4433279
4488277
5458276
5558876
1110666
1119999

2222709
2477779
3448811
3448611
3388611
5350666
5559999

3442209
3444279
3388277
5358276
5558876
1110666
1119999

6222209
6277779
6667811
4488811
4483311
5450333
5559999

2238809
2338449
2388444
2371116
5571116
5770666
5579999

2233309
2338449
2888444
2871116
5571116
5770666
5579999

2777709
2575889
2555811
2248811
6443311
6440333
6669999

2644409
2644889
2666811
2278811
5573311
5770333
5579999

5574409
5774449
5578811
2378611
2388611
2330666
2239999

2222709
2333779
3386744
8886744
8666545
1110555
1119999

2222409
2333449
3386447
8886557
8666577
1110557
1119999

2222709
2333779
3355788
4445786
4455886
1110666
1119999

2222809
2488879
4485577
4433576
3335576
1110666
1119999

2222709
2344779
3344788
3545786
3555886
1110666
1119999

2222409
2388449
3386447
3886557
3666577
1110557
1119999

2222809
2388879
3385577
3444576
3445576
1110666
1119999

2222709
2388779
3386744
3886744
3666545
1110555
1119999

2233309
2666339
2688111
2678111
5578844
5770444
5579999

5533309
5227339
5527444
8827744
6827111
6880111
6669999

5533309
5227339
5527744
8827444
6827111
6880111
6669999

1133309
1162339
1162222
6667777
4488575
4480555
4889999

1133309
1162339
1162222
6668844
7777844
5750884
5559999

2222709
6662779
6555711
6585711
8883311
8440333
4449999

2366609
2388649
2338644
2238844
7777111
5750111
5559999

2866609
2888649
2338644
2233344
7777111
5750111
5559999

5558809
5758349
2788344
2773344
2763111
2260111
6669999

1124409
1124449
1128666
7228886
7553386
7750333
7559999

2222709
3332779
6833744
6888744
6668545
1110555
1119999

1124409
1124449
1123666
7223886
7553386
7750388
7559999

2222409
3332449
6833447
6888557
6668577
1110557
1119999

2222709
3332779
5533788
5444786
5544886
1110666
1119999

2222709
8832779
6833744
6883744
6663545
1110555
1119999

2222409
8832449
6833447
6883557
6663577
1110557
1119999

2222709
4432779
4433788
5453786
5553886
1110666
1119999

6663409
6883449
6833442
8832222
7777111
5750111
5559999

6668409
6888449
6833442
3332222
7777111
5750111
5559999

1133309
1188339
1182222
7882666
7554446
7750446
7559999

1133309
1188339
1182222
7882446
7554446
7750666
7559999

2244309
2444379
2883377
2853576
8855576
1110666
1119999

1166609
1163339
1162833
2222888
7777448
5750444
5559999

1166609
1163339
1162733
2222755
4488775
4480755
4889999

1166609
1168839
1162833
2222883
7777443
5750444
5559999

3332209
6833249
6888244
6668244
7777111
5750111
5559999

2233309
2334479
2884477
2854576
8855576
1110666
1119999

8832209
6833249
6883244
6663244
7777111
5750111
5559999

3335509
1133579
1185577
1188876
2222876
2440666
4449999

6664409
6334449
6833322
7888112
7558112
7750112
7559999

5552209
5357249
3377244
3887244
3867111
8860111
6669999

3445509
3444579
3385577
2388876
2222876
1110666
1119999

3666709
3886779
3386744
2388744
2222545
1110555
1119999

3555709
3545779
3344788
2344786
2222886
1110666
1119999

3666409
3886449
3386447
2388557
2222577
1110557
1119999

5533309
5334449
5574488
2777786
2222886
1110666
1119999

3335509
4433579
4485577
2488876
2222876
1110666
1119999

4455709
4445779
3355788
2333786
2222886
1110666
1119999

8666409
8886449
3386447
2333557
2222577
1110557
1119999

8666709
8886779
3386744
2333744
2222545
1110555
1119999

1166609
1165559
1165857
2388877
2384447
2330447
2239999

2244409
2844119
2888117
2558117
6533377
6550337
6669999

1133309
1188339
1187777
2885756
2445556
2440666
2249999

1133309
1188339
1186667
2886557
2446577
2440557
2249999

4442209
4482119
8882117
8552117
6533377
6550337
6669999

6668209
6888249
6833244
3332244
7777111
5750111
5559999

6663209
6883249
6833244
8832244
7777111
5750111
5559999

5574409
5774449
5572222
8873332
6833111
6880111
6669999

5533309
5334119
5544112
8844112
6877772
6880722
6669999

2222709
2477779
4455588
4453586
1133886
1130666
1139999

2114409
2114449
2118666
2278886
5573386
5770333
5579999

2238809
2338649
2388644
2366644
7777111
5750111
5559999

2233309
2338649
2888644
2866644
7777111
5750111
5559999

1188309
1168339
1168832
4466632
4477772
5450722
5559999

1144309
1144339
1154532
8855532
6877772
6880722
6669999

2114409
2114449
2113666
2273886
5573386
5770388
5579999

1133309
1155339
1154442
8855442
6877772
6880722
6669999

1133309
1188339
1186662
7886442
7556442
7750422
7559999

1133309
1168339
1168882
4466682
4477772
5450722
5559999

1133309
1188339
1186662
7884462
7554462
7750422
7559999

1155509
1153579
1133772
8834472
6834472
6880422
6669999

7554409
7754449
7558666
7228886
1123386
1120333
1129999

2233309
2114339
2114488
2114486
7777886
5750666
5559999

7554409
7754449
7553666
7223886
1123386
1120388
1129999

5574409
5774449
5573666
2273886
2113386
2110388
2119999

6664409
6884449
6822227
8823557
1133577
1130557
1139999

5574409
5774449
5578666
2278886
2113386
2110333
2119999

5544309
5444339
5511732
8811732
6811772
6880722
6669999

6668309
6888339
6811732
4411732
4411772
5450722
5559999

6668709
6888779
6811732
4411732
4411332
5450322
5559999

5544709
5444779
5511732
8811732
6811332
6880322
6669999

2222709
2333779
3311788
4411786
4411886
5450666
5559999

2222409
2333449
3311447
8811557
6811577
6880557
6669999

2222709
2333779
3311744
8811744
6811545
6880555
6669999

5544309
5444339
5511237
8811237
6811277
6880227
6669999

6668309
6888339
6811237
4411237
4411277
5450227
5559999

6668709
6888779
6811744
2311744
2311545
2330555
2239999

6668409
6888449
6811447
2311557
2311577
2330557
2239999

5544709
5444779
5511788
2311786
2311886
2330666
2239999

4421109
4421139
4721133
7722883
6755583
6750588
6669999

2222809
2388879
3381177
3441176
3441176
5450666
5559999

6661109
6881139
6821133
8822223
7777443
5750444
5559999

