1118809
1118449
2288444
2666755
2677775
2633055
3339999

1114409
1114449
2222666
5572886
5777786
5533088
3339999

1114409
1114449
2555666
2575886
2777786
2233088
3339999

6664409
2264439
2565433
2555883
2777783
1117088
1119999

6663309
6333449
6111442
7111482
7558882
7758022
7559999

5544309
5444339
5578832
7777832
6111882
6111022
6669999

7777309
4755339
4458832
4455832
6111882
6111022
6669999

6111409
6111449
6668442
5578882
5777782
5533022
3339999

5533309
5336669
5586442
8886442
8777742
1117022
1119999

1114409
1114449
6662222
6882755
6877775
8833055
3339999

4433309
4488339
6487552
6887752
6667552
1117022
1119999

5533309
5666339
5586442
8886442
8777742
1117022
1119999

2222809
2488879
4487777
4433355
6111335
6111055
6669999

1114409
1114449
6665552
6885752
6877772
8833022
3339999

1116409
1116449
3666442
3777782
3378882
5358022
5559999

6222209
6288449
6668444
5578811
5777711
5533011
3339999

4411109
4411139
4725533
7725883
6725583
6722088
6669999

3884409
3384449
6388722
6377772
6665552
1115052
1119999

5533309
5334449
5584422
8886662
8777762
1117062
1119999

4433309
4448339
6888722
6877772
6665552
1115052
1119999

6833309
6888339
6668722
4477772
4445552
1115052
1119999

1112209
1112449
6662444
6882755
6877775
8833055
3339999

5544309
5444339
5511132
8811132
6877772
6887022
6669999

6668309
6888339
6811132
4411132
4477772
5457022
5559999

8811109
6811179
6885572
6665772
4445572
4433022
3339999

8811109
6811179
6885572
6665772
3335572
4433022
4449999

8811109
3811179
3887777
3322666
4325556
4425056
4429999

4466609
4461119
3461112
3777782
3378882
5358022
5559999

5533309
5331119
5571112
4777782
4468882
4468022
6669999

3222209
3261119
3361117
8366677
8885557
4485057
4449999

2233309
2331119
2881117
2866677
8865557
4465057
4449999

6664409
8864449
3861112
3881112
3377772
5357022
5559999

5566609
5444639
5544633
2222883
2777783
1117088
1119999

6445509
6444539
6665533
2222883
2777783
1117088
1119999

5544609
5444639
5566633
2222883
2777783
1117088
1119999

6665509
6444539
6445533
2222883
2777783
1117088
1119999

6833309
6888339
6668555
2222545
2777744
1117044
1119999

5533309
5444339
5544666
2222886
2777786
1117088
1119999

2222809
2488879
4487777
4433666
3335556
1115056
1119999

2222809
2388879
3387777
3444666
3445556
1115056
1119999

4466609
4463339
4768833
7777855
2222885
1112055
1119999

1133309
1188339
1182222
7882666
7745556
7445056
7449999

5554409
5754449
7777112
6663112
6883112
6833022
8839999

6664409
8864449
3867112
3887112
3377112
5357022
5559999

5554409
5754449
7777112
6668112
6888112
6833022
3339999

5533309
5336669
5578862
7777862
1144882
1144022
1149999

8855509
6853579
6883772
6663372
1144372
1144022
1149999

5533309
5334119
5544112
8844112
6877772
6887022
6669999

8777709
8887119
6585112
6555112
6663332
4433022
4449999

6668809
6558119
6588112
4557112
4477772
4433022
3339999

5544409
5224479
5527777
1128666
1128886
1133086
3339999

1166609
1164449
1168442
5578882
5777782
5533022
3339999

1144309
1144339
1148832
7777832
6575882
6555022
6669999

1144309
1144339
1148832
7666832
7556882
7756022
7559999

1188309
1168339
1168832
4466632
4477772
5457022
5559999

1144309
1144339
1154532
8855532
6877772
6887022
6669999

5554409
5754449
7777862
1188862
1186662
1133022
3339999

1133309
1155339
1154442
8855442
6877772
6887022
6669999

6664409
6844479
6888772
1158572
1155572
1133022
3339999

1133309
1188339
1186662
7884462
7554462
7754022
7559999

1133309
1188339
1187552
4887752
4467552
4467022
6669999

1133309
1168339
1168882
4466682
4477772
5457022
5559999

1155509
1153579
1133772
8834472
6834472
6884022
6669999

5554409
5754449
7777332
1133382
1168882
1168022
6669999

1144409
1124479
1127777
5528666
5228886
5533086
3339999

2666809
2688879
2687777
2233355
1144335
1144055
1149999

5544409
5884479
5587777
1188666
1122226
1133026
3339999

1133309
1188339
1182222
7886662
7556444
7756044
7559999

1133309
1122339
1127666
4427886
4427786
5457088
5559999

1133309
1122339
1124447
8824477
6825557
6885057
6669999

1133309
1122339
1127555
8827545
6827744
6887044
6669999

1166609
1122639
1127633
4427883
4427783
5457088
5559999

2233309
2666339
2688555
2678545
1178844
1177044
1179999

