2222709
1112749
1117744
6668744
6888555
6833505
3339999

2222709
1112749
1117744
6663744
6883555
6833505
8839999

2233309
2111339
2111557
2488577
4468557
4468807
6669999

2233309
2111339
2111557
2488577
6448557
6448807
6669999

2233309
2111339
2111444
2555844
6575888
6777708
6669999

2111309
2111349
2553344
2253844
6557888
6777708
6669999

1116709
1116779
8666722
8885752
4485552
4433302
4339999

1118809
1118559
4488522
4433552
6473332
6777702
6669999

3222209
3286669
3388867
5354867
5554477
1114407
1119999

8811109
6811179
6887777
6662222
3332555
4433505
4449999

8811109
6811179
6887777
6662222
4442555
4433505
3339999

8666309
8886339
5586237
5222237
5544477
1114407
1119999

5544309
5444339
5511137
2211137
2666877
2688807
2689999

6668309
6888339
6811137
2211137
2554477
2544407
2559999

5533309
5331119
5521117
8822227
6844477
6884407
6669999

8666309
8886339
5586237
5222237
5511177
4411107
4449999

4433309
4488339
6482557
6882577
6662557
1112207
1119999

4411109
4411189
5458887
5558337
6233377
6222207
6669999

4411109
4411139
5458837
5558337
6288377
6222207
6669999

3366609
7333649
7552644
7752844
7552888
1112208
1119999

4777709
4471119
4431112
8832222
6833555
6883505
6669999

2666709
2677779
2688111
2283111
4883555
4433505
4439999

2222709
2877779
3888111
3348111
6344555
6344505
6669999

8666309
8886339
5586237
5444237
5544277
1112207
1119999

5544309
5444339
5586237
8886237
8666277
1112207
1119999

6668309
6888339
6855237
4445237
4455277
1112207
1119999

4455309
4445339
6855237
6888237
6668277
1112207
1119999

5554409
5354449
3322227
3866627
3888677
1118607
1119999

1144309
1144339
1154537
2255537
2666877
2688807
2689999

1188309
1168339
1168837
2266637
2554477
2544407
2559999

1133309
1155339
1154447
2255447
2666877
2688807
2689999

1133309
1168339
1168887
2266687
2554477
2544407
2559999

1133309
1155339
1157777
2255744
2666844
2688804
2689999

1133309
1188339
1182222
7882666
7554446
7754406
7559999

1133309
1188339
1182557
4882577
4462557
4462207
6669999

1133309
1188339
1182666
7882644
7552644
7752204
7559999

1166609
1165559
1165857
2388877
2384447
2334407
2239999

4222209
4435259
4435557
1133887
1163877
1168807
6669999

6662209
8862119
3862117
3882117
3344477
5354407
5559999

4433309
4442339
2222557
1188577
1168557
1168807
6669999

6222209
6255119
6665117
3355117
4333877
4488807
4489999

5533309
5334119
5544117
2244117
2666877
2688807
2689999

1133309
1168339
1168887
6665587
2222577
2445507
4449999

1188309
1168339
1168837
6665537
2222577
2445507
4449999

1133309
1162339
1162444
6662844
5522888
5777708
5579999

2666709
2677779
2655333
2253344
1155844
1188804
1189999

1133309
1188339
1182222
7886662
7746555
7446505
7449999

1144409
1144869
1188867
5586667
5222277
5533207
3339999

1166609
1168849
1168447
5588447
5222277
5533207
3339999

2233309
2118339
2118887
2115587
6444577
6445507
6669999

2288309
2118339
2118837
2115537
6444577
6445507
6669999

1133309
1122339
1125557
8825457
6824477
6884407
6669999

1133309
1122339
1126667
4426887
4426877
5458807
5559999

1133309
1122339
1127444
8827744
6827555
6887505
6669999

3366609
8333649
8887644
2287744
2117555
2117505
2119999

1133309
1188339
1185557
2885657
2222677
4466607
4449999

5544309
5444339
5566637
2288637
2118677
2118807
2119999

6668309
6888339
6855537
2254537
2114477
2114407
2119999

6668709
6888749
6837744
2233744
2113555
2113505
2119999

5566609
5444639
5544637
2288337
2118377
2118807
2119999

6445509
6444539
6665537
2288337
2118377
2118807
2119999

5544609
5444639
5566637
2288337
2118377
2118807
2119999

6665509
6444539
6445537
2288337
2118377
2118807
2119999

2222409
2666449
3611447
3611887
3311877
5358807
5559999

6668309
6888339
6811237
4411237
4411277
5452207
5559999

5544309
5444339
5511237
8811237
6811277
6882207
6669999

4222209
4465259
4465557
6663337
1133877
1188807
1189999

4222209
4465259
4465557
6663887
1133877
1138807
1139999

2233309
2666339
2611444
2611844
5511888
5777708
5579999

2233309
2666339
2655447
2654447
1155877
1188807
1189999

2234409
2334469
2355467
2356667
1155877
1188807
1189999

5554409
5354449
3322227
3881127
3861177
8861107
6669999

4441109
8441169
8881167
5586667
5222277
5533207
3339999

