2222409
2666449
1116443
1116883
7777833
5758830
5559999

2222409
2666449
1116448
1116888
7777833
5753330
5559999

2222409
6662449
6111443
6111883
7777833
5758830
5559999

2222409
6662449
6111448
6111888
7777833
5753330
5559999

7222209
7755249
7885644
7855644
8866633
1113330
1119999

7222209
7755249
7885644
7855644
8833666
1113330
1119999

7222209
7755249
7885446
7855446
8833666
1113330
1119999

2111409
2111449
2666443
2276883
5576833
5778830
5579999

2111409
2111449
2666448
2276888
5576833
5773330
5579999

2233309
2557339
2577774
2558844
6111844
6111880
6669999

6111409
6111449
6662443
2222883
7777833
5758830
5559999

6111409
6111449
6662448
2222888
7777833
5753330
5559999

8777709
8887249
6585244
6555244
6662233
1113330
1119999

7555309
7585339
7788836
7111836
4111666
4422220
4429999

2211109
2711149
2775544
2788544
6785533
6883330
6669999

8811109
7811139
7884433
7744463
7222263
5256660
5559999

6664409
6884449
6822223
8811123
5511133
5777730
5579999

1116409
1116449
2666448
2222888
7777833
5753330
5559999

1116409
1116449
2666443
2222883
7777833
5758830
5559999

8811109
6811139
6884433
6664443
5522223
5777720
5579999

8811109
7811139
7885533
7722563
7425563
4426660
4429999

2777709
2371119
2331114
2238844
6535844
6555880
6669999

7777809
2788849
2585644
2555644
2266633
1113330
1119999

4466609
4461119
2461113
2222883
7777833
5758830
5559999

4466609
4461119
2461118
2222888
7777833
5753330
5559999

7777809
2788849
2585644
2555644
2233666
1113330
1119999

7777809
2788849
2585446
2555446
2233666
1113330
1119999

5574409
5774449
5571113
2271113
2666833
2688830
2689999

8866609
7855649
7885644
7755244
7222233
1113330
1119999

7777409
6575449
6555443
6662883
2222833
1118830
1119999

7666409
7556449
7756443
7552883
2222833
1118830
1119999

8666709
8886779
5586711
5333711
5523311
4422220
4449999

7777409
6575449
6555448
6662888
2222833
1113330
1119999

7666409
7556449
7756448
7552888
2222833
1113330
1119999

7777409
5754439
5554433
8822223
6821113
6881110
6669999

4455509
4457539
4777733
8822223
6821113
6881110
6669999

4777709
4457539
4455533
8822223
6821113
6881110
6669999

5554409
5754439
7777433
8822223
6821113
6881110
6669999

4777709
4476669
4486111
8886111
8222233
5253330
5559999

7777409
5754439
5554433
6661113
6881113
6822220
8829999

4455509
4457539
4777733
6661113
6881113
6822220
8829999

4777709
4457539
4455533
6661113
6881113
6822220
8829999

5554409
5754439
7777433
6661113
6881113
6822220
8829999

6662209
6555249
6585244
8887244
8777733
1113330
1119999

6833309
6888339
6668244
7222244
7551114
7751110
7559999

8833309
7855339
7885611
7755611
7466611
4422220
4429999

2666809
2688839
2684433
2274443
5571113
5771110
5579999

5554409
5754449
2788111
2778111
2768833
2263330
6669999

6833309
6888339
6668211
7222211
7554411
7754440
7559999

2777709
2374449
2334411
2238811
6535811
6555880
6669999

7777209
5756239
5556233
8666223
8881113
4481110
4449999

6667209
6557239
6577233
8557223
8881113
4481110
4449999

4488209
4486239
4886233
7666223
7551113
7751110
7559999

6668209
6888239
6844233
7444223
7551113
7751110
7559999

5554409
5754449
7777211
6663211
6883211
6833220
8839999

6664409
8864449
3867211
3887211
3377211
5357220
5559999

5554409
5754449
7777211
6668211
6888211
6833220
3339999

5572209
5772449
5572444
8872111
6833111
6883330
6669999

5574409
5774449
5572222
8872111
6833111
6883330
6669999

2222409
2557449
6577443
6557883
6667833
1118830
1119999

2222409
2666449
5556443
5756883
7777833
1118830
1119999

2222409
2557449
6577448
6557888
6667833
1113330
1119999

2222409
2666449
5556448
5756888
7777833
1113330
1119999

2222709
2557749
6588744
6558744
6668833
1113330
1119999

5533309
5337449
5577444
6667111
6887111
6822220
8829999

2222809
2388879
3387777
3446111
3446111
5456660
5559999

4222209
4455279
4457777
8855111
6833111
6883330
6669999

2233309
2338449
2888444
2876111
5576111
5776660
5579999

2238809
2338449
2388444
2376111
5576111
5776660
5579999

6664409
6884449
6822223
8875523
7777533
1115530
1119999

5558809
5358229
7388211
7336211
7736211
7446660
4449999

5558809
5658229
7688211
7666211
7733211
7443330
4449999

4448809
7448229
7788211
7666211
7633211
5653330
5559999

1166609
1168839
1168433
2288443
2557443
2577770
2559999

1133309
1155339
1157777
2255744
2666844
2688840
2689999

1166609
1168839
1168334
2288344
2557344
2577770
2559999

2234409
2334449
2355511
2358511
6888711
6877770
6669999

1124409
1124449
1126663
7226883
7556833
7758830
7559999

1124409
1124449
1126668
7226888
7556833
7753330
7559999

2222409
6662449
6555448
6575888
7777833
1113330
1119999

2222409
7552449
7756448
7556888
7666833
1113330
1119999

2222409
6662449
6555443
6575883
7777833
1118830
1119999

2222409
7552449
7756443
7556883
7666833
1118830
1119999

1122409
1162449
1162443
6662883
7777833
5758830
5559999

1122409
1162449
1162448
6662888
7777833
5753330
5559999

2266609
2555649
2585644
2788844
7777833
1113330
1119999

1166609
1163339
1162833
2222888
7777448
5754440
5559999

1166609
1164449
1162443
2222883
7777833
5758830
5559999

1166609
1168839
1162833
2222883
7777443
5754440
5559999

1166609
1164449
1162448
2222888
7777833
5753330
5559999

6664409
6884439
6822433
8872113
5572113
5772110
5579999

7222209
7255539
7758533
7888113
6844113
6444110
6669999

6662409
1162449
1162448
1122888
7777833
5753330
5559999

6662409
1162449
1162443
1122883
7777833
5758830
5559999

6664409
6554449
6577773
2557883
2222833
1118830
1119999

6667409
6557449
6577443
2557883
2222833
1118830
1119999

7777409
5756449
5556443
2666883
2222833
1118830
1119999

6668809
6558449
6588444
2557777
2222733
1113330
1119999

7777409
5756449
5556448
2666888
2222833
1113330
1119999

6667409
6557449
6577448
2557888
2222833
1113330
1119999

6668809
6558749
6588744
2557744
2222733
1113330
1119999

6664409
6554449
6577778
2557888
2222833
1113330
1119999

1166609
1188639
1182633
7882443
7552443
7752240
7559999

1133309
1188339
1182666
7882644
7552644
7752240
7559999

1133309
1188339
1182666
7882446
7552446
7752240
7559999

6662209
1162739
1162733
1182773
8885753
8445550
4449999

1124409
1124449
1127777
8822575
6833555
6883330
6669999

4442209
8442739
8882733
1182773
1165753
1165550
6669999

1166609
1188639
1187633
2887553
2447753
2447550
2249999

1166609
1167559
1167753
2447553
2447833
2488830
2289999

1133309
1188339
1187777
2886575
2446555
2446660
2249999

1133309
1188339
1187666
2887556
2447756
2447550
2249999

7777809
4788839
4485533
4422563
1125563
1126660
1129999

5572209
5772119
5572113
8872113
6844433
6884430
6669999

4466609
4462119
8462113
8882113
5582233
5777730
5579999

5558809
5758119
2788113
2774113
2764433
2264430
6669999

1155509
1157539
1177334
6667344
6887344
6822220
8829999

1134409
1134449
1133555
6663575
6887777
6822220
8829999

1155509
1157539
1177433
6667443
6887443
6822220
8829999

1144709
1144739
1147733
6665753
6885553
6822220
8829999

1133309
1144339
1144555
6664575
6887777
6822220
8829999

2114409
2114449
2116668
2276888
5576833
5773330
5579999

2114409
2114449
2116663
2276883
5576833
5778830
5579999

2666709
2677779
2655443
2254443
1155833
1188830
1189999

2666709
2677779
2655333
2253344
1155844
1188840
1189999

1133309
1188339
1182222
7886442
7556444
7756660
7559999

1133309
1188339
1182222
7886662
7556444
7756440
7559999

6662209
6112739
6112733
8112773
8885753
4485550
4449999

7554409
7754449
7556668
7226888
1126833
1123330
1129999

7554409
7754449
7556663
7226883
1126833
1128830
1129999

7222209
7255539
7758533
7118883
6114483
6114440
6669999

2211409
2611449
2611448
2666888
7777833
5753330
5559999

7777309
5573349
5883446
5583446
1188666
1122220
1129999

7777309
5573349
5883644
5583644
1188666
1122220
1129999

5574409
5774449
5576668
2276888
2116833
2113330
2119999

2211409
2611449
2611443
2666883
7777833
5758830
5559999

4442209
4482739
8882733
8112773
6115753
6115550
6669999

2666409
2611449
2611443
2211883
7777833
5758830
5559999

2666409
2611449
2611448
2211888
7777833
5753330
5559999

7777309
5574339
5884436
5584436
1188666
1122220
1129999

7555309
7585339
7788836
7444836
1144666
1122220
1129999

2244409
2844739
2888733
2118773
6115753
6115550
6669999

5574409
5774449
5576663
2276883
2116833
2118830
2119999

7554409
7754449
7558666
7338886
1133386
1122220
1129999

6833309
6888339
6668755
2277775
2114455
2114440
2119999

2222409
6662449
6711448
6711888
7711833
5753330
5559999

2222409
6662449
6711443
6711883
7711833
5758830
5559999

6664409
6884449
6822223
8875523
1177533
1175530
1179999

2222409
6662449
6555448
6575888
1177833
1173330
1179999

2222409
6662449
6555443
6575883
1177833
1178830
1179999

2441109
2441139
2481133
2288863
7777863
5756660
5559999

5551109
5751139
2771133
2788443
2768443
2268840
6669999

5558809
5758449
2788443
2771143
2761133
2261130
6669999

2222809
2488839
4481133
4471163
5571163
5776660
5579999

2666809
2688849
2681144
2271144
5571133
5773330
5579999

2234409
2334449
2388666
2378556
1178856
1177550
1179999

4777709
4471139
4481133
8881163
8222263
5256660
5559999

6664409
6884449
6822223
8871123
5571133
5771130
5579999

6661109
6881139
6821133
8822223
7777443
5754440
5559999

6661109
2261139
2761133
2788443
2778443
5758840
5559999

4222209
4488239
4481133
7881163
7551163
7756660
7559999

4441109
4481139
8881133
8222263
7777263
5756660
5559999

7551109
7751139
7551133
7222263
4488263
4486660
4889999

