1114409
1114449
2233355
2666335
2688755
2687777
0889999

1114409
1114449
2255588
2753586
2773886
2733666
0739999

1118809
1118449
2288444
2666755
2677775
2633355
0339999

1113709
1113779
2233788
2535786
2555886
2444666
0449999

1114409
1114449
2222666
5572886
5777786
5533388
0339999

2222309
1112349
1113344
6663844
6557888
6577778
0559999

1114409
1114449
2555666
2575886
2777786
2233388
0339999

3111709
3111779
3322788
5352786
5552886
4442666
0449999

3111709
3111779
3388722
5358762
5558862
4446662
0449999

2666709
2677779
2655333
2253311
4455811
4488811
0489999

6222209
6277779
6667555
3111545
3111844
3388844
0389999

6111409
6111449
6668442
5578882
5777782
5533322
0339999

5566609
5444679
5544672
3111772
3111872
3388822
0389999

6445509
6444579
6665572
3111772
3111872
3388822
0389999

5544609
5444679
5566672
3111772
3111872
3388822
0389999

6665509
6444579
6445572
3111772
3111872
3388822
0389999

1114409
1114449
6662222
6882755
6877775
8833355
0339999

1114409
1114449
6665552
6885752
6877772
8833322
0339999

1116409
1116449
7666442
7735552
7335852
7388822
0389999

3222209
3266679
3367777
4365511
4488511
4485511
0889999

6222209
6288449
6668444
5578811
5777711
5533311
0339999

1112209
1112449
6662444
6882755
6877775
8833355
0339999

8811109
6811179
6885572
6665772
4445572
4433322
0339999

6668809
6228449
6288444
3275511
3277511
3375511
0379999

4466609
4461119
7461112
7735552
7335852
7388822
0389999

5558809
5358449
3388444
3722666
3721116
7721116
0729999

5558809
5758449
7788444
3722666
3721116
3321116
0329999

2222709
6662779
6555711
6585711
8883311
8444333
0449999

3335509
1133579
1185577
1188876
2222876
2444666
0449999

3335509
1133579
1185577
1188876
2222876
4442666
0449999

5554409
5754449
7777112
6668112
6888112
6833322
0339999

1133309
1144339
1144887
6664877
6558827
6522227
0559999

1134409
1134449
1133887
6663877
6558827
6522227
0559999

6668809
6558119
6588112
4557112
4477772
4433322
0339999

5544409
5224479
5527777
1128666
1128886
1133386
0339999

1166609
1165579
1165772
3335572
4433872
4488822
0489999

1166609
1164449
1168442
5578882
5777782
5533322
0339999

1166609
1144679
1144672
3545772
3555872
3388822
0389999

1166609
1165579
1165772
3445572
3444872
3388822
0389999

5554409
5754449
7777862
1188862
1186662
1133322
0339999

6664409
6844479
6888772
1158572
1155572
1133322
0339999

5554409
5754449
7777388
1123386
1123886
1123666
0229999

6664409
6844439
6888337
1128377
1125357
1125557
0229999

5554409
5754449
7777333
1123386
1128886
1128666
0229999

1144409
1124479
1127777
5528666
5228886
5533386
0339999

5544409
5884479
5587777
1188666
1122226
1133326
0339999

5533309
5444339
5544666
1122226
1188726
1187777
0889999

5566609
5444639
5544633
1122223
1188723
1187777
0889999

6445509
6444539
6665533
1122223
1188723
1187777
0889999

5544609
5444639
5566633
1122223
1188723
1187777
0889999

6665509
6444539
6445533
1122223
1188723
1187777
0889999

5544209
5444239
5588233
6668223
6118873
6117777
0119999

6661109
6441179
6441172
3545772
3555872
3388822
0389999

6661109
6881179
6381172
3388772
3554472
3544422
0559999

6661109
8861139
2861133
2884443
2554473
2257777
0559999

4445509
4488539
2285537
2886337
2116377
2116667
0119999

6664409
6884449
6387777
3388575
3112555
3112222
0119999

