5533309
5336669
5506887
1116877
1118827
4422227
4449999

5533309
5666339
5506887
1116877
1118827
4422227
4449999

4433309
4448339
5508886
5777786
5572666
1112222
1119999

6664409
6884449
6807777
8833575
3332555
1112222
1119999

4488309
4448339
5508836
5777736
5572666
1112222
1119999

4433309
4422339
8402666
8882611
5582611
5777711
5579999

7833309
7888339
7708555
7111545
6111244
6222244
6669999

7445509
7444539
7705533
7111883
6111283
6222288
6669999

3335509
8833579
6805572
6884772
6664472
1114422
1119999

7833309
7888339
7708244
7222244
6111545
6111555
6669999

3777709
3375559
6305452
6388442
6668442
1118822
1119999

3866609
3888679
3308672
5354772
5554472
1114422
1119999

3111709
3111779
3302788
5352786
5552886
4422666
4449999

5554409
5354479
3304772
3866672
3888672
1118622
1119999

2211109
2311189
2308887
2338477
6535447
6555447
6669999

2211109
2311179
2307777
2338844
6535844
6555884
6669999

3222209
3277779
3307666
5354886
5554486
1114488
1119999

3222209
3277779
3307444
5356844
5556888
1116668
1119999

4411109
4411139
2408337
2888377
2865357
2265557
6669999

4411109
4411189
3408887
3358577
6355527
6322227
6669999

4411109
4411179
8403772
8883372
6585372
6555322
6669999

5533309
5331119
5501117
6664447
6884477
6822227
8829999

5533309
5331119
5501117
6664477
6884447
6822227
8829999

5533309
5331119
5501117
8822227
6824477
6884447
6669999

2233309
2331119
2801117
2888557
6448577
6444557
6669999

2233309
2331119
2801117
2888557
6668577
6444557
6449999

2233309
2331119
2701118
2755888
6775844
6755444
6669999

5552209
5352449
3302447
3882477
3861117
8861117
6669999

4777709
4473559
4403522
8833552
6831112
6881112
6669999

2222709
2666779
5506711
5886711
5583311
4488333
4449999

5554409
5754449
2708811
2778611
2788611
2233666
3339999

5552409
5352449
3302447
3882277
3861117
8861117
6669999

6664409
6884449
6803337
8833557
2222577
1112557
1119999

1133309
1155339
1105444
8855744
6877772
6882222
6669999

4433309
4442339
5502222
5777786
5578886
1118666
1119999

4433309
4442339
6802222
6888555
6668575
1117777
1119999

6664409
6554439
6508433
2558883
2222783
1117777
1119999

5552209
5352119
3302117
3882117
3864477
8864447
6669999

6664409
6884439
6804337
8822377
1125357
1125557
1129999

1155509
1157539
1107733
4447883
6447283
6222288
6669999

5533309
5338879
5508772
1188472
1164472
1164422
6669999

1155509
1153579
1103772
8833472
6834472
6884422
6669999

1133309
1188339
1108552
4448852
6447552
6777722
6669999

1166609
1155679
1105672
3355772
4333872
4488822
4489999

5551109
5351179
3301172
3884772
3864472
8864422
6669999

5551109
5751139
2701133
2774883
2764483
2264488
6669999

5544309
5444339
5501137
6661137
6881177
6822227
8829999

6668309
6888339
6801137
5551137
5451177
4422227
4429999

6661109
6881149
6801144
8833344
7777332
5752222
5559999

5554409
5354479
3304772
3881172
3861172
8861122
6669999

6661109
6881139
6801133
8825553
4425753
4427777
4229999

6661109
6881139
6801133
8874443
5572443
5772222
5579999

6661109
6881149
6801144
8873344
5572333
5772222
5579999

2231109
2331149
2301144
2376844
5576888
5776668
5579999

