4777709
4473339
4486233
8886211
8666211
5552211
5059999

2666809
2688879
2687777
2233411
3334411
5554411
5059999

2666709
2677779
2655333
2253311
4455811
4488811
4089999

2222809
2388879
3387777
3111666
3111446
5554446
5059999

2211109
2411139
2445533
2445883
6665583
6777788
6079999

2211109
2811179
2888377
2448376
4443376
5553666
5059999

6664409
6224449
6255333
7253311
7255811
7788811
7089999

3777709
3371119
6381114
6388844
6662844
5552222
5059999

6663309
6333889
6444811
2448811
2222711
5557777
5059999

6833309
6888339
6668111
2222111
2777744
5557444
5059999

3884409
3384449
6388722
6377772
6661112
5551112
5059999

2222709
2377779
3344411
3844611
3888611
5558666
5059999

4433309
4448339
6888722
6877772
6661112
5551112
5059999

6833309
6888339
6668722
4477772
4441112
5551112
5059999

6833309
6888339
6668111
4447111
4477772
5552222
5059999

2222809
2388879
3387777
3444666
3441116
5551116
5059999

2222809
2488879
4487777
4433666
3331116
5551116
5059999

1166609
1163339
1168833
2244855
2444885
2777755
2079999

1166609
1165559
1165357
2288377
2448337
2448837
2049999

1133309
1155339
1157777
2255786
2448886
2448666
2049999

1166609
1168839
1168337
2288377
2445357
2445557
2049999

3777709
3374449
6384411
6388811
6662811
5552222
5059999

8222209
8883279
1183377
1144376
1144376
5554666
5059999

4777709
4476669
4486112
8886112
8333112
5553322
5059999

8666309
8886339
1186237
1144237
1144277
5554227
5059999

8666209
8886239
1186233
1144223
1144473
5557777
5059999

4422709
4442779
1132788
1132786
1133886
5553666
5059999

8666309
8886339
1186732
1144732
1144772
5554722
5059999

1144409
1144559
1133522
3338552
6668882
6777782
6079999

8666709
8886779
1186732
1144732
1144332
5554322
5059999

5558809
5458119
4488112
4433112
6663332
6777722
6079999

2222709
3332779
1133788
1144786
1144886
5554666
5059999

1166609
1165579
1165772
3335572
4433872
4488822
4089999

1166609
1165559
1165452
7388442
7338442
7738822
7039999

2114409
2114449
2117777
2233786
3338886
5558666
5059999

2244409
2114439
2115533
2115883
6665583
6777788
6079999

6664409
6114439
6118433
2118883
2222783
5557777
5059999

6663309
6333449
6114442
7115552
7115852
7788822
7089999

6664409
6344479
6388772
3381172
3881172
5551122
5059999

