4433309
4442339
1112666
1112886
5572286
5777788
5509999

4466609
4442639
1112633
1112883
5572283
5777788
5509999

4433309
4442339
1112222
1117777
6668575
6888555
6809999

4433309
4442339
1112222
1118666
5578886
5777786
5509999

2233309
2334449
2111447
2111557
6668577
6888557
6809999

4466609
4463339
7462233
7755211
7885211
7855211
8809999

3111709
3111779
3322788
5352786
5552886
4442666
4409999

1116209
1116239
7666233
7755223
7885443
7855444
8809999

3111709
3111779
3388722
5358762
5558862
4446662
4409999

7111609
7111639
7766633
7444883
5544283
5222288
5509999

1114409
1114479
8854577
2855576
2883376
2333666
2209999

1113709
1113779
8833744
2836744
2886545
2666555
2209999

1113409
1113449
8833447
2836557
2886577
2666557
2209999

3111709
3111779
3344788
2344786
2545886
2555666
2209999

3111709
3111779
3388744
2386744
2886545
2666555
2209999

3111409
3111449
3388447
2386557
2886577
2666557
2209999

4455709
4445779
2255788
2111786
2111886
2333666
3309999

8666709
8886779
2286744
2111744
2111545
2333555
3309999

8666409
8886449
2286447
2111557
2111577
2333557
3309999

5554409
5754449
7777333
2683311
2688811
2666811
2209999

2111709
2111779
2666744
2286744
8886545
8333555
3309999

2111409
2111449
2666447
2286557
8886577
8333557
3309999

4455709
4445779
3355788
2333786
2111886
2111666
2209999

8666709
8886779
3386744
2333744
2111545
2111555
2209999

8666409
8886449
3386447
2333557
2111577
2111557
2209999

3335509
4433579
4485577
2488876
2111876
2111666
2209999

5533309
5334449
5574488
2777786
2111886
2111666
2209999

3445509
3444579
3385577
2388876
2111876
2111666
2209999

3666709
3886779
3386744
2388744
2111545
2111555
2209999

3555709
3545779
3344788
2344786
2111886
2111666
2209999

3666409
3886449
3386447
2388557
2111577
2111557
2209999

2211109
2711139
2775533
2765883
4765583
4466688
4409999

1114409
1114449
2222666
2333886
5573386
5777788
5509999

1114409
1114479
2222477
2355576
3358576
3888666
3809999

4411109
4411139
4666337
2688377
2685357
2885557
2209999

8811109
6811179
6887777
6663334
5533244
5222244
5509999

2266609
2755639
2775633
2755883
4711183
4411188
4409999

8811109
3811179
3885572
3365772
4365572
4466622
4409999

2233309
2755339
2775666
2755886
4711186
4411188
4409999

8811109
6811179
6883772
6663372
5544372
5444322
5509999

4411109
4411179
5453772
5553372
6668372
6888322
6809999

8811109
6811179
6885572
6665772
4335572
4433322
4409999

8866609
3855679
3885672
3355772
4311172
4411122
4409999

7777409
5754439
5554433
2666883
2611183
2611188
2209999

4455509
4457539
4777733
2666883
2611183
2611188
2209999

5533309
5331119
5571112
7777442
6668442
6888422
6809999

4777709
4457539
4455533
2666883
2611183
2611188
2209999

5554409
5754439
7777433
2666883
2611183
2611188
2209999

2233309
2444339
2844666
2888611
5578611
5777711
5509999

2777709
2371119
2331118
2236888
5536844
5666444
5509999

2233309
2331119
2441117
2444557
6668577
6888557
6809999

2777709
2575449
2555444
2281116
8881116
8333666
3309999

2554409
2544479
2557777
2281116
8881116
8333666
3309999

6663409
6883449
6833442
8831112
5571112
5777722
5509999

6668409
6888449
6833442
3331112
5571112
5777722
5509999

6833309
6888339
6668111
2555111
2575444
2777744
2209999

8833309
6822339
6882111
6662111
5572444
5777744
5509999

5554409
5754449
7777811
2688811
2683311
2666333
2209999

6833309
6888339
6668111
2222111
5572444
5777744
5509999

1166609
1165559
1165357
2288377
2448337
2448837
2409999

1133309
1155339
1157777
2255786
2448886
2448666
2409999

1166609
1168839
1168337
2288377
2445357
2445557
2409999

6833309
6888339
6668444
2777744
2575111
2555111
2209999

6664409
1164449
1167777
1188733
5583332
5882222
5509999

1166609
1163339
1168833
7444855
7744885
7222255
7209999

4433309
4447339
8777722
8886112
5586112
5666112
5509999

5533309
5334449
5574422
7777112
6668112
6888112
6809999

7554409
7754449
7553322
7333112
6668112
6888112
6809999

3335509
1133579
1185577
1188876
2222876
4442666
4409999

1144409
1144339
1133388
2777786
2575886
2555666
2209999

1166609
1165559
1165357
2488377
2448337
2448837
2209999

1166609
1168839
1167833
2557883
2577443
2557444
2209999

1166609
1163339
1168733
2888755
2844775
2444755
2209999

1166609
1163339
1168833
2444855
2447885
2777755
2209999

1166609
1163339
1167833
2557888
2577448
2557444
2209999

1166609
1163339
1168833
2558444
2588744
2557777
2209999

1133309
1188339
1187777
2885756
2445556
2444666
2209999

1133309
1188339
1186667
2886557
2446577
2444557
2209999

1133309
1144339
1144488
2777786
2575886
2555666
2209999

1133309
1174339
1174488
2774486
2575886
2555666
2209999

1133309
1155339
1157777
2455786
2448886
2448666
2209999

1166609
1168839
1168337
2488377
2445357
2445557
2209999

5533309
5336669
5578862
7777862
1144882
1144422
1109999

8855509
6853579
6883772
6663372
1144372
1144422
1109999

1144409
1144339
1133322
6665552
6885752
6877772
8809999

7777409
5574469
5884462
5586662
1188332
1133322
1109999

4777709
4467559
4468852
6668552
1188332
1133322
1109999

7777409
5576449
5886442
5586662
1188332
1133322
1109999

4466609
4467559
8467752
8887552
1187332
1133322
1109999

1133309
1144339
1144422
6665552
6885752
6877772
8809999

8844409
6844379
6883372
6663772
1153572
1155522
1109999

1144409
1164489
1168887
6668557
2222577
2333557
3309999

2114409
2114479
2114377
2288376
5583376
5883666
5509999

2114409
2114449
2117777
2285756
8885556
8333666
3309999

2114409
2114449
2116667
2286557
8886577
8333557
3309999

2114409
2114449
2113337
2233557
6668577
6888557
6809999

2233309
2555339
2575444
2777744
6668111
6888111
6809999

1155509
1157549
1177442
6667442
6887332
6833322
8809999

2114409
2114479
2114877
2288876
5583376
5333666
5509999

1144409
1144889
1133862
3338862
5576662
5777722
5509999

1188309
1168339
1168832
6664432
5574442
5777722
5509999

5544209
5444239
5588233
6668223
1168873
1167777
1109999

1166609
1165579
1165772
4485572
4488872
4333822
3309999

2666809
2688879
2687777
2255444
1153344
1155333
1109999

1133309
1168339
1168882
6664482
5574442
5777722
5509999

2777709
2575889
2555844
2268844
1163334
1166633
1109999

2666809
2688879
2687777
2255333
1153344
1155444
1109999

2666809
2688879
2687777
2244455
1144335
1133355
1109999

2466609
2447639
2447633
2277883
1157583
1155588
1109999

2666809
2688879
2687777
2233355
1144335
1144455
1109999

2433309
2447339
2447666
2277886
1157586
1155588
1109999

6664409
6114449
6117777
2118755
2888335
2833355
2209999

7554409
7754449
7553322
7333862
1188862
1186662
1109999

5533309
5334449
5574422
7777862
1188862
1186662
1109999

5554409
5754449
7777388
2113386
2113886
2113666
2209999

6664409
6844439
6888337
2118377
2115357
2115557
2209999

5554409
5754449
7777333
2113386
2118886
2118666
2209999

4411209
4411279
8411277
8882276
5583376
5333666
5509999

4411309
4411339
8411237
8886237
5586277
5666227
5509999

4411709
4411779
8411732
8886732
5586332
5666322
5509999

4411309
4411339
8411732
8886732
5586772
5666722
5509999

4466609
4463339
8462733
8882755
1182775
1122755
1109999

4222209
4467239
4467733
6667883
1157583
1155588
1109999

4777709
4473339
4433666
2222886
1152586
1155588
1109999

5551109
5451179
4481177
4488876
2222876
2333666
3309999

6664409
6884439
6822433
8825553
1125753
1127777
1109999

2233309
2444339
2446667
2886557
1186577
1188557
1109999

2233309
2444339
2447777
2885756
1185556
1188666
1109999

2233309
2555339
2575666
2774886
1174486
1174488
1109999

2233309
2447339
2447666
2477886
1157586
1155588
1109999

2233309
2555339
2575444
2776844
1176888
1176668
1109999

2233309
2334449
2666447
2886557
1186577
1188557
1109999

2266609
2447639
2447633
2477883
1157583
1155588
1109999

2266609
2555639
2575633
2774883
1174483
1174488
1109999

2554409
2544479
2551177
2281176
8881176
8333666
3309999

6661109
6881139
6821133
8824443
5524473
5227777
5509999

2231109
2331179
2381177
2388876
5544876
5444666
5509999

2241109
2441179
2441177
2355576
3358576
3888666
3809999

5533309
5336669
5581167
8881167
8421177
4422227
4409999

