2222709
1112779
1110744
6668744
6888545
6833555
3339999

2222409
1112449
1110447
6668557
6888577
6833557
3339999

2222709
1112779
1110788
5544786
5444886
5533666
3339999

2222409
1112449
1110447
6663557
6883577
6833557
8839999

2222709
1112779
1110744
6663744
6883545
6833555
8839999

2222709
1112779
1110788
5553786
5453886
4433666
4439999

4466609
4463339
4860233
7888211
7558211
7752211
7559999

2111709
2111779
2550788
2253786
4553886
4433666
4439999

7554409
7754439
7550433
7111883
6111283
6222288
6669999

1114409
1114449
8850562
7855562
7886662
7733322
7339999

4411109
4411139
5450337
5558377
6888327
6822227
6669999

4777709
4473339
4450533
2255511
2666811
2688811
2689999

5574409
5774449
5570666
2278611
2888611
2833311
2339999

5574409
5774449
5570333
2273311
2666811
2688811
2689999

8777709
8887559
3380522
4333552
4461112
4461112
6669999

3777709
3887559
3380522
4388552
4461112
4461112
6669999

6664409
8864449
3860111
3887111
3377772
5352222
5559999

2222709
6662779
6880711
6855711
8853311
4455333
4449999

2666809
2688849
2680344
2273344
5573111
5773111
5579999

2233309
2666339
2650511
2655511
4488711
4487777
4889999

1124409
1124449
1120333
7223386
7558886
7758666
7559999

1124409
1124449
1120388
7223386
7553886
7753666
7559999

1133309
1155339
1150444
8855744
6877772
6882222
6669999

1124409
1124449
1120557
8822577
6833557
6883337
6669999

1166609
1188639
1180633
2885553
2445753
2447777
2249999

1133309
1188339
1180557
2886577
2446557
2446667
2249999

1133309
1188339
1180666
2885556
2445756
2447777
2249999

1133309
1188339
1180422
7884462
7554462
7756662
7559999

1133309
1188339
1180422
7886442
7556442
7756662
7559999

2114409
2114449
2110388
2273386
5573886
5773666
5579999

2222409
2333449
3380447
1188877
1165857
1165557
6669999

2114409
2114449
2110333
2273386
5578886
5778666
5579999

1166609
1155679
1150672
3355772
4333872
4488822
4489999

7554409
7754449
7550388
7223386
1123886
1123666
1129999

1166609
1188649
1180644
7883344
7552333
7752222
7559999

7554409
7754449
7550333
7223386
1128886
1128666
1129999

1166609
1188639
1180633
7884443
7552443
7752222
7559999

5574409
5774449
5570388
2273386
2113886
2113666
2119999

1133309
1188339
1180446
7884446
7552666
7752222
7559999

1133309
1188339
1180666
7884446
7552446
7752222
7559999

7222209
7255539
7750533
7114883
6114483
6114488
6669999

6668309
6888339
6850537
2255537
2114477
2114447
2119999

5544709
5444779
5530788
2233786
2113886
2113666
2119999

6668409
6888449
6830447
2233557
2113577
2113557
2119999

6668709
6888779
6830744
2233744
2113545
2113555
2119999

5574409
5774449
5570333
2273386
2118886
2118666
2119999

5544409
5884479
5580377
2288376
2113376
2113666
2119999

4777709
4473339
4450533
2255586
2118886
2118666
2119999

