6833309
6888339
6668022
1115552
1115752
4477772
4449999

4433309
4448339
6888055
6877775
6662755
1112222
1119999

6833309
6888339
6668055
4477775
4442755
1112222
1119999

3884409
3384449
6388055
6377775
6662755
1112222
1119999

3777709
3375559
6385054
6388844
6662844
1112222
1119999

7554409
7754439
7554033
7111883
6111283
6222288
6669999

8666309
8886339
5586032
5777732
5574442
1114422
1119999

2211109
2811179
2888077
2458576
4455576
4433666
3339999

2211109
2811179
2888077
2358576
3355576
3444666
3449999

1114409
1114449
6665052
6885552
6877772
8833722
3339999

1116309
1116339
8666032
8884432
5584442
5777722
5579999

1114409
1114449
8333062
8883362
5586662
5777722
5579999

1118809
1118559
4488052
4433552
6473332
6777722
6669999

3884409
3384449
6388022
6377772
6665752
1115552
1119999

4433309
4448339
6888022
6877772
6665752
1115552
1119999

6833309
6888339
6668022
4477772
4445752
1115552
1119999

4433309
4488339
6487022
6887552
6667752
1117552
1119999

2611109
2611139
2666033
2244883
5544483
5777788
5579999

2611109
2611139
2666033
2285553
8885753
8447777
4449999

2611109
2611139
2666033
2274883
5574483
5774488
5579999

1118809
1118559
3388056
7333556
7742666
7442222
7449999

5533309
5666339
5586044
8886244
8222274
1117777
1119999

5533309
5336669
5586044
8886244
8222274
1117777
1119999

3222209
3265559
3365057
8366677
8881117
4481117
4449999

6664409
6884449
6833022
8873332
5571112
5771112
5579999

2233309
2335559
2885057
2866677
8861117
4461117
4449999

4777709
4473339
4433011
8855511
6852511
6882222
6669999

4777709
4475559
4435052
8832222
6833111
6883111
6669999

5554409
5754449
7777022
6663112
6883112
6833112
8839999

2233309
2666339
2886044
2856544
8855574
1117777
1119999

5554409
5754449
7777022
6668112
6888112
6833112
3339999

6664409
8864449
3867022
3887112
3377112
5357112
5559999

1166609
1163339
1162033
2222884
7777844
5758844
5559999

1166609
1163339
1162033
2222555
4488575
4487777
4889999

2233309
2336669
2886044
2856544
8855574
1117777
1119999

1133309
1188339
1186044
7886444
7556662
7752222
7559999

1155509
1157539
1177033
4447883
6447283
6222288
6669999

1133309
1188339
1187022
4887552
4467752
4467552
6669999

1133309
1188339
1184022
7884462
7554462
7756662
7559999

8777709
8887559
1183056
1133556
1132666
4432222
4449999

5554409
5754449
7777022
1186662
1188862
1133862
3339999

1155509
1153579
1133072
8834772
6834472
6884422
6669999

2666709
2677779
2655033
2253334
1155844
1188844
1189999

5554409
5754449
7777022
3336662
1133862
1188862
1189999

2233309
2116339
2116055
2116665
4488755
4487777
4889999

1133309
1122339
1125057
8825557
6824477
6884447
6669999

1133309
1122339
1127044
8827744
6827545
6887555
6669999

1133309
1122339
1127088
4427786
4427886
5457666
5559999

1133309
1188339
1185056
7885556
7742666
7442222
7449999

2233309
2555339
2575088
2777786
1144886
1144666
1149999

