6663309
6333229
6111207
8111277
8885257
4485557
4449999

6833309
6888339
6668505
2111555
2111444
2777744
2279999

1116709
1116779
8666702
8885752
4485552
4433322
4339999

1118809
1118559
4488502
4433552
6473332
6777722
6669999

1118809
1118229
3388207
4333277
4465257
4465557
6669999

6833309
6888339
6668505
4447555
4477772
1112222
1119999

1118809
1118559
3388506
7333556
7742666
7442222
7449999

5533309
5224339
5524407
8824477
6821117
6881117
6669999

6833309
6888339
6668505
2222555
2777744
1117444
1119999

2666709
2677779
2688505
2283555
4883111
4433111
4439999

1133309
1188339
1182204
7882644
7552644
7752666
7559999

1133309
1188339
1182207
4882557
4462577
4462557
6669999

4433309
4488339
6482207
6882557
6662577
1112557
1119999

4433309
4447339
8777702
8882222
6585111
6555111
6669999

1133309
1188339
1186505
7886555
7746662
7442222
7449999

1133309
1144339
1144505
8847555
6877772
6882222
6669999

2222709
2877779
3888505
3348555
6344111
6344111
6669999

1133309
1188339
1186505
2886555
2666444
2777744
2279999

8777709
8887559
1183506
1133556
1132666
4432222
4449999

1133309
1122339
1127505
8827555
6827744
6887444
6669999

1133309
1122339
1124407
8824477
6825457
6885557
6669999

1133309
1122339
1128807
4426877
4426887
5456667
5559999

1133309
1188339
1184406
7884446
7552666
7752222
7559999

2233309
2666339
2688505
2678555
1178844
1177444
1179999

