4466609
4462239
8462330
8882311
5582311
5777711
5579999

6663309
6333279
6222270
1118877
1118575
4488555
4449999

1118809
1118449
2288440
2666455
2677775
2633755
3339999

7222209
7735259
7335550
7388411
6384411
6884411
6669999

1114409
1114439
2222430
8852533
6855573
6887777
6669999

1116409
1116449
8666440
8882222
5583332
5777733
5579999

2222609
2333679
3366670
1118877
1118575
4488555
4449999

6222209
6333279
6663370
1118877
1118575
4488555
4449999

2222409
1112449
1118440
5578886
5777786
5533666
3339999

3366609
2333679
2222670
1118877
1118575
4488555
4449999

1112409
1112449
6662440
6882255
6877775
8833755
3339999

2222409
2111449
3111440
3777786
3378886
5358666
5559999

2222309
2111339
8111730
8887734
6585744
6555744
6669999

2666809
2688839
2684330
2244311
5544311
5777711
5579999

5533309
5336669
5546880
2446811
2448811
2777711
2279999

2111409
2111449
2333440
2273386
5578886
5778666
5579999

6663309
6333449
6755440
2775411
2755811
2788811
2289999

2233309
2557339
2577770
2558844
6111844
6111884
6669999

5533309
5666339
5546880
2446811
2448811
2777711
2279999

7555309
7585339
7788830
7111834
6111244
6222244
6669999

5554409
5754439
2774330
2788311
2768311
2268811
6669999

1118809
1118639
4488630
4466633
4222273
5257777
5559999

2211109
2811179
2888770
2458576
4455576
4433666
3339999

2211109
2811179
2888770
2358576
3355576
3444666
3449999

5533309
5334229
5584420
8884426
8777726
1117666
1119999

3222209
3266689
3368880
7368411
7554411
7754411
7559999

1112409
1112449
6662440
6322555
6388575
3387777
3889999

2611109
2611179
2666370
2283377
8883575
8443555
4449999

2311109
2311189
2338880
2238666
7777446
5754446
5559999

2311109
2311189
2338880
2238555
6444575
6447777
6669999

1112209
1112449
6662440
6882455
6877775
8833755
3339999

4411109
4411129
3422220
3777786
3378886
5358666
5559999

8777709
8887449
6585440
6555433
6663332
1112222
1119999

8666409
8886449
5586440
5777733
5573332
1112222
1119999

6664409
6884449
6811130
8811133
5522223
5777723
5579999

6663309
6333889
6455580
4457588
4477772
1112222
1119999

6665509
4465889
4465580
4333788
3377772
1112222
1119999

6664409
8864449
3867220
3887211
3377211
5357211
5559999

6665509
4465889
4465580
4733388
7777332
1112222
1119999

5554409
5754449
7777220
6668211
6888211
6833211
3339999

5554409
5754449
7777220
6663211
6883211
6833211
8839999

8666409
8886449
5586440
5337777
5533372
1112222
1119999

4411109
4411129
7455520
7753526
7883226
7833666
8839999

4411109
4411129
7455520
7758526
7888226
7833666
3339999

3335509
4433579
4445570
8811177
6811172
6882222
6669999

5533309
5334479
5544470
8811177
6811172
6882222
6669999

4466609
4448679
3888670
3811177
3311172
5352222
5559999

1118809
1118449
3288440
3222246
3377776
5357666
5559999

4445509
4433579
3335570
8811177
6811172
6882222
6669999

5544409
5334479
5533370
8811177
6811172
6882222
6669999

2777709
2575449
2555440
2233486
3338886
1118666
1119999

6663409
6223449
6233440
7235511
7288511
7785511
7889999

5554409
5754449
7777330
2233311
2666811
2688811
2689999

4411109
4411179
4222270
6663277
6883575
6833555
8839999

4411109
4411179
4222270
6668277
6888575
6833555
3339999

6664409
2264439
2764330
2788311
2778311
5758811
5559999

2233309
2336669
2446880
2446811
5548811
5777711
5579999

2233309
2666339
2446880
2446811
5548811
5777711
5579999

5533309
5331119
5581110
8887666
8477776
4422226
4429999

2233309
2666339
2644880
2644811
5548811
5777711
5579999

5533309
5331119
5581110
8887666
8777726
4422226
4449999

2777709
2371119
2331110
2238844
6535844
6555884
6669999

5533309
5331119
5541110
2448666
2448886
2777786
2279999

5533309
5331119
5571110
2777786
2448886
2448666
2249999

8844409
2844559
2883350
2333556
2277776
1117666
1119999

5533309
5331119
5581110
8887777
8466672
4462222
4469999

5533309
5444339
5544880
7777811
6278811
6222211
6669999

7777409
5573449
5883440
5583311
6288311
6222211
6669999

5533309
5331119
5581110
8882222
8466672
4467777
4469999

4466609
4461119
8461110
8882222
5583332
5777733
5579999

4455509
4457539
8477330
8887311
6287311
6222211
6669999

2233309
2331119
2441110
2448666
5548886
5777786
5579999

2222709
6662779
6555730
6585733
8881113
8441113
4449999

6668409
6888449
6833440
3332555
2222575
1117777
1119999

6222209
6277779
6667830
4488833
4481113
5451113
5559999

6663409
6883449
6833440
8832555
2222575
1117777
1119999

2777709
2575889
2555830
2248833
6441113
6441113
6669999

2644409
2644889
2666830
2278833
5571113
5771113
5579999

8666409
8886449
3386440
7333111
7552111
7752222
7559999

5554409
5354449
3377770
3887111
3862111
8862222
6669999

5557409
5357449
3377440
3887111
3862111
8862222
6669999

7777409
5753449
5553440
8833111
6832111
6882222
6669999

5558809
5358449
3388440
3222246
3277776
1117666
1119999

3666409
3886449
3386440
7388111
7552111
7752222
7559999

7777409
3575449
3555440
3388111
6382111
6882222
6669999

2222409
2333449
3386440
8886555
8666575
1117777
1119999

2222709
2377779
3344550
3844456
3888556
1118666
1119999

2222409
2388449
3386440
3886555
3666575
1117777
1119999

2222409
2364479
3364470
3866677
3888575
1118555
1119999

3222209
3885259
3385550
7388666
7741116
7441116
7449999

7222209
7885259
7785550
7388666
4331116
4431116
4439999

7222209
7885259
7785550
7388666
3341116
3441116
3449999

8222209
8885259
3385550
7333666
7741116
7441116
7449999

8666409
8886449
5586440
5332222
5533372
1117777
1119999

2777709
2575889
2555380
2243388
6443111
6443111
6669999

2644409
2644889
2666380
2273388
5573111
5773111
5579999

1166609
1188679
1138670
2238877
2433575
2443555
2449999

2777709
2374889
2334480
2234488
6535111
6555111
6669999

6663409
6883449
6833440
8837777
2222575
1112555
1119999

1166609
1168839
1168330
2288344
2557344
2577774
2559999

1166609
1167559
1167750
2237554
2337844
2388844
2389999

6668409
6888449
6833440
3337777
2222575
1112555
1119999

5544309
5444339
5578830
7777836
2222886
1112666
1119999

7777309
4755339
4458830
4455836
2222886
1112666
1119999

1133309
1188339
1182240
7882446
7552446
7752666
7559999

1133309
1188339
1182240
7882644
7552644
7752666
7559999

2222409
3332449
5533440
5777786
5578886
1118666
1119999

2222409
3332449
6833440
6888555
6668575
1117777
1119999

1124409
1124449
1128830
7226833
7556883
7756663
7559999

1124409
1124449
1123330
7226833
7556888
7756668
7559999

1144209
1144279
1134270
8832277
6833575
6883555
6669999

2222409
8832449
6833440
6883555
6663575
1117777
1119999

3335509
1133579
1185570
1188877
6444872
6442222
6669999

6665509
1165889
1165580
1133388
7777332
4472222
4449999

1142209
1144279
1144270
6663277
6883575
6833555
8839999

1142209
1144279
1144270
6668277
6888575
6833555
3339999

1155509
1153579
1133470
8834477
6834472
6882222
6669999

1133309
1188339
1186440
7886444
7556662
7752222
7559999

1133309
1188339
1186660
7886444
7556442
7752222
7559999

1144309
1144379
1143370
8853577
6855572
6882222
6669999

1134409
1134479
1133470
8853577
6855572
6882222
6669999

1155509
1153579
1143370
8844377
6844372
6882222
6669999

3666409
3886449
3386440
2388555
2222575
1117777
1119999

1166609
1188639
1182630
7882334
7552344
7752244
7559999

6662209
1162889
1162380
1172388
5573344
5773444
5579999

8666409
8886449
3386440
2333555
2222575
1117777
1119999

6665509
1165889
1165580
1173388
4772333
4472222
4479999

6667309
1167339
1167730
1187535
8882555
8442222
4449999

1166609
1188679
1138670
2338877
2344575
2344555
2249999

5572209
5772889
5572380
1172388
1163344
1163444
6669999

1166609
1165559
1165850
2344888
2344478
2337777
2239999

5572209
5772889
5572680
1172688
1166644
1133444
3339999

1166609
1165559
1165850
2444888
2443338
2777733
2279999

1133309
1188339
1186660
2886555
2446575
2447777
2249999

1133309
1188339
1187550
2887756
2447556
2447666
2249999

1166609
1165559
1165850
2333888
2443378
2447777
2249999

6663309
6333119
6755110
2775114
2755844
2788844
2289999

6222209
6277779
6665750
3335554
1133844
1188844
1189999

1155509
1157539
1177330
6667344
6887344
6822224
8829999

8832209
6833279
6883270
6663277
1144575
1144555
1149999

3332209
6833279
6888270
6668277
1144575
1144555
1149999

6222209
6277779
6665750
1185554
1188844
1133844
3339999

2114409
2114449
2118830
2276833
5576883
5776663
5579999

2115509
2115889
2115580
2233388
6337444
6777744
6669999

2114409
2114449
2113330
2276833
5576888
5776668
5579999

2366609
2388679
2338670
2238877
1144575
1144555
1149999

6665509
6115889
6115580
7113388
7742333
7442222
7449999

6667309
6117339
6117730
8117535
8882555
4482222
4449999

2866609
2888679
2338670
2233377
1144575
1144555
1149999

4475509
4475889
4775580
1173388
1162333
1162222
6669999

6665509
6115889
6115580
2113388
2333444
2777744
2279999

4447309
8447339
8887730
1187535
1162555
1162222
6669999

6662209
6112889
6112380
7112388
7553344
7753444
7559999

7554409
7754449
7558830
7226833
1126883
1126663
1129999

7554409
7754449
7553330
7226833
1126888
1126668
1129999

2211409
2311449
2311440
2338666
5538886
5777786
5579999

5554409
5754449
7777330
2233386
2118886
2118666
2119999

6663309
6333889
6777780
2275588
2115444
2115544
2119999

5574409
5774449
5578830
2276833
2116883
2116663
2119999

7552209
7752889
7552380
7112388
6113344
6113444
6669999

6664409
6884449
6855530
8857533
1177773
1122223
1129999

2233309
2337889
2777780
2115588
6115444
6115544
6669999

7445509
7445889
7745580
7113388
6112333
6112222
6669999

4447309
4487339
8887730
8117535
6112555
6112222
6669999

5574409
5774449
5573330
2276833
2116888
2116668
2119999

3222209
3211449
3311440
7311486
7558886
7758666
7559999

6664409
6884449
6822220
8823555
1133575
1137777
1139999

2222409
2333449
3311440
8811555
6811575
6887777
6669999

4455709
4457729
8455720
8883726
1183226
1133666
1139999

5558809
5458329
4488320
4473326
1173226
1177666
1179999

6668209
6888279
6833270
3332277
1144575
1144555
1149999

6663209
6883279
6833270
8832277
1144575
1144555
1149999

6668409
6888449
6811440
2311555
2311575
2337777
2239999

3221109
3321179
6321170
6328877
6668575
4488555
4449999

2222309
5552339
5758830
7777836
1144886
1144666
1149999

2441109
2441179
2431170
2238877
6338575
6388555
6669999

5551109
5751169
2771160
2786664
2788844
2233844
3339999

5551109
5751139
2771130
2788334
2768344
2268844
6669999

2233309
2338449
2888440
2875456
1175556
1177666
1179999

2233309
2338679
2888670
2866677
1144575
1144555
1149999

2233309
2335559
2445850
2444888
1166678
1167777
1169999

2266609
2367559
2367750
2337554
1137844
1188844
1189999

6661109
2361179
2361170
2338877
2238575
4488555
4449999

6661109
8861179
3861170
3884477
3344472
5352222
5559999

5533309
5331179
5581170
8881177
8466672
4462222
4469999

2238809
2338449
2388440
2375456
1175556
1177666
1179999

2238809
2338679
2388670
2366677
1144575
1144555
1149999

5544409
5224439
5521130
8821133
6821173
6887777
6669999

6661109
6321179
6321170
3328877
3228575
4488555
4449999

2231109
2331179
2361170
2368877
6668575
4488555
4449999

6661109
2261139
2761130
2788334
2778344
5758844
5559999

