1114409
1114449
2222666
0332886
5533386
5777788
5579999

1118809
1118449
3388444
0333666
5522226
5777726
5579999

8222209
8883279
5583377
0544376
5544376
1114666
1119999

1114409
1114439
7777433
0575883
6555283
6222288
6669999

6664409
6244489
6238887
0238557
2233577
1113557
1119999

7777409
5754439
5554433
0111883
6111283
6222288
6669999

4455509
4457539
4777733
0111883
6111283
6222288
6669999

4777709
4457539
4455533
0111883
6111283
6222288
6669999

5554409
5754439
7777433
0111883
6111283
6222288
6669999

6833309
6888339
6668557
0111577
4111557
4422227
4429999

6111409
6111449
6668442
0338882
5533382
5777722
5579999

6111309
6111339
6668832
0444832
5544882
5777722
5579999

3111409
3111449
3368442
0368882
5566682
5777722
5579999

8666709
8886779
5586732
0544732
5544332
1114322
1119999

8666309
8886339
5586732
0544732
5544772
1114722
1119999

3222209
3885259
3385557
0388477
6111447
6111447
6669999

8222209
8885259
3385557
0333477
6111447
6111447
6669999

4422709
4442779
5532788
0532786
5533886
1113666
1119999

1114409
1114449
7777832
0788832
6585332
6555322
6669999

6222209
6288449
6668444
0338811
5533311
5777711
5579999

3222209
3288449
3368444
0368811
5566611
5777711
5579999

3222209
3266679
3367777
0365511
4488511
4485511
4889999

4411109
4411189
4238887
0238557
6233577
6223557
6669999

3222209
3211149
3311144
0376844
5576888
5776668
5579999

5533309
5334449
5584422
0788862
7777862
1116662
1119999

4411109
4411139
4777733
0575883
6555283
6222288
6669999

1118809
1118449
3388444
0333755
6277775
6222255
6669999

8666309
8886339
5586237
0544237
5544277
1114227
1119999

3222209
3271119
3371118
0377888
6575844
6555444
6669999

8666209
8886239
5586233
0544223
5544473
1117777
1119999

5533309
5882339
5582222
0788611
7777611
4466611
4449999

5554409
5754449
7733322
0788332
6781112
6881112
6669999

1155509
1157549
1137744
0337844
6327888
6322228
6669999

1133309
1172339
1172222
0778844
6575844
6555884
6669999

5533309
5334449
5574488
0777786
2222886
1112666
1119999

3445509
3444579
3385577
0388876
2222876
1112666
1119999

3555709
3545779
3344788
0344786
2222886
1112666
1119999

3666409
3886449
3386447
0388557
2222577
1112557
1119999

3666709
3886779
3386744
0388744
2222545
1112555
1119999

3335509
4433579
4485577
0488876
2222876
1112666
1119999

8666709
8886779
3386744
0333744
2222545
1112555
1119999

8666409
8886449
3386447
0333557
2222577
1112557
1119999

4455709
4445779
3355788
0333786
2222886
1112666
1119999

1124409
1124449
1127777
0228755
6888335
6833355
6669999

2222709
3332779
5533788
0544786
5544886
1114666
1119999

1133309
1188339
1182222
0882666
7777446
5754446
5559999

1133309
1188339
1182222
0882555
6444575
6447777
6669999

5533309
5882339
5582222
0788666
7777446
1114446
1119999

6833309
6888339
6668112
0444112
5544112
5777722
5579999

4455509
4458579
4888377
0822376
1123376
1123666
1129999

6668809
6558229
6588244
0553244
1133274
1137777
1139999

1155509
1157539
1147733
0447883
6447283
6222288
6669999

1174409
1174439
1177433
0575883
6555283
6222288
6669999

6668809
6558119
6588112
0557112
4477772
4433322
4339999

1133309
1188339
1184422
0884462
7777462
5756662
5559999

8777709
8887119
5583116
0533116
5532666
4432222
4449999

3222209
3266689
3368887
0368557
1144577
1144557
1149999

3222209
3277779
3357588
0355586
1144886
1144666
1149999

1133309
1188339
1186557
0886577
4666557
4422227
4429999

1166609
1165579
1165772
0385572
3388872
3444822
3449999

1166609
1165579
1165772
0485572
4488872
4433822
3339999

1144309
1144339
1148832
0555832
6575882
6777722
6669999

1133309
1188339
1148552
0448852
6447552
6777722
6669999

1133309
1188339
1186662
0885562
7777562
4475522
4449999

1133309
1188339
1186662
0884462
5544462
5777722
5579999

1166609
1164449
1168442
0338882
5533382
5777722
5579999

5554409
5754449
7777388
0223386
1123886
1123666
1129999

6664409
6844439
6888337
0228377
1125357
1125557
1129999

4455509
4457539
4117733
0117883
6117283
6222288
6669999

5544209
5444239
5588233
0118223
6118873
6117777
6669999

4433309
4488339
4118552
0118852
6117552
6777722
6669999

5554409
5754449
7777333
0223386
1128886
1128666
1129999

1144409
1174439
1175533
0775883
6275583
6222288
6669999

6833309
6888339
6668557
0444577
1144557
1122227
1129999

5554409
5754439
7711433
0711883
6711283
6222288
6669999

2222709
3332779
5533788
0511786
5511886
4411666
4449999

8666309
8886339
5586732
0511732
5511772
4411722
4449999

8666709
8886779
5586732
0511732
5511332
4411322
4449999

8666309
8886339
5586237
0511237
5511277
4411227
4449999

4411309
4411339
4711836
0788836
7782666
5752222
5559999

8222209
8883279
5583377
0511376
5511376
4411666
4449999

4471109
4471139
4771133
0575883
6555283
6222288
6669999

5551109
5751139
7741133
0744883
6744283
6222288
6669999

6661109
6221139
6721133
0724883
7724483
5754488
5559999

5551109
5751139
7721133
0724883
6724483
6224488
6669999

