1114409
1114439
5554337
5058377
6888327
6822227
6669999

2266609
2111639
2111633
2085553
8885753
8447777
4449999

2266609
2111639
2111633
2074883
5574483
5774488
5579999

2266609
2111639
2111633
2044883
5544483
5777788
5579999

2233309
2111339
2111666
2044886
5544486
5777788
5579999

2233309
2111339
2111666
2074886
5574486
5774488
5579999

2233309
2111339
2111557
2086577
8886557
8446667
4449999

2233309
2111339
2111666
2085556
8885756
8447777
4449999

2233309
2111339
2111444
2076844
5576888
5776668
5579999

2222709
2111779
3111788
3044786
3344886
5354666
5559999

8222209
8883279
5583377
5044376
5544376
1114666
1119999

5558809
5358449
3388444
3022226
3777726
1117666
1119999

7833309
7888339
7758522
7055542
6111442
6111442
6669999

8666709
8886779
5586732
5044732
5544332
1114322
1119999

8666309
8886339
5586732
5044732
5544772
1114722
1119999

4433309
4442339
2222666
7088611
7558611
7758811
7559999

2211109
2311189
2338887
2038477
6535447
6555447
6669999

2211109
2311179
2337777
2038844
6535844
6555884
6669999

1114409
1114449
2222333
2073386
5578886
5778666
5579999

1114409
1114449
2222388
2073386
5573886
5773666
5579999

2211109
2811139
2888337
2048377
6445357
6445557
6669999

4422709
4442779
5532788
5032786
5533886
1113666
1119999

6668309
6888339
6811132
7011132
7554442
7754422
7559999

8666309
8886339
5586237
5044237
5544277
1114227
1119999

8666209
8886239
5586233
5044223
5544473
1117777
1119999

8855509
2853579
2883377
2044376
2244376
1114666
1119999

8833309
2855339
2885444
2055446
2277776
1117666
1119999

8833309
2855339
2885644
2055644
2266674
1117777
1119999

2233309
2336669
2886111
2086111
5588444
5777744
5579999

2233309
2666339
2886111
2086111
5588444
5777744
5579999

5533309
5882339
5582222
7088666
7741116
7441116
7449999

3335509
4433579
4485577
4088876
2222876
1112666
1119999

2222709
3332779
5533788
5044786
5544886
1114666
1119999

1166609
1165559
1165357
2088377
2448337
2448837
2249999

1166609
1163339
1168833
2044855
2444885
2777755
2279999

1133309
1155339
1157777
2055786
2448886
2448666
2249999

1166609
1168839
1168337
2088377
2445357
2445557
2249999

8777709
8887119
5583116
5033116
5532666
4432222
4449999

7833309
7888339
7758544
7055544
1166642
1162222
1169999

1166609
1165579
1165772
4085572
4488872
4433822
3339999

1188309
1168339
1168832
7066632
7554442
7754422
7559999

1133309
1168339
1168882
7066682
7554442
7754422
7559999

1166609
1168839
1168433
7088443
7552443
7752222
7559999

1166609
1168839
1168334
7088344
7552344
7752222
7559999

2222709
3332779
5533788
5011786
5511886
4411666
4449999

8666309
8886339
5586732
5011732
5511772
4411722
4449999

8666709
8886779
5586732
5011732
5511332
4411322
4449999

8666309
8886339
5586237
5011237
5511277
4411227
4449999

8855509
2853579
2883377
2011376
2211376
4411666
4449999

8222209
8883279
5583377
5011376
5511376
4411666
4449999

7551109
7751139
7551133
7044883
6444283
6222288
6669999

7551109
7751139
7551133
7044883
6244483
6222288
6669999

