7777889
0733389
0335588
1115666
1115526
4422226
4449999

7777889
0766689
0444688
5544611
5222211
5533211
3339999

7777889
0744689
0444688
5566611
5222211
5533211
3339999

7777889
0575389
0555388
4443311
6443211
6222211
6669999

3366679
0333679
0111677
8111575
8882555
4482222
4449999

7777889
0575689
0555688
2366611
2344411
2334411
2239999

7777889
0766689
0111688
2111655
2222335
4433355
4449999

4446889
0446289
0666288
7111255
7111225
7733355
7339999

7777559
0733359
0332558
2222888
6111844
6111444
6669999

8811179
0811179
0883377
4333575
4462555
4462222
6669999

3377779
0333749
0222244
5256844
5556888
1116668
1119999

7777339
0733349
0222244
5256844
5556888
1116668
1119999

8811139
0811139
0886337
5556377
5456667
4422227
4429999

2211139
0211139
0266633
7288643
7558644
7758844
7559999

2211169
0211169
0236667
8233557
8883577
4483557
4449999

2211169
0211169
0236668
7233888
7553844
7753444
7559999

8811139
0811139
0882233
7777243
6575244
6555244
6669999

8811139
0811139
0882233
7666243
7556244
7756244
7559999

8811139
0811139
0882633
2222643
5566644
5777744
5579999

8811169
0811169
0886667
2443557
2443577
2433557
2239999

8811169
0811169
0886667
2344557
2344577
2334557
2239999

8811169
0811169
0886662
3332222
5533444
5777744
5579999

8811169
0811169
0886662
5572222
5777744
5533444
3339999

7777889
0575689
0555688
4466633
4443332
1112222
1119999

7777889
0575689
0555688
4433666
4443332
1112222
1119999

8811169
0811169
0886662
3334442
5533442
5777722
5579999

7777889
0766689
0553688
2253611
2553311
2444311
2449999

2222639
0882639
0866633
8811143
5511144
5777744
5579999

8811169
0811169
0886667
2222557
4442577
4433557
3339999

8811169
0811169
0886667
2222557
3332577
4433557
4449999

4445559
0445759
0337777
2233311
2666811
2688811
2689999

8811179
0811179
0884477
2244476
2553336
2533666
2559999

8811139
0811139
0885533
7777543
6275544
6222244
6669999

8822229
0826669
0886111
3336111
5533444
5777744
5579999

8822229
0826669
0886111
5576111
5777744
5533444
3339999

4441119
0441119
0755588
2753586
2773886
2733666
2239999

2286669
0288869
0233867
5253337
5554477
1114447
1119999

2244889
0244839
0248837
5256337
5556377
1116667
1119999

2236669
0238869
0233867
5253887
5554477
1114447
1119999

2244889
0244389
0247388
5257336
5557736
1117666
1119999

2222889
0352589
0355588
3371116
3471116
4477666
4479999

2266639
0268839
0267833
5257883
5557744
1117444
1119999

2222889
0352589
0355588
7331116
7731116
7444666
7449999

8855539
0856539
0886337
2666377
2441117
2441117
2249999

8822229
0826669
0886557
4446577
4433557
1113337
1119999

7777889
0575689
0555688
2222666
2333444
1113344
1119999

4445559
0445859
0788811
2783611
2773611
2733666
2239999

2275539
0277539
0275533
8276663
8886111
4486111
4449999

2244439
0244839
0288833
7286663
7556111
7756111
7559999

2244889
0244689
0234688
7233666
7553111
7753111
7559999

4441119
0441119
0333862
3388862
5586662
5777722
5579999

7777239
0575239
0555233
8666223
8886111
4486111
4449999

8844239
0844239
0884233
7777223
6575111
6555111
6669999

8844239
0844239
0884233
7666223
7556111
7756111
7559999

7777239
0575239
0555233
8844223
6844111
6884111
6669999

2222889
0442839
0448837
5456337
5556377
1116667
1119999

2222889
0442389
0447388
5457336
5557736
1117666
1119999

7777889
0575689
0555688
2344666
2344111
2334111
2239999

2222639
0882639
0866633
8875543
7777544
1115544
1119999

2222449
0882449
0866647
8833677
3335657
1115557
1119999

7777889
0575689
0555688
2443666
2443111
2433111
2239999

7777449
0575449
0555422
6663112
6883112
6833112
8839999

7777449
0575449
0555422
6668112
6888112
6833112
3339999

8855539
0856539
0886334
2666344
2222744
1117777
1119999

8855539
0856539
0886337
2666377
2222447
1114447
1119999

7777889
0766689
0333688
3322655
1124445
1124455
1129999

7777239
0575239
0555233
1188223
1168444
1168844
6669999

3322229
0333829
0444888
7446668
7556111
7756111
7559999

8855539
0857539
0887433
1177443
1167442
1162222
6669999

7777889
0575689
0555688
2222666
4442111
4433111
3339999

7777889
0575689
0555688
2222666
3332111
4433111
4449999

7777449
0575449
0555422
1186662
1188862
1133862
3339999

7777229
0575249
0555244
6668244
6888111
6833111
3339999

7777229
0575249
0555244
6663244
6883111
6833111
8839999

8822229
0824479
0884477
1154576
1155576
1133666
3339999

8855539
0857539
0887233
1177243
1167244
1162244
6669999

2222889
0442689
0444688
1166655
1177775
1133755
3339999

2222889
0442839
0448833
1145553
1165753
1167777
6669999

2222889
0442389
0443388
1143555
1163575
1167777
6669999

8877779
0855739
0885334
1155344
1162344
1162222
6669999

8877779
0855739
0885433
1155443
1162443
1162222
6669999

7777449
0575449
0555422
3336662
1133862
1188862
1189999

4443889
0443389
0116388
2116355
2116665
2777755
2279999

8855579
0854579
0884477
1124476
1122226
1133666
3339999

2222889
0112839
0118833
7116663
7556443
7756444
7559999

2222889
0112839
0118833
4115553
4465753
4467777
6669999

2222889
0112389
0113388
4113555
4463575
4467777
6669999

2222889
0112389
0113388
7113666
7553446
7754446
7559999

4446669
0446559
0116522
7118552
7118882
7733382
7339999

4445559
0445759
0337777
2233386
2118886
2118666
2119999

7777119
0575119
0555112
6663442
6883442
6833422
8839999

7777119
0575119
0555112
6668442
6888442
6833422
3339999

2211889
0211689
0211688
4266655
4477775
4433755
3339999

2222119
0442119
0444117
6668557
6888577
6833557
3339999

2222119
0442119
0444117
6663557
6883577
6833557
8839999

2286669
0288869
0211867
4211557
4411577
4433557
3339999

2222639
0882639
0866633
8875543
1177544
1175544
1179999

2222449
0882449
0866647
8863557
1163577
1133557
1139999

2222639
0882639
0866633
8871143
5571144
5771144
5579999

