8822229
0827449
3887444
3307711
6357511
6355511
6669999

6667559
0367759
3367552
3807442
3888442
1118422
1119999

8811169
0811169
2886667
2505477
2555447
2233447
3339999

3377779
0333749
6668844
6505844
6555882
1112222
1119999

7777339
0733349
6668844
6505844
6555882
1112222
1119999

5511179
0511179
5566677
2208674
2888644
2833344
2339999

8822229
0821119
3881117
3304557
6344577
6344557
6669999

7777889
0744489
2554488
2501116
2551116
2233666
3339999

2244889
0244389
6243388
6203555
6663575
1117777
1119999

2244889
0244839
6248833
6205553
6665753
1117777
1119999

2277779
0257539
6255533
6204883
6664483
1114488
1119999

5531119
0531119
5533444
8803744
6877772
6882222
6669999

8822229
0826669
4886557
4406577
4433557
1113337
1119999

4445559
0445259
7222211
7703611
7883611
7833666
8839999

4445559
0445259
7222211
7708611
7888611
7833666
3339999

6665559
0365759
3367777
3802222
3888442
1118444
1119999

2244889
0244689
3247688
3207666
3377111
5357111
5559999

4441119
0441119
6662222
6302555
6388575
3387777
3889999

3322229
0333729
6667777
6505884
6555844
1118844
1119999

7777889
0744689
2444688
2505666
2555111
2233111
3339999

5544239
0544239
5547233
8807223
6877111
6887111
6669999

2222889
0442839
6448833
6405553
6665753
1117777
1119999

5544889
0544689
5547688
2307666
2377111
2337111
2239999

2222889
0442389
6443388
6403555
6663575
1117777
1119999

4441119
0441119
2222557
8802577
6833557
6883337
6669999

6662249
0362449
3362447
3802557
3888577
1118557
1119999

6664449
0362449
3362222
3807777
3888575
1118555
1119999

2222889
0442689
3447688
3407666
3377111
5357111
5559999

5566639
0568839
5567833
2207883
2477111
2447111
2449999

5544889
0544869
5548862
1106662
1177772
1133722
3339999

5566689
0568889
5568442
1104442
1177772
1133722
3339999

2222889
0442839
4448833
1105553
1165753
1167777
6669999

2222889
0442389
4443388
1103555
1163575
1167777
6669999

5544889
0544389
5547388
2207336
2117736
2117666
2119999

5566639
0568839
5567833
2207883
2117744
2117444
2119999

5536669
0538869
5533867
2203887
2114477
2114447
2119999

5511889
0511389
5511388
2207336
2777736
2444666
2449999

5544889
0544839
5548837
2206337
2116377
2116667
2119999

5586669
0588869
5533867
2203337
2114477
2114447
2119999

7777889
0731189
2331188
2301155
2364445
2264455
6669999

