5522229
0573329
5577333
8870411
6874411
6884411
6669999

5522229
0566629
5567777
3360711
4333811
4488811
4489999

3366679
0333679
4488677
4480575
4882555
1112222
1119999

5511169
0511169
5586667
8880337
8433377
4422227
4429999

5511179
0511179
5532277
8830274
6833244
6883244
6669999

7777889
0711189
5511188
5330666
5533326
4422226
4449999

5511179
0511179
5538877
2330876
2344886
2344666
2249999

8811169
0811169
2886667
2440557
2444577
2233557
3339999

7777449
0784449
5588822
5330862
5533362
1116662
1119999

5511179
0511179
5538877
2230876
2433886
2443666
2449999

5522229
0521119
5531117
8830477
6833447
6883447
6669999

8822229
0821119
3881117
3340557
6344577
6344557
6669999

5544889
0544789
5547788
3330711
6233711
6222211
6669999

2222889
0352589
7355588
7330666
7731116
7441116
4449999

5571119
0571119
5577666
2370886
2344486
2334488
2239999

2273889
0273389
6277388
6270355
6664445
1114455
1119999

5571119
0571119
5577422
8870442
6833442
6883332
6669999

5522229
0523449
5533447
8830477
6831117
6881117
6669999

5571119
0571119
5577322
8870332
6844432
6884432
6669999

2271119
0271119
3277666
3270886
3344486
5354488
5559999

5522229
0566629
5533611
3330611
4488711
4487777
4889999

4441119
0441119
2222666
2330886
5533386
5777788
5579999

7777889
0575689
2555688
2440666
2444111
2233111
3339999

5586669
0588869
5533867
3330477
2222447
1112447
1119999

4441119
0441119
8855562
7850562
7886662
7733322
7339999

3336669
0433869
4488867
4480557
2222577
1112557
1119999

7777239
0744239
8444233
8880223
6585111
6555111
6669999

4441119
0441119
7777666
5570886
5222286
5533288
3339999

5566689
0568889
5568112
7440112
7444112
7733322
7339999

5522229
0523119
5533117
8830117
6834477
6884447
6669999

5564449
0564479
5566672
3330772
1133872
1188822
1189999

5544479
0524479
5528877
1120876
1122886
1133666
3339999

3377779
0333749
8222244
8880244
6585111
6555111
6669999

7777339
0733349
8222244
8880244
6585111
6555111
6669999

5564449
0564479
5566672
1180772
1188872
1133822
3339999

2222889
0442879
4448877
1150576
1155576
1133666
3339999

8844119
0844119
3884117
3350577
6355527
6322227
6669999

5573889
0573389
5577388
1170344
1162444
1162222
6669999

5544479
0584479
5588877
1120876
1122226
1133666
3339999

5511889
0511789
5511788
3330774
6233744
6222244
6669999

5511889
0511389
5511388
2270336
2777736
2444666
2449999

5588449
0568449
5568847
6660337
1133377
1122227
1129999

5566689
0568889
5568447
3330447
1133477
1122227
1129999

