5522229
0573329
5577333
8874011
6874411
6884411
6669999

4445579
0445779
1115572
1118072
6888332
6833322
6669999

8822229
0827449
3887444
3377011
6357511
6355511
6669999

8855579
0853579
4883776
4433076
4432666
1112222
1119999

7777449
0575449
2555488
2111086
2111886
2233666
3339999

7777449
0755449
6665432
6855032
6888332
1118322
1119999

7777889
0711189
2411188
2445056
2445556
2233666
3339999

7777889
0711189
2211188
2445056
2445556
2433666
3339999

5511179
0511179
5586772
8886072
8666332
4433322
4449999

5511179
0511179
5586772
8886072
8336662
4433322
4449999

4445559
0445759
3337777
2233011
2666811
2688811
2689999

8822229
0821119
3881117
3355077
6354447
6355447
6669999

4441119
0441119
2777788
2575086
2555886
2233666
3339999

6661119
0761119
2768844
2778044
2788545
2233555
3339999

5522229
0533329
5544337
8844077
6841117
6881117
6669999

5586669
0588869
5533864
3332044
2222744
1117777
1119999

5586669
0588869
5533867
3332077
2222447
1114447
1119999

2286669
0288869
3244867
3244077
3341117
5351117
5559999

5586669
0588869
5544867
2344077
2341117
2331117
2239999

4441119
0441119
6662222
6882055
6877775
8833755
3339999

5522229
0588329
5583311
4883011
4463711
4467777
6669999

5522229
0533329
5586334
8886044
8666744
1117777
1119999

5522229
0533329
5586337
8886077
8666447
1114447
1119999

7777889
0755849
2658844
2655044
2666111
2233111
3339999

4441119
0441119
6665552
6885052
6877772
8833722
3339999

4441119
0441119
8777732
8887032
6585332
6555322
6669999

3334449
0733449
7777552
1188052
1168552
1168822
6669999

2222449
0112449
3117488
3117086
3377886
5357666
5559999

7777889
0744489
2114488
2115056
2115556
2233666
3339999

7777439
0784439
8884433
8115053
6115552
6112222
6669999

4445559
0445759
3337777
2233086
2118886
2118666
2119999

5586669
0588869
5511867
2311077
2311447
2334447
2239999

5586669
0588869
5511864
2311044
2311744
2337777
2239999

2286669
0288869
3211864
3211044
3311744
5357777
5559999

2286669
0288869
3211867
3211077
3311447
5354447
5559999

5522229
0533329
5511337
8811077
6811447
6884447
6669999

5522229
0533329
5511334
8811044
6811744
6887777
6669999

