7777229
0755239
6665233
6855203
6888443
1118444
1119999

5522229
0524449
5533447
3338807
6111877
6111887
6669999

7777839
0788839
6585332
6555302
6664442
1114422
1119999

5511169
0511169
5586667
3388807
4333877
4422227
4429999

7777889
0711189
3311188
4333505
4462555
4462222
6669999

5511169
0511169
5536667
2338807
2344877
2344887
2249999

5544889
0544489
5511188
2311106
2377776
2337666
2239999

5511139
0511139
5578833
7777803
6444882
6442222
6669999

5511139
0511139
5544433
8844703
6877772
6882222
6669999

2244889
0244489
3211188
3211106
3377776
5357666
5559999

8866639
0855639
4885633
4455703
4477772
1112222
1119999

5522229
0524439
5544433
8811103
6811173
6887777
6669999

8811169
0811169
3886662
3777702
3374442
5354422
5559999

5511169
0511169
5536667
2238807
2433877
2443887
2449999

5511169
0511169
5586667
2288807
2433877
2443337
2449999

5571119
0571119
5577333
2273304
2666844
2688844
2689999

5571119
0571119
5577666
2278604
2888644
2833344
2339999

5534449
0533449
5583666
8883206
8222276
1117777
1119999

2255739
0257739
6255733
6288703
6668444
1118844
1119999

4441119
0441119
8666322
8886302
5586332
5777732
5579999

4445559
0445859
2237888
2337708
2367111
2367111
6669999

2275539
0277539
6275533
6278803
6668111
4488111
4449999

7777449
0374449
3322555
3882505
3862111
8862111
6669999

7777449
0784449
8883355
8333605
2222655
1112666
1119999

5566639
0588639
5587633
2887703
2447111
2447111
2249999

4445559
0445859
6667888
2367708
2367111
2337111
2239999

6665559
0365859
3367888
3227708
3427111
4427111
4429999

4445559
0445859
3227888
3327708
6327111
6327111
6669999

5522889
0524489
5524488
1124706
1177776
1133666
3339999

5522889
0524489
5524488
1127406
1177776
1133666
3339999

3322229
0333829
7777888
1175508
1165444
1165544
6669999

7777239
0744239
8444233
8882203
6585111
6555111
6669999

4445559
0445859
6667888
6327708
6327111
3327111
3229999

5544469
0524469
5526667
1128807
1122877
1133887
3339999

5522229
0567829
5567888
6667708
3337111
4433111
4449999

5522229
0567829
5567888
6667708
4447111
4433111
3339999

3322229
0333829
5557888
5457708
6447111
6447111
6669999

3322229
0333829
6667888
4467708
4467111
5457111
5559999

3322229
0333829
6667888
6447708
6447111
5457111
5559999

3322229
0333829
5557888
5457708
4467111
4467111
6669999

5524889
0524489
5524488
1122706
1177776
1133666
3339999

5586669
0588869
5544862
1144402
1177772
1133722
3339999

5588449
0568449
5568842
1166602
1177772
1133722
3339999

3334449
0733449
7777552
1188502
1168552
1168822
6669999

4445559
0445859
7777888
1173308
1162333
1162222
6669999

7777889
0744489
3334488
1133505
1162555
1162222
6669999

2222889
0112489
3114488
3114406
3377776
5357666
5559999

7777449
0783449
8883422
8113302
6115352
6115552
6669999

5574439
0574439
5577433
2276803
2116888
2116668
2119999

5511889
0511789
5511788
3337704
6233744
6222244
6669999

5566689
0568889
5568337
2233307
2114477
2114447
2119999

5586669
0588869
5533867
3334407
1144477
1122227
1129999

5511449
0511449
5511247
6663207
6883277
6833227
8839999

5511449
0511449
5511247
6668207
6888277
6833227
3339999

5566639
0568839
5568337
2288307
2114477
2114447
2119999

7777449
0783449
8883455
8113305
6112355
6112222
6669999

5522229
0523339
5578833
7777806
1144886
1144666
1149999

5511449
0511449
5511742
6668702
6888772
6833722
3339999

5511449
0511449
5511742
6663702
6883772
6833722
8839999

7777119
0788119
3448116
3448806
3342666
5352222
5559999

8844119
0844119
3884116
3777706
3372666
5352222
5559999

7777119
0788119
5558116
5358806
4332666
4432222
4439999

7777119
0788119
4438116
4438806
4332666
5352222
5559999

7777119
0788119
5558116
5358806
3342666
3442222
3449999

5511229
0511239
5511233
8844203
6844473
6887777
6669999

5511889
0511689
5511688
7266604
7222244
7733344
7339999

5522229
0521139
5581133
8881103
8466673
4467777
4469999

7777449
0274449
8222255
8883605
1183655
1133666
1139999

5522229
0573329
5577333
8871104
6871144
6881144
6669999

5521139
0521139
5521133
7226803
7746888
7446668
7449999

