7777889
0722389
1112388
1112330
6662535
6444555
6449999

7777889
0722389
1112388
1112330
6442535
6444555
6669999

8855579
0853579
4883677
4433670
4432666
1112222
1119999

6664449
0364479
3367777
3822220
3888525
1118555
1119999

7777889
0744389
2444388
2222330
6111535
6111555
6669999

8855579
0853579
2883377
2222370
6111344
6111444
6669999

5511179
0511179
5533377
2336870
2446888
2446668
2249999

5566639
0567339
5567388
4477380
4447882
1112222
1119999

5571119
0571119
5577333
2273340
2666844
2688844
2689999

5571119
0571119
5577666
2278640
2888644
2833344
2339999

2244889
0244389
6247388
6277330
6667535
1117555
1119999

7777449
0784449
8883355
8333650
2222655
1112666
1119999

2222889
0442389
6447388
6477330
6667535
1117555
1119999

5566679
0588679
5538677
2338870
2344111
2344111
2249999

5542279
0544279
5544277
6663270
6883111
6833111
8839999

5542279
0544279
5544277
6668270
6888111
6833111
3339999

6661119
0361119
3367777
3555870
3525888
4422228
4449999

5544279
0544279
5534277
8832270
6833111
6883111
6669999

4443889
0443389
7777388
1175350
1165552
1162222
6669999

5544479
0534479
5538877
1133870
1163882
1162222
6669999

4445559
0445359
7777388
1173380
1163882
1162222
6669999

5544479
0584479
5588877
1133870
1163332
1162222
6669999

2222889
0352589
7355588
7336660
7736111
7446111
4449999

7777889
0755389
4445388
4455330
1166632
1162222
1169999

5544889
0544389
5574388
7777330
1166632
1162222
1169999

5544479
0564479
5568877
6663870
1133882
1132222
1139999

5566679
0588679
5538677
2238870
2433111
2443111
2449999

7777449
0274449
8222233
8883330
6585111
6555111
6669999

2222889
0442389
4447388
1177330
1167535
1167555
6669999

5544479
0544879
5588877
1183370
1162333
1162222
6669999

5511889
0511789
5511788
3337740
6233744
6222244
6669999

5566679
0564479
5564477
3334870
1133888
1122228
1129999

5566679
0544679
5544677
3334870
1133888
1122228
1129999

7777449
0783449
8883455
8113350
6112355
6112222
6669999

5566679
0568879
5568377
2288370
2113344
2113444
2119999

3366679
0333679
4455677
4445870
1155888
1122228
1129999

5566679
0511679
5511677
3311870
4333888
4422228
4429999

5511889
0511389
5511388
6667330
6777732
6442222
4449999

5511889
0511389
5511388
7777330
4766632
4462222
4469999

5566679
0511679
5511677
2211870
2433888
2443338
2449999

5511889
0511689
5511688
7266640
7222244
7733344
7339999

8822229
0824479
3884477
3311470
6311575
6311555
6669999

4446229
0446279
8666277
8883270
1183575
1133555
1139999

8844229
0844279
3884277
3311270
6311575
6311555
6669999

8822229
0821179
3881177
3341170
6344575
6344555
6669999

7777449
0274449
8222255
8883650
1183655
1133666
1139999

6661179
0361179
3361177
3555870
3525888
4422228
4449999

5522229
0573329
5577333
8871140
6871144
6881144
6669999

