3322229
0333729
1117777
1118666
0888446
5854446
5559999

7777889
0575689
2555688
2222666
0333444
1113344
1119999

7777889
0766689
2222688
2111655
0111335
4433355
4449999

8811169
0811169
3886667
3322227
0324477
5354447
5559999

5522889
0562789
5562788
6662774
0333744
1113344
1119999

5566689
0568889
5568422
7777442
0733442
1113332
1119999

5566689
0568889
5568322
7777332
0744432
1114432
1119999

5566689
0568889
5568722
3377772
0333442
1114442
1119999

5586669
0588869
5533862
3332222
0777744
1117444
1119999

5511169
0511169
5586667
3388877
0333827
4422227
4449999

5522229
0523339
5533666
7777886
0711186
4411188
4449999

2222889
0442879
4448877
5511176
0511176
5533666
3339999

5566689
0568889
5568322
7777332
0711132
4411132
4449999

5566639
0568839
5562833
2222883
0777744
1117444
1119999

5544889
0544389
5542388
2222336
0777736
1117666
1119999

5522229
0523339
5533666
7777886
0744486
1114488
1119999

7777889
0744489
3334488
5533111
0562111
5562222
6669999

5566679
0568879
5568277
3388274
0333244
1112244
1119999

4445559
0445659
2222611
2366611
0388711
3387777
3889999

4445559
0445359
2222311
2883311
0863711
8867777
6669999

8822229
0866629
3884611
3344611
0344711
5357777
5559999

3322229
0333729
5557777
5854446
0888446
1118666
1119999

5522449
0524449
5528666
3328886
0333786
1117777
1119999

7777889
0744489
6664488
5562222
0562111
5533111
3339999

3334449
0733449
7777112
5588112
0568112
5568822
6669999

2222889
0442689
3447688
3347666
0377111
5357111
5559999

7777119
0722119
6662118
5562888
0562844
5533444
3339999

3322229
0333829
7777888
5571148
0561144
5561144
6669999

