7777889
0733869
3338862
5556662
5054442
1114422
1119999

8811169
0811169
2886667
2444557
2044577
2233557
3339999

2222889
0442879
4448877
5511176
5011176
5533666
3339999

5571119
0571119
5577388
2273386
2043886
2443666
2449999

5511179
0511179
5538877
2233876
2043886
2443666
2449999

5511139
0511139
5586337
8886377
8026667
4422227
4449999

5571119
0571119
5577333
2273386
2048886
2448666
2449999

7777889
0733689
3332688
5552666
5052444
1112244
1119999

8811139
0811139
2885533
2222543
6075544
6777744
6669999

4441119
0441119
2833355
2888335
2068755
2267777
6669999

7777439
0784439
8884433
8551113
6051112
6552222
6669999

5522229
0523339
5584433
8884446
8077776
1117666
1119999

5522229
0523339
5587433
8887446
8077446
1117666
1119999

5522229
0524449
5584433
8883336
8077776
1117666
1119999

7777889
0744489
3334488
5533111
5062111
5562222
6669999

5522229
0526669
5586447
8886447
8033477
1113337
1119999

5522229
0526669
5584467
8884467
8033477
1113337
1119999

5566689
0568889
5568447
2222447
2033477
1113337
1119999

5544889
0544489
5533388
2222336
2077776
1117666
1119999

4441119
0441119
8777722
8887552
6083352
6333552
6669999

5566689
0568889
5568337
2233377
2041117
2441117
2449999

5566639
0568839
5568337
2288377
2041117
2441117
2449999

5522229
0566629
5583611
8883611
8033711
4437777
4449999

5522229
0533329
5587334
8887644
8077644
1117666
1119999

5522229
0544429
5584433
8883336
8077776
1117666
1119999

7777889
0575689
2555688
2444666
2044111
2233111
3339999

4441119
0441119
8333552
8883352
6087552
6777722
6669999

7777449
0783449
8883411
8553311
6052311
6552222
6669999

2222889
0442839
4448837
5556337
5056377
1116667
1119999

2222889
0442389
4447388
5557336
5057736
1117666
1119999

7777889
0744489
6664488
5562222
5062111
5533111
3339999

6665559
0365759
3367777
3882222
3082111
4488111
4449999

5566689
0568889
5568112
7444112
7044112
7733322
7339999

3334449
0733449
7777112
5588112
5068112
5568822
6669999

7777889
0733689
3332688
5552666
5052111
4422111
4449999

5566639
0568839
5567833
2277883
2047111
2447111
2449999

7777119
0722119
6662118
5562888
5062844
5533444
3339999

7777119
0575119
8555112
8882222
6083344
6333444
6669999

7777119
0783119
8883114
8553344
6052344
6552222
6669999

3322229
0333829
7777888
5571148
5061144
5561144
6669999

