7777339
0733389
1118882
1118442
6505442
6555422
6669999

7777449
0788449
1118432
1118832
6505332
6555322
6669999

3377779
0333789
1118882
1118442
6505442
6555422
6669999

3322229
0333729
1117777
1118844
6505844
6555884
6669999

6665559
0365759
3368774
3888744
3802744
1112222
1119999

6664479
0364479
3368477
3888575
3802555
1112222
1119999

7777889
0766689
3111688
3111644
3302444
5352222
5559999

6665559
0365259
3368244
3888244
3802274
1117777
1119999

7777449
0784449
5588832
5666832
5506332
1116322
1119999

7777889
0766689
2222688
2333655
3304445
1114455
1119999

5511139
0511139
5586337
8886377
8406667
4422227
4429999

2211179
0211179
3266677
3288674
3308644
5358844
5559999

8811179
0811179
3882277
3355274
6305244
6355244
6669999

5511179
0511179
5532277
8833274
6803244
6883244
6669999

8811179
0811179
3882277
3666274
3306244
5356244
5559999

7777839
0788839
5582233
5666243
5506244
1116244
1119999

7777449
0784449
5588822
5333862
5503362
1116662
1119999

7777889
0711189
5511188
5333666
5503326
4422226
4449999

7777449
0784449
8885522
8333562
3305562
1116662
1119999

5511179
0511179
5566677
2388674
2308644
2338844
2239999

8811169
0811169
2886667
2555477
2505447
2233447
3339999

5522229
0511129
5511188
4777786
4407886
4433666
3339999

3377779
0333749
6668844
6555844
6505882
1112222
1119999

7777889
0575689
4555688
4466633
4403332
1112222
1119999

7777889
0766689
5544688
5444633
5503332
1112222
1119999

7777339
0733349
6668844
6555844
6505882
1112222
1119999

7777889
0575689
4555688
4433666
4403332
1112222
1119999

5571119
0571119
5577388
2273386
2403886
2443666
2449999

5511179
0511179
5538877
2233876
2403886
2443666
2449999

5571119
0571119
5577333
2273386
2408886
2448666
2449999

8822229
0821119
3881117
3666477
3306447
5356447
5559999

5522229
0521119
5531117
8833477
6803447
6883447
6669999

8822229
0821119
3881117
3355477
6305447
6355447
6669999

5521119
0521119
5523666
7223886
7703386
7444388
7449999

5521119
0521119
5528666
7228886
7703386
7444333
7449999

2222449
0682449
3688847
3666877
3301117
5351117
5559999

7777339
0733329
5522228
5666888
5506844
1116444
1119999

3377779
0333729
5522228
5666888
5506844
1116444
1119999

2222449
0382449
3388847
3666877
3601117
5651117
5559999

5522229
0533329
5544337
8844477
6801117
6881117
6669999

7777439
0784439
8884433
8551113
6501112
6552222
6669999

5522229
0544429
5544337
8833377
6801117
6881117
6669999

5574439
0574439
5577433
8871113
6801112
6882222
6669999

2286669
0288869
3244867
3244477
3301117
5351117
5559999

2288449
0268449
3268847
3266677
3301117
5351117
5559999

5571119
0571119
5577444
2376844
2306888
2336668
2239999

5571119
0571119
5577666
2374886
2304486
2334488
2239999

3336669
0433869
4488862
4481112
5501112
5777722
5579999

5522229
0588729
5587777
4881116
4401116
4433666
3339999

5566689
0568889
5568211
7222211
7703311
7444333
7449999

5586669
0588869
5544867
2344477
2301117
2331117
2239999

5588449
0568449
5568847
2366677
2301117
2331117
2239999

7777889
0374489
3344488
3666111
3602111
5652222
5559999

4445559
0445759
3337777
8833111
6802111
6882222
6669999

5524439
0524439
5524337
8822377
6801117
6881117
6669999

5523449
0523449
5523347
8822377
6801117
6881117
6669999

7777889
0674489
3644488
3666111
3302111
5352222
5559999

8822229
0826449
3886447
3666477
3301117
5351117
5559999

5571119
0571119
5577322
8874332
6804432
6884432
6669999

5571119
0571119
5577322
8873342
6803442
6883442
6669999

2271119
0271119
3277444
3276844
3306888
5356668
5559999

2271119
0271119
3277666
3274886
3304486
5354488
5559999

5526669
0526889
5526811
7228811
7703311
7444333
7449999

5566689
0568889
5568337
2233377
2401117
2441117
2449999

2244889
0244689
3247688
3277666
3307111
5357111
5559999

5566639
0568839
5568337
2288377
2401117
2441117
2449999

5522229
0588329
5583311
7883611
7703611
7444666
7449999

5522229
0534429
5534411
8833411
6803711
6887777
6669999

5522229
0544329
5544311
8843311
6803711
6887777
6669999

3322229
0333729
6667777
6555884
6505844
1118844
1119999

3322229
0333729
5577778
5666888
5506844
1116444
1119999

4441119
0441119
2222666
2333886
5503386
5777788
5579999

4445559
0445859
2666888
2677778
2607111
2233111
3339999

7777889
0744689
2444688
2555666
2505111
2233111
3339999

4445559
0445759
3337711
8833711
6802711
6882222
6669999

7777449
0783449
8883411
8553311
6502311
6552222
6669999

5544239
0544239
5547233
8877223
6807111
6887111
6669999

5544889
0544689
5547688
2377666
2307111
2337111
2239999

4445559
0445859
7777888
2376668
2306111
2336111
2239999

7777449
0784449
8883322
8333112
6505112
6555112
6669999

7777889
0722689
5552688
5452666
4402111
4433111
3339999

7777449
0722449
6662545
6882555
6802111
8833111
3339999

7777889
0722689
5552688
5352666
3302111
3444111
3449999

5571119
0571119
5577333
8873344
6802444
6882222
6669999

4441119
0441119
3337777
8833575
6802555
6882222
6669999

5571119
0571119
5577444
8873344
6802333
6882222
6669999

4445559
0445759
6667777
6882222
6802111
8833111
3339999

5522449
0527449
5527488
1127786
1107886
1133666
3339999

8822229
0826119
3886117
3666117
3304477
5354447
5559999

3322229
0333829
4447888
4477778
6505111
6555111
6669999

3322229
0333829
7777888
4476668
4406111
5456111
5559999

2222889
0442689
3447688
3477666
3307111
5357111
5559999

5566689
0568889
5568722
1177772
1104442
1133442
3339999

5566639
0568839
5567833
2277883
2407111
2447111
2449999

7777119
0733119
3332118
2222888
6505844
6555444
6669999

2222889
0112869
3118867
3116667
3304477
5354447
5559999

2222889
0112879
3118877
3114476
3304476
5354666
5559999

2222449
0112449
3117488
3117786
3307886
5357666
5559999

2222889
0112689
3117688
3117666
3307744
5357444
5559999

2222449
0112449
3118847
3116877
3306887
5356667
5559999

2222889
0112789
3117788
3116744
3306744
5356664
5559999

5586669
0588869
5533867
3334447
1104477
1122227
1129999

5586669
0588869
5533867
3334477
1104447
1122227
1129999

5577779
0567349
5563344
6663844
1103888
1122228
1129999

5577779
0511739
5511433
8811443
6802443
6882222
6669999

5577779
0511739
5511334
8811344
6802344
6882222
6669999

7777119
0783119
8883114
8553344
6502344
6552222
6669999

4445559
0445359
7777332
8871132
6801132
6881122
6669999

4441179
0441179
3331177
8833575
6802555
6882222
6669999

