7777889
0744489
6664488
6325511
6320511
3325511
3229999

7777889
0766689
2222688
1112655
1110335
4433355
4449999

6667889
0367789
3367288
3447211
3440211
5452211
5559999

7777889
0766689
2222688
2333611
3350511
4455511
4449999

7777889
0744489
6664488
2365511
2360511
2335511
2239999

7777889
0744489
2554488
2566611
2550611
2233611
3339999

7777889
0744489
3224488
3325511
6320511
6325511
6669999

8811179
0811179
3882277
3355274
6350244
6355244
6669999

8811169
0811169
2886667
2444557
2440577
2233557
3339999

5522229
0511129
5511188
4777786
4470886
4433666
3339999

7777889
0711189
6211188
6222255
6660335
4433355
4449999

7777839
0788839
6585433
6555443
6660442
1112222
1119999

7777889
0744489
3334488
2233611
2550611
2566611
2559999

7777889
0744489
2234488
2335511
2360511
2365511
6669999

8822229
0821119
3881117
3355477
6350447
6355447
6669999

8811169
0811169
2886667
2222557
3330577
4433557
4449999

8811169
0811169
2886667
2222557
4440577
4433557
3339999

7777839
0788839
6585233
6555243
6660244
1112244
1119999

5531119
0531119
5533447
6663447
6880477
6822227
8829999

7777889
0575689
2555688
2444666
2440111
2233111
3339999

5522889
0572689
5572688
4772666
4470111
4433111
3339999

6661119
0361119
3368557
3888577
3820557
4422227
4449999

5566689
0568889
5568112
7444112
7440112
7733322
7339999

5566689
0568889
5568112
7777112
4470112
4433322
4339999

3322229
0333829
7777888
1175548
1160544
1165544
6669999

5522229
0544829
5544888
1143338
1160733
1167777
6669999

5522229
0574429
5574488
1177486
1170886
1133666
3339999

5544229
0544429
5566627
1168827
1160877
1133887
3339999

5546669
0544369
5544362
7777332
1170832
1188822
1189999

5522229
0576829
5576888
4776668
4470111
4433111
3339999

7777889
0575689
2555688
2222666
4440111
4433111
3339999

7777889
0575689
2555688
2222666
3330111
4433111
4449999

5544889
0544839
5548833
1122223
1160723
1167777
6669999

2222889
0442879
4448877
1155576
1150576
1133666
3339999

5577779
0522789
5528884
1128644
1120644
1133666
3339999

8844119
0844119
3884117
3355577
6350527
6322227
6669999

4445559
0445859
2222888
2113338
6110733
6117777
6669999

5566689
0568889
5568334
2233344
2110744
2117777
2119999

5566689
0568889
5568337
2233377
2110447
2114447
2119999

5566639
0568839
5568334
2288344
2110744
2117777
2119999

5566639
0568839
5568337
2288377
2110447
2114447
2119999

5566679
0561179
5561177
2231174
2330844
2388844
2389999

5522229
0571129
5571188
4771186
4470886
4433666
3339999

