2222889
0452589
4455588
4433311
6337011
6777711
6669999

7777889
0744489
6664488
6325511
6325011
3325511
3229999

7777839
0788839
6585334
6555344
6662044
1112222
1119999

4443889
0443389
2222388
2555311
6575011
6777711
6669999

5566689
0568889
5568333
2443311
2444011
2777711
2279999

7777889
0744489
6664488
2365511
2365011
2335511
2239999

7777889
0575689
2555688
2111666
2111044
2233444
3339999

5564449
0564439
5566633
2111883
2111083
2777788
2279999

7777889
0766689
5552688
5352611
3342011
3442211
3449999

7777889
0766689
4432688
4432611
4332011
5352211
5559999

8866629
0855629
4885627
4455227
4433077
1113337
1119999

7777889
0766689
5552688
5352611
4332011
4432211
4439999

6663889
0463389
4462388
4472311
5572011
5772211
5579999

7777889
0766689
3442688
3442611
3342011
5352211
5559999

7777449
0784449
8883322
8333552
6111052
6111552
6669999

7777559
0766659
4468552
4468882
4333082
1113322
1119999

5566689
0568889
5568442
7111442
7111042
7733322
7339999

5522229
0544429
5544666
7111886
7111086
7733388
7339999

8811169
0811169
3886664
3777744
3372044
5352222
5559999

7777889
0744489
3224488
3325511
6325011
6325511
6669999

5511169
0511169
5586667
8883337
8433077
4422227
4429999

7777889
0711189
3311188
2333666
2445056
2445556
2249999

7777889
0711189
2411188
2445556
2445056
2233666
3339999

5544229
0544429
5511127
8811127
6833077
6883337
6669999

5511169
0511169
5586667
8883377
8333027
4422227
4449999

5511139
0511139
5586337
8886377
8666027
4422227
4449999

7777889
0711189
2211188
2445556
2445056
2433666
3339999

5511129
0511129
5533327
8336227
8886077
4486667
4449999

5511129
0511129
5544427
8844227
6833077
6883337
6669999

7777889
0744489
2234488
2335511
2365011
2365511
6669999

7777239
0755239
6665233
6855223
6888044
1118444
1119999

5522449
0524449
5521117
8821117
6833077
6883337
6669999

5521119
0521119
5527777
8822744
6833044
6883334
6669999

5521119
0521119
5524447
8822447
6833077
6883337
6669999

5531119
0531119
5533666
2443886
2444086
2777788
2279999

2255739
0257739
6255733
6288743
6668044
1118844
1119999

4441119
0441119
8666322
8886332
5586032
5777732
5579999

3322229
0333829
7777888
5756668
5556044
1116444
1119999

7777889
0755389
4445388
4455336
2222036
1112666
1119999

5544889
0544389
5574388
7777336
2222036
1112666
1119999

4441119
0441119
2222666
3332886
5533086
5777788
5579999

3322229
0333829
7777888
1175548
1165044
1165544
6669999

5522229
0524119
5544117
8844117
6833077
6883337
6669999

5577779
0527449
5528444
1128886
1122086
1133666
3339999

5522229
0523339
5544833
1144888
1164078
1167777
6669999

5522229
0528839
5544833
1144883
1164073
1167777
6669999

4445559
0445859
7777888
1173338
1162033
1162222
6669999

2222889
0112689
3117688
3117666
3377044
5357444
5559999

7777889
0744489
2114488
2115556
2115056
2233666
3339999

7777439
0784439
8884433
8115553
6115052
6112222
6669999

5573889
0573389
5577388
2276344
2116044
2116664
2119999

5544889
0544389
5547388
2277336
2117036
2117666
2119999

5566639
0568839
5567833
2277883
2117044
2117444
2119999

5588449
0568449
5568847
6663337
1133077
1122227
1129999

5544889
0544869
5548867
3336667
1133077
1122227
1129999

5566689
0568889
5568447
3334447
1133077
1122227
1129999

7777889
0744489
3334488
2233666
2115056
2115556
2119999

5522229
0511429
5511447
8811447
6833077
6883337
6669999

5511449
0511449
5511427
8822227
6833077
6883337
6669999

5544119
0544119
5524117
8822227
6833077
6883337
6669999

7777889
0575389
2555388
2222336
1144036
1144666
1149999

