7777889
0744489
5054488
5553311
6333211
6222211
6669999

3377779
0333789
5058882
5558442
6111442
6111422
6669999

7777339
0733389
5058882
5558442
6111442
6111422
6669999

7777449
0788449
5058432
5558832
6111332
6111322
6669999

3322229
0333729
5057777
5558844
6111844
6111884
6669999

4448839
0448339
2088311
2555311
2565711
2267777
6669999

7777889
0744689
2044688
2545666
2555111
2233111
3339999

7777449
0788449
2086545
2886555
2666111
2233111
3339999

7777339
0733389
5058884
5558644
2222644
1112666
1119999

4447239
0447239
8077233
8887223
6585111
6555111
6669999

7777239
0744239
8044233
8884223
6585111
6555111
6669999

3377779
0333789
5058884
5558644
2222644
1112666
1119999

2222889
0552839
6058833
6554443
6664473
1117777
1119999

2222889
0552389
6053388
6553444
6663744
1117777
1119999

7777889
0722689
5052688
5552666
3332111
4433111
4449999

7777889
0722689
5052688
5552666
4442111
4433111
3339999

7777889
0755589
3052588
3342222
6344111
6344111
6669999

7777889
0711289
3011288
3311255
6344225
6344455
6669999

7777889
0731189
2031188
2331155
2364445
2264455
6669999

