7777889
0744489
1114488
1113355
6333205
6222255
6669999

7777889
0722689
1112688
1112666
3332505
4433555
4449999

7777889
0722689
1112688
1112666
4442505
4433555
3339999

7777889
0733689
3332688
1112666
1112505
4422555
4449999

2222889
0352589
3355588
3111666
3111706
4477776
4449999

7777889
0744689
2444688
2111666
2111505
2233555
3339999

5522229
0524449
5533447
3338877
6111807
6111887
6669999

7777449
0784449
8883322
8333552
6111502
6111552
6669999

5566689
0568889
5568442
7111442
7111402
7733322
7339999

5566679
0563779
5563372
4488372
4448302
1118822
1119999

7777449
0755449
6665432
6855332
6888302
1118322
1119999

5576669
0577369
5573362
4473882
4443802
1118822
1119999

6667559
0367759
3367552
3447882
3444802
1118822
1119999

7777889
0766689
2222688
2333655
3344405
1114455
1119999

3322229
0333829
4447888
4477778
6111505
6111555
6669999

5511169
0511169
5586667
3388877
4333807
4422227
4429999

7777889
0711189
5511188
5333666
5523306
4422226
4449999

7777889
0711189
3311188
4333555
4462505
4462222
6669999

4445559
0445759
6668722
6888772
6833702
1113332
1119999

7777889
0711189
4411188
4443355
6333205
6222255
6669999

5511169
0511169
5536667
2338877
2344807
2344887
2249999

8811179
0811179
2885577
2444576
2445506
2233666
3339999

6667559
0367759
3367558
3447888
3444802
1112222
1119999

7777889
0711189
3311188
2333655
2222605
4466655
4449999

5544439
0544739
5586733
8886773
8666702
1112222
1119999

5576669
0577369
5573368
4473888
4443802
1112222
1119999

7777889
0744689
5544688
5334666
5533302
1112222
1119999

4447889
0447689
5577688
5337666
5533302
1112222
1119999

8844559
0844459
3887552
3377772
6311102
6311122
6669999

8877779
0855749
3885442
3355442
6311102
6311122
6669999

4441119
0441119
3337777
2233755
2666805
2688855
2689999

5511169
0511169
5536667
2238877
2433807
2443887
2449999

5511169
0511169
5586667
2288877
2433807
2443337
2449999

4441119
0441119
7777333
2273355
2666805
2688855
2689999

4441119
0441119
7777666
2278655
2888605
2833355
2339999

8811179
0811179
2885577
2222576
3335506
4433666
4449999

8811179
0811179
2885577
2222576
4445506
4433666
3339999

7777889
0766689
2222688
2333655
3311105
4411155
4449999

6661119
0761119
2768844
2778444
2788505
2233555
3339999

5566689
0568889
5568111
7333111
7743302
7442222
7449999

2273889
0273389
6277388
6274355
6664405
1114455
1119999

5522229
0523339
5584433
8884446
8777706
1117666
1119999

6661119
0461119
4463338
4433888
7777802
5752222
5559999

5522229
0524449
5584433
8883336
8777706
1117666
1119999

7777449
0374449
3322111
3882111
3862505
8862555
6669999

5544889
0544489
5533388
2222336
2777706
1117666
1119999

6667889
0367789
3367288
3447255
3444205
1112255
1119999

5522229
0544429
5584433
8883336
8777706
1117666
1119999

3322229
0333829
7777888
4476668
4446505
1116555
1119999

7777889
0744489
6664488
6222255
6333205
1113355
1119999

4441119
0441119
3777782
3378882
6358502
6355522
6669999

6661119
0461119
4463332
4433882
7777802
5758822
5559999

3335579
0433579
4485577
4488876
2222806
1112666
1119999

4441119
0441119
8777732
8887332
6585302
6555322
6669999

7777889
0732289
1133288
1163255
1163205
4466655
4449999

7777889
0766689
1123688
1123655
1123305
4422355
4449999

7777559
0766659
1163558
1163888
1133802
4432222
4449999

5577779
0544769
5544462
3336662
1133802
1188822
1189999

5566679
0564779
5564472
3334472
1133802
1188822
1189999

7777559
0766659
1163552
1163882
1133802
4438822
4449999

5577779
0567449
5564442
6663332
1133802
1188822
1189999

5544469
0524469
5526667
1128877
1122807
1133887
3339999

7777889
0766689
1163288
1163255
1133205
4432255
4449999

5577779
0567449
5564442
6663882
1133802
1138822
1139999

7777889
0722389
1123388
1123655
1123605
4466655
4449999

5577779
0537449
5534448
1133888
1163802
1162222
6669999

7777889
0744489
6664488
1162222
1162505
1133555
3339999

5544889
0544489
5533788
3337777
1166602
1162222
1169999

5522229
0523339
5544833
1144888
1164708
1167777
6669999

5522229
0528839
5544833
1144883
1164703
1167777
6669999

5577779
0567449
5564448
6663888
1133802
1132222
1139999

5544889
0544489
5573388
7777333
1166602
1162222
1169999

5577779
0544739
5544432
1188332
1168302
1168822
6669999

7777239
0786239
8886233
8666223
1144505
1144555
1149999

5566679
0564779
5564472
1184472
1188802
1133822
3339999

5577779
0544769
5544462
1186662
1188802
1133822
3339999

5577779
0537449
5534442
1133882
1163802
1168822
6669999

7777889
0733689
3332688
2222666
1144505
1144555
1149999

7777119
0575119
3555118
3344888
6344802
6342222
6669999

5544889
0544839
5548833
1177773
1162703
1162222
6669999

7777889
0744489
3334488
1133555
1162505
1162222
6669999

7777439
0784439
8884433
8226663
1126505
1126555
1129999

7777119
0575119
3555112
3344882
6344802
6348822
6669999

8844119
0844119
3884112
3377772
6357502
6355522
6669999

5566689
0568889
5568337
2233377
2114407
2114447
2119999

5586669
0588869
5533867
3334477
1144407
1122227
1129999

5544889
0544789
5534788
2233776
2113706
2113666
2119999

2211889
0211789
3211788
3244776
3344706
5354666
5559999

5511449
0511449
5511247
6663277
6883207
6833227
8839999

5511449
0511449
5511247
6668277
6888207
6833227
3339999

5566639
0568839
5568337
2288377
2114407
2114447
2119999

5511889
0511789
5511788
2443776
2443706
2433666
2239999

3334449
0733449
7777666
2288655
2118605
2118855
2119999

5511889
0511789
5511788
2344776
2344706
2334666
2239999

5511889
0511689
5511688
7333666
7743302
7442222
7449999

5511449
0511449
5511422
8877772
6833702
6883332
6669999

5511449
0511449
5511742
6668772
6888702
6833722
3339999

5511449
0511449
5511742
6663772
6883702
6833722
8839999

5544439
0544739
5511733
8811773
6811702
6882222
6669999

5511889
0511789
5511788
2222776
4442706
4433666
3339999

5511889
0511789
5511788
2222776
3332706
4433666
4449999

7777889
0744489
2234488
2331155
2361105
2361155
6669999

7777889
0744489
3224488
3321155
6321105
6321155
6669999

2222889
0432689
4433688
4473666
1173505
1177555
1179999

2222889
0472689
4477688
4473666
1173505
1133555
1139999

7777889
0744489
6664488
2361155
2361105
2331155
2239999

7777889
0744489
6664488
6321155
6321105
3321155
3229999

8855579
0853579
2883377
2222376
1144306
1144666
1149999

