7777889
0744489
1114488
1113355
6333250
6222255
6669999

7777839
0788839
6585433
6555443
6662440
1112222
1119999

7777889
0575689
2555688
2111666
2111440
2233444
3339999

7777889
0766689
2222688
2333655
3344450
1114455
1119999

2211169
0211169
3246668
3244888
3344870
5357777
5559999

7777889
0711189
4411188
4443355
6333250
6222255
6669999

5511169
0511169
5546668
2344888
2344870
2337777
2239999

7777889
0711189
3311188
2333655
2222650
4466655
4449999

5522229
0523339
5533444
8811144
6811170
6887777
6669999

5566689
0568889
5568444
2311144
2311170
2337777
2239999

2266689
0268889
3268444
3211144
3311170
5357777
5559999

4441119
0441119
3337777
2233755
2666850
2688855
2689999

7777239
0755239
6665233
6855223
6888440
1118444
1119999

4441119
0441119
7777333
2273355
2666850
2688855
2689999

4441119
0441119
7777666
2278655
2888650
2833355
2339999

7777889
0766689
2222688
2333655
3311150
4411155
4449999

5522229
0523339
5533111
8844111
6844470
6887777
6669999

2275539
0277539
6275533
6274883
6664480
1114488
1119999

2244439
0244839
6288833
6285553
6665750
1117777
1119999

2273889
0273389
6277388
6274355
6664450
1114455
1119999

5566689
0568889
5568111
2333111
2443370
2447777
2249999

5566689
0568889
5568111
2344111
2344470
2337777
2239999

5566689
0568889
5568111
2444111
2443330
2777733
2279999

2266689
0268889
3268111
3244111
3344470
5357777
5559999

6667889
0367789
3367288
3447255
3444250
1112255
1119999

3322229
0333829
6444888
6445558
6665750
1117777
1119999

3322229
0333829
7777888
5756668
5556440
1116444
1119999

7777889
0744489
6664488
6222255
6333250
1113355
1119999

7777889
0732289
1133288
1163255
1163250
4466655
4449999

5522889
0524489
5524488
1124333
1163370
1167777
6669999

7777889
0766689
1123688
1123655
1123350
4422355
4449999

5522229
0534429
5534448
1133888
1163870
1167777
6669999

5522229
0533329
5544338
1144888
1164870
1167777
6669999

7777889
0766689
1163288
1163255
1133250
4432255
4449999

5524889
0524489
5524488
1122333
1163370
1167777
6669999

7777889
0722389
1123388
1123655
1123650
4466655
4449999

7777889
0755589
1152588
1162222
1163330
4466633
4449999

4446119
0446119
8666112
8882222
5583330
5777733
5579999

2222889
0112689
3117688
3117666
3377440
5357444
5559999

5566639
0568839
5567833
2277883
2117440
2117444
2119999

5544469
0534469
5536668
2233888
2113870
2117777
2119999

2211889
0211689
3211688
3244666
3344470
5357777
5559999

5511239
0511239
5511233
8844223
6844470
6887777
6669999

5511889
0511689
5511688
2344666
2344470
2337777
2239999

3334449
0733449
7777666
2288655
2118650
2118855
2119999

5511889
0511689
5511688
2444666
2443330
2777733
2279999

5511889
0511689
5511688
2333666
2443370
2447777
2249999

5522229
0564429
5564448
6663888
1133870
1137777
1139999

7777889
0744489
2234488
2331155
2361150
2361155
6669999

7777889
0744489
3224488
3321155
6321150
6321155
6669999

7777889
0744489
6664488
2361155
2361150
2331155
2239999

7777889
0744489
6664488
6321155
6321150
3321155
3229999

