2222889
0452589
4455588
4466611
7777611
0733611
3339999

8811179
0811179
6883377
6333575
6662555
0442222
4449999

7777889
0711189
3211188
3222255
3364445
0364455
6669999

6665559
0365759
3367777
3244411
3244811
0288811
2289999

6664889
0364489
3364488
3275511
3277511
0275511
2279999

7777239
0786239
8886233
8666223
5544111
0544111
5549999

7777239
0755239
6665233
6855223
6888111
0448111
4449999

7777449
0274449
8222211
8883611
5583611
0533666
5539999

5588449
0568449
5568842
6662222
7777111
0733111
3339999

5544889
0544689
5542688
2222666
7777111
0733111
3339999

7777889
0733689
3332688
2222666
5544111
0544111
5549999

7777439
0784439
8884433
8226663
5526111
0526111
5529999

6665559
0365859
3367888
3277778
3244111
0244111
2249999

3322229
0333829
7777888
5756668
5556111
0446111
4449999

2222889
0432689
4433688
4473666
5573111
0577111
5579999

2222889
0472689
4477688
4473666
5573111
0533111
5539999

5522119
0562119
5562118
6662888
7777844
0733444
3339999

2222889
0112839
6118833
6115553
6665753
0447777
4449999

2222889
0112389
6113388
6113555
6663575
0447777
4449999

2244119
0244119
3284117
3288877
3365857
0365557
6669999

5511889
0511389
5511388
2222336
2777736
0447666
4449999

6662119
0362119
3362117
3822557
3888577
0448557
4449999

8844119
0844119
3884117
3222277
3365257
0365557
6669999

2275559
0275859
3277888
3271148
3361144
0361144
6669999

