7777889
0733689
3332688
1112666
1112444
5052244
5559999

5544889
0544789
5547788
2222711
6332711
6033311
6669999

5544889
0544789
5547788
2222711
6662711
6033311
6339999

7777889
0733869
3338862
1116662
1114442
5054422
5559999

5544889
0544289
5574288
7777211
6662211
6033311
6339999

7777889
0755289
4445288
4455211
6662211
6033311
6339999

7777889
0755289
4445288
4455211
6332211
6033311
6669999

5544889
0544289
5574288
7777211
6332211
6033311
6669999

2222889
0442389
4447388
1117336
1117736
5057666
5559999

2222889
0442839
4448837
1116337
1116377
5056667
5559999

7777339
0733389
1118884
1118644
2222644
5052666
5559999

3377779
0333789
1118884
1118644
2222644
5052666
5559999

6667889
0367789
3367288
3447211
3444211
5052211
5559999

7777889
0766689
2222688
2333611
3344411
5054411
5559999

7777339
0733349
6668844
6111844
6111882
5052222
5559999

3377779
0333749
6668844
6111844
6111882
5052222
5559999

3322229
0333729
6667777
6111884
6111844
5058844
5559999

5511169
0511169
5576668
7777888
2222844
2033444
3339999

2273889
0273389
6277388
6274311
6664411
5054411
5559999

5511179
0511179
5548877
2443876
2443886
2033666
2239999

5511179
0511179
5566677
2388674
2338644
2038844
2239999

5511139
0511139
5588337
4448377
6448827
6022227
6669999

7777889
0711189
3311188
2333666
2222446
5054446
5559999

7777889
0744489
6664488
6222211
6333211
5053311
5559999

8811129
0811129
6883327
6333227
6664477
5054447
5559999

5522229
0524439
5544433
7777883
6711183
6011188
6669999

4441119
0441119
7777388
2273386
2553886
2053666
2559999

3334449
0733449
7777666
2288611
2558611
2058811
2559999

4441119
0441119
3337777
2233786
2558886
2058666
2559999

4441119
0441119
7777333
2273386
2558886
2058666
2559999

8811179
0811179
2885577
2222574
6335544
6033344
6669999

8811179
0811179
2885577
2222574
6665544
6033344
6339999

6661119
0361119
3362222
3877772
3888744
5058444
5559999

5571119
0571119
5577444
2376844
2336888
2036668
2239999

5571119
0571119
5577666
2374886
2334486
2034488
2239999

5586669
0588869
5544867
2344477
2331117
2031117
2239999

5588449
0568449
5568847
2366677
2331117
2031117
2239999

6661119
0361119
3368444
3888744
3877772
5052222
5559999

7777889
0755589
4453588
4433111
6432111
6032222
6669999

5531119
0531119
5533887
4443877
6448827
6022227
6669999

4445559
0445659
2222611
2366611
3388711
3087777
3889999

7777889
0744689
2244688
2545666
2555111
2033111
3339999

7777449
0788449
2286545
2886555
2666111
2033111
3339999

7777889
0744489
3334488
2233666
2551116
2051116
2559999

7777449
0784449
8883311
8333611
2222611
5052666
5559999

4448839
0448339
2288311
2555311
2565711
2067777
6669999

7777239
0786239
8886233
8666223
5544111
5044111
5549999

7777449
0274449
8222211
8883611
5583611
5033666
5539999

4445559
0445859
7777888
2376668
2336111
2036111
2239999

5544889
0544689
5547688
2377666
2337111
2037111
2239999

7777889
0733689
3332688
2222666
5544111
5044111
5549999

7777439
0784439
8884433
8226663
5526111
5026111
5529999

6665559
0465759
4467777
4482222
8882111
8033111
3339999

5566689
0568889
5568112
7444112
7744112
7033322
7339999

7777889
0755689
4445688
4455666
2222111
2033111
3339999

5544889
0544689
5574688
7777666
2222111
2033111
3339999

7777449
0786449
8886545
8666555
2222111
2033111
3339999

6665559
0465859
4467888
4477778
2222111
2033111
3339999

7777889
0766689
1144688
1144633
1143332
5052222
5559999

4443889
0443689
1133688
1137666
1177772
5052222
5559999

3322229
0333829
7777888
4476668
4446111
5056111
5559999

7777889
0722389
1123388
1123666
1123446
5054446
5559999

7777889
0722839
1128833
1126663
1126443
5056444
5559999

2222889
0432689
4433688
4473666
5573111
5077111
5579999

2222889
0472689
4477688
4473666
5573111
5033111
5539999

5544119
0544119
5584117
3388877
6333827
6022227
6669999

2222889
0112839
6118833
6114443
6664473
5057777
5559999

2222889
0112389
6113388
6113444
6663744
5057777
5559999

2211449
0211449
6211347
6288377
6668337
5058837
5559999

6662119
0362119
3362117
3822477
3888447
5058447
5559999

5511889
0511789
5511788
2222774
6332744
6033344
6669999

5511889
0511789
5511788
2222774
6662744
6033344
6339999

7777889
0721189
4421188
4421155
6422335
6033355
6669999

7777889
0471189
4461188
4461133
6663332
5052222
5559999

7777889
0741189
6441188
6441133
6663332
5052222
5559999

7777889
0471189
6441188
6441133
6663332
5052222
5559999

5522889
0521189
5521188
3321144
6333744
6077774
6669999

7777889
0731189
2231188
2331155
2364445
2064455
6669999

