7777339
0733389
1118882
1118442
6555442
6505422
6669999

7777449
0788449
1118432
1118832
6555332
6505322
6669999

3377779
0333789
1118882
1118442
6555442
6505422
6669999

3322229
0333729
1117777
1118844
6555844
6505884
6669999

8811179
0811179
6883377
6333575
6662555
4402222
4449999

5511179
0511179
5533277
3338274
6888244
6802244
6669999

4441119
0441119
7777388
2273386
2553886
2503666
2559999

3334449
0733449
7777666
2288611
2558611
2508811
2559999

4441119
0441119
3337777
2233786
2558886
2508666
2559999

4441119
0441119
7777333
2273386
2558886
2508666
2559999

8822229
0821119
3881117
3344557
6344577
6304557
6669999

4441119
0441119
3882222
3382555
6388575
6307777
6669999

7777889
0744489
3334488
2233666
2551116
2501116
2559999

7777239
0755239
6665233
6855223
6888111
4408111
4449999

7777449
0784449
8883322
8333112
6555112
6505112
6669999

3322229
0333829
4447888
4477778
6555111
6505111
6669999

3322229
0333829
7777888
5756668
5556111
4406111
4449999

7777119
0733119
3332118
2222888
6555844
6505444
6669999

2222889
0112839
6118833
6115553
6665753
4407777
4449999

2222889
0112389
6113388
6113555
6663575
4407777
4449999

5511889
0511389
5511388
2222336
2777736
4407666
4449999

6662119
0362119
3362117
3822557
3888577
4408557
4449999

