5522229
0573329
5577333
8874411
6874411
6880411
6669999

4446669
0446889
1116832
1118832
7777332
5750322
5559999

3322229
0333429
1114488
1114486
7777886
5750666
5559999

7777889
0766689
2222688
2333611
3355511
4450511
4449999

4442239
0442339
1112388
1112386
7777886
5750666
5559999

5522229
0523339
5544733
8844711
6847711
6880711
6669999

4446669
0448869
3111862
3111882
3377772
5350722
5559999

6665559
0365859
3367888
3777748
3222244
1110244
1119999

5577779
0527449
5523444
8823311
6822311
6880311
6669999

8866629
0855629
4885627
4455227
4433377
1110337
1119999

4446669
0446889
5556832
5758832
7777332
1110322
1119999

5536669
0538869
5533862
4443882
4477772
1110722
1119999

6665559
0365459
3368442
3888442
3877772
1110722
1119999

5586669
0588869
5533862
4443332
4477772
1110722
1119999

2211179
0211179
3248877
3244876
3344886
5350666
5559999

5511179
0511179
5548877
2344876
2344886
2330666
2239999

5544229
0544429
5511127
8811127
6833377
6880337
6669999

7777869
0788869
5586662
5332222
5533344
1110444
1119999

5544889
0544879
5548877
2311176
2311176
2330666
2239999

5511129
0511129
5544427
8844227
6833377
6880337
6669999

2244889
0244879
3248877
3211176
3311176
5350666
5559999

2222889
0442879
3448877
3411176
3311176
5350666
5559999

8822229
0821119
3881117
3344557
6344577
6340557
6669999

5522449
0524449
5521117
8821117
6833377
6880337
6669999

5521119
0521119
5523666
7223886
7743386
7440388
7449999

5521119
0521119
5528666
7228886
7743386
7440333
7449999

5586669
0588869
5533867
3332477
2222447
1110447
1119999

5521119
0521119
5524447
8822447
6833377
6880337
6669999

5521119
0521119
5527777
8822744
6833344
6880334
6669999

3336669
0433869
4488867
4482557
2222577
1110557
1119999

2222889
0352589
7355588
7331116
7731116
7440666
4449999

2277779
0235759
6235558
6233888
6663844
1110444
1119999

2288449
0238449
6238847
6233557
6663577
1110557
1119999

5566689
0568889
5568211
7222211
7743311
7440333
7449999

5522229
0523339
5586733
8886774
8666744
1110744
1119999

6664889
0364489
3364488
3222255
3277775
1110755
1119999

5574449
0577449
5578811
2378611
2388611
2330666
2239999

5522449
0532449
5532411
7332611
7388611
7780666
7889999

2274449
0277449
3278811
3278611
3388611
5350666
5559999

7777889
0766689
2263388
2565333
2555111
2440111
4449999

5526669
0526889
5526811
7228811
7743311
7440333
7449999

5522229
0588329
5583311
7883611
7743611
7440666
7449999

5522229
0534429
5534411
7334611
7388611
7780666
7889999

5522229
0533329
5586337
8886477
8666447
1110447
1119999

5522229
0574429
5574411
8877411
6873311
6880333
6669999

3322229
0333429
5554488
5754486
7777886
1110666
1119999

5561119
0561119
5566632
8777732
8887332
4480322
4449999

2222449
0332449
6833347
6888557
6668577
1110557
1119999

3336669
0433869
4488862
4482222
7777111
5750111
5559999

4442239
0442339
5552388
5752386
7777886
1110666
1119999

5586669
0588869
5533862
3332222
7777111
4470111
4449999

5544469
0534469
5536662
7332222
7388111
7780111
7889999

7777449
0755449
6665422
6355112
6388112
3380112
3889999

5566639
0568839
5562833
2222883
7777111
4470111
4449999

7777889
0722689
4432688
4432666
4332111
5350111
5559999

7777889
0722689
5552688
5352666
4332111
4430111
4439999

7777889
0722689
3442688
3442666
3342111
5350111
5559999

7777889
0722689
5552688
5352666
3342111
3440111
3449999

6665559
0365859
3367888
3277778
3222244
1110444
1119999

5566679
0588679
5583677
2883374
2222344
1110344
1119999

5522229
0524119
5544117
8844117
6833377
6880337
6669999

7777889
0742689
3442688
3442666
3322111
5350111
5559999

7777889
0472689
3442688
3442666
3322111
5350111
5559999

5574449
0577449
5572222
8873332
6833111
6880111
6669999

7777449
0784449
8882222
8553332
6533111
6550111
6669999

2222889
0432689
4433688
4473666
5573111
5770111
5579999

7777229
0755249
6665244
6355244
6388111
3380111
3889999

7777449
0784449
8883322
8333552
1166652
1160552
1169999

2222889
0112879
3118877
3114476
3344476
5350666
5559999

5522119
0532119
5532114
7332644
7388644
7780666
7889999

7777449
0786449
8886455
8226665
1123355
1120333
1129999

4443889
0443389
7777388
2275356
2115556
2110666
2119999

5566639
0568839
5568733
2288743
2117744
2110744
2119999

5574449
0577449
5573666
2273886
2113386
2110388
2119999

5544479
0534479
5538877
2233876
2113886
2110666
2119999

5566689
0568889
5568337
2233377
2114447
2110447
2119999

7777119
0755119
6665112
6355442
6388442
3380422
3889999

5511889
0511389
5511388
2222336
2777736
4470666
4449999

7777889
0711389
4411388
4411336
4222236
5250666
5559999

4442119
0442119
6662117
6322557
6388577
3380557
3889999

5566639
0568839
5568337
2288377
2114447
2110447
2119999

4445559
0445359
7777388
2273386
2113886
2110666
2119999

5576669
0577369
5573368
2273888
2113844
2110444
2119999

5574449
0577449
5578666
2278886
2113386
2110333
2119999

5544479
0584479
5588877
2233876
2113336
2110666
2119999

5522229
0511429
5511447
8811447
6833377
6880337
6669999

5511449
0511449
5511427
8822227
6833377
6880337
6669999

5586669
0588869
5511867
2311477
2311447
2330447
2239999

2286669
0288869
3211867
3211477
3311447
5350447
5559999

5522229
0523339
5511733
8811774
6811744
6880744
6669999

5511229
0511279
5511277
8333276
8883376
4480666
4449999

5544119
0544119
5524117
8822227
6833377
6880337
6669999

5522229
0533329
5511337
8811477
6811447
6880447
6669999

2266679
0261179
3261177
3281174
3388844
5350844
5559999

5566679
0561179
5561177
2381174
2388844
2330844
2239999

7777889
0471189
3441188
3441126
3322226
5350666
5559999

7777889
0741189
3441188
3441126
3322226
5350666
5559999

