5522229
0573329
5577333
8874411
6874411
6884011
6669999

7777889
0744289
3444288
3355211
6352211
6355011
6669999

7777889
0766689
2222688
1112655
1113335
4433055
4449999

4446669
0448869
3111862
3111882
3377772
5357022
5559999

7777889
0575689
2555688
2111666
2111444
2233044
3339999

4445559
0445759
2687777
2688811
2666811
2233011
3339999

5536669
0538869
5533862
4443882
4477772
1117022
1119999

4445579
0445779
6665572
6833372
6888332
1118022
1119999

6665559
0365459
3368442
3888442
3877772
1117022
1119999

5586669
0588869
5533862
4443332
4477772
1117022
1119999

8855579
0853579
2883377
2222374
6111344
6111044
6669999

7777889
0711189
3311188
2333666
2445556
2445056
2249999

7777889
0711189
6211188
6222255
6663335
4433055
4449999

5527889
0527789
5527688
4227611
4466611
4433011
3339999

5523889
0523389
5527388
4227311
4467711
4467011
6669999

5527889
0527789
5527388
4227311
4463311
4463011
6669999

5566689
0568889
5568333
2273311
2777711
2444011
2449999

5531119
0531119
5533666
2273886
2777786
2444088
2449999

7777239
0755239
6665233
6855223
6888444
1118044
1119999

4441119
0441119
2555666
2575886
2777786
2233088
3339999

7777889
0733389
2335588
2222511
6445511
6444011
6669999

7777889
0733389
2335588
2222511
6665511
6444011
6449999

6664889
0364489
3364488
3222255
3277775
1117055
1119999

5564449
0564439
5566633
2222883
2777783
1117088
1119999

4441119
0441119
6662222
6882755
6877775
8833055
3339999

3322229
0333829
7777888
5756668
5556444
1116044
1119999

4441119
0441119
6665552
6885752
6877772
8833022
3339999

4441119
0441119
2222666
5572886
5777786
5533088
3339999

5544479
0544779
5538872
1133872
1163882
1163022
6669999

5588449
0568449
5568847
1166677
1122227
1133027
3339999

5586669
0588869
5544867
1144477
1122227
1133027
3339999

2222889
0112689
3117688
3117666
3377444
5357044
5559999

4445559
0445759
2117777
2118666
2118886
2233086
3339999

5566639
0568839
5567833
2277883
2117444
2117044
2119999

4446119
0446119
3666112
3777782
3378882
5358022
5559999

5566679
0568879
5568377
2288374
2113344
2113044
2119999

7777889
0744489
3334488
2233666
2115556
2115056
2119999

7777889
0744289
3444288
3311255
6311225
6311055
6669999

