7777889
0722689
1112688
1112666
3332555
4433505
4449999

7777889
0722689
1112688
1112666
4442555
4433505
3339999

7777889
0733689
3332688
1112666
1112555
4422505
4449999

5566689
0568889
5568422
7111442
7111442
7733302
7339999

7777889
0744689
2444688
2111666
2111555
2233505
3339999

3322229
0333829
4447888
4477778
6111555
6111505
6669999

2211169
0211169
3246667
3244887
3344877
5358807
5559999

5511169
0511169
5546667
2344887
2344877
2338807
2239999

5522229
0511129
5511137
8666337
8886377
4486307
4449999

5522229
0511129
5511137
8844337
6844377
6884307
6669999

5522229
0526669
5511167
3311167
4333877
4488807
4489999

8822229
0855429
3885447
3355447
6311177
6311107
6669999

5571119
0571119
5577333
2273344
2666844
2688804
2689999

5511169
0511169
5526667
3322227
4333877
4488807
4489999

5571119
0571119
5577666
2278644
2888644
2833304
2339999

5522229
0566629
5561117
3361117
4333877
4488807
4489999

5521119
0521119
5526444
7226844
7666888
7733308
7339999

6661119
0761119
2768844
2778444
2788555
2233505
3339999

5566689
0568889
5568111
7777111
4472222
4433302
4339999

5566689
0568889
5568111
7444111
7442222
7733302
7339999

5522229
0526669
5586447
8886447
8333477
1113307
1119999

5522229
0526669
5584467
8884467
8333477
1113307
1119999

7777449
0374449
3322111
3882111
3862555
8862505
6669999

5566689
0568889
5568447
2222447
2333477
1113307
1119999

5561119
0561119
5566627
3322227
4333877
4488807
4489999

3322229
0333829
7777888
4476668
4446555
1116505
1119999

5522889
0524489
5524488
1124666
1177776
1133706
3339999

5522229
0534429
5534447
1133887
1163877
1168807
6669999

5522229
0533329
5544337
1144887
1164877
1168807
6669999

8822229
0826119
3886117
3666117
3344477
5354407
5559999

5522229
0523119
5533117
8834117
6834477
6884407
6669999

5566629
0564429
5564427
1184227
1188877
1133807
3339999

5566629
0544629
5544627
1184227
1188877
1133807
3339999

5526669
0526119
5526117
3322117
4333877
4488807
4489999

5524889
0524489
5524488
1122666
1177776
1133706
3339999

5522119
0526119
5526117
3326667
4333877
4488807
4489999

7777889
0744489
6664488
1162222
1162555
1133505
3339999

5522229
0524439
5544437
1188337
1168377
1168807
6669999

5522229
0523339
5533447
1188447
1168477
1168807
6669999

5522229
0526669
5544467
1184467
1188877
1133807
3339999

5522229
0524469
5544467
1186667
1188877
1133807
3339999

7777239
0786239
8886233
8666223
1144555
1144505
1149999

7777889
0733689
3332688
2222666
1144555
1144505
1149999

2222889
0112869
3118867
3116667
3344477
5354407
5559999

7777439
0784439
8884433
8226663
1126555
1126505
1129999

5511889
0511789
5511788
3337744
6233744
6222204
6669999

5544469
0534469
5536667
2233887
2113877
2118807
2119999

5566689
0568889
5568337
2233377
2114447
2114407
2119999

5511229
0511629
5511627
3366627
4333877
4488807
4489999

5564449
0564439
5566637
2288337
2118377
2118807
2119999

5566639
0568839
5568337
2288377
2114447
2114407
2119999

5566629
0511629
5511627
3311227
4333877
4488807
4489999

5522229
0524469
5544467
3336667
1133877
1188807
1189999

5522229
0526669
5544467
3334467
1133877
1188807
1189999

5566629
0544629
5544627
3334227
1133877
1188807
1189999

5566629
0564429
5564427
3334227
1133877
1188807
1189999

3366629
0333629
4455627
4445227
1155877
1188807
1189999

5511889
0511689
5511688
7444666
7442222
7733302
7339999

5511889
0511689
5511688
7777666
4472222
4433302
4339999

5522229
0564429
5564447
6663337
1133877
1188807
1189999

5522229
0564429
5564447
6663887
1133877
1138807
1139999

5511889
0511689
5511688
7266644
7222244
7733304
7339999

2222889
0432689
4433688
4473666
1173555
1177505
1179999

2222889
0472689
4477688
4473666
1173555
1133505
1139999

5522229
0523449
5533447
8831147
6831177
6881107
6669999

5522229
0526669
5581167
8881167
8331177
4433307
4449999

5522229
0526669
5533367
8331167
8881177
4481107
4449999

5522229
0573329
5577333
8871144
6871144
6881104
6669999

