7777559
0472259
4462553
4462883
6662833
1118830
1119999

7777559
0742259
6442553
6442883
6662833
1118830
1119999

7777559
0472259
6442553
6442883
6662833
1118830
1119999

7777559
0472259
4462558
4462888
6662833
1113330
1119999

7777559
0742259
6442558
6442888
6662833
1113330
1119999

7777559
0472259
6442558
6442888
6662833
1113330
1119999

7777229
0755239
6665233
6855243
6888443
1118440
1119999

5544229
0544239
5584233
8887263
8777763
1116660
1119999

7777889
0575689
2555688
2111666
2111444
2233440
3339999

5566689
0568889
5568443
2111443
2111433
2777730
2279999

5566689
0568889
5568344
2111344
2111334
2777730
2279999

5511169
0511169
5576663
7777883
2222833
2448830
4449999

5511169
0511169
5576668
7777888
2222833
2443330
4449999

5511139
0511139
5544433
6664473
6887777
6822220
8829999

4448879
0448779
5588276
5222276
5533666
1113330
1119999

5511169
0511169
5586662
8882222
8777733
4473330
4449999

5511169
0511169
5586662
8882222
8337777
4433370
4449999

5544479
0544779
5511173
2211173
2666833
2688830
2689999

5571119
0571119
5577443
2274443
2666833
2688830
2689999

5511179
0511179
5544773
2244473
2666833
2688830
2689999

5571119
0571119
5577333
2273344
2666844
2688840
2689999

7777239
0755239
6665233
6855223
6888444
1118440
1119999

5571119
0571119
5577666
2278644
2888644
2833340
2339999

5522229
0521119
5571118
7777888
6444833
6443330
6669999

5571119
0571119
5577666
2278446
2888446
2833340
2339999

8822229
0821119
3881114
3355544
6357544
6377770
6669999

5522229
0521119
5571113
7777883
6444833
6448830
6669999

5521119
0521119
5526663
7226883
7746833
7448830
7449999

5521119
0521119
5526668
7226888
7746833
7443330
7449999

5521119
0521119
5528666
7228886
7733386
7444330
7449999

5574449
0577449
5571113
2271113
2666833
2688830
2689999

7777889
0755839
4458833
4455263
4222263
1116660
1119999

5577779
0567449
5564443
6662883
2222833
1118830
1119999

5577779
0567449
5564448
6662888
2222833
1113330
1119999

5521119
0521119
5527777
8822744
6833444
6883330
6669999

5577779
0544739
5544433
8822223
6821113
6881110
6669999

5566689
0568889
5568111
2222111
2337777
4433370
4449999

5566689
0568889
5568111
2222111
2777733
4473330
4449999

5522229
0526669
5586111
8886111
8337777
4433370
4449999

5577779
0544739
5544433
6661113
6881113
6822220
8829999

7777229
0788429
5584426
5884426
5533666
1113330
1119999

5522229
0526669
5586111
8886111
8777733
4473330
4449999

2275559
0275859
6277888
6273338
6664433
1114440
1119999

2244889
0244839
6248833
6277773
6665753
1115550
1119999

2277779
0257539
6255533
6288443
6668443
1118840
1119999

2275559
0275859
6277888
6274448
6664433
1113330
1119999

5566689
0568889
5568211
7222211
7733311
7444330
7449999

5522229
0524439
5584433
8887463
8777763
1116660
1119999

8822229
0825559
4885756
4477776
4433666
1113330
1119999

5574449
0577449
5572222
8872111
6833111
6883330
6669999

7777449
0784449
8882222
8552111
6533111
6553330
6669999

5524449
0524479
5527777
8822111
6833111
6883330
6669999

5577779
0537449
5533444
6663111
6883111
6822220
8829999

8822229
0824449
3884411
3355511
6357511
6377770
6669999

5544479
0544779
5586273
8886273
8666233
1112230
1119999

2222889
0352589
7355588
7336111
7736111
7446660
4449999

2222889
0652589
7655588
7666111
7733111
7443330
4449999

5577779
0522739
5524433
8824443
6821113
6881110
6669999

5526669
0526889
5526811
7228811
7733311
7444330
7449999

5522229
0544729
5544711
8847711
6833711
6883330
6669999

8822229
0844429
3884411
3355511
6357511
6377770
6669999

5531119
0531119
5533444
6663744
6887777
6822220
8829999

3322229
0333829
7777888
5756448
5556444
1116660
1119999

3322229
0333729
4488755
4486775
4886755
1116660
1119999

3322229
0333829
7777888
5756668
5556444
1116440
1119999

5577779
0547229
5544211
8844211
6833211
6883330
6669999

7777869
0788869
5586664
5222244
5533244
1113330
1119999

2222889
0442839
6448833
6477773
6665753
1115550
1119999

5577779
0588739
5582233
4882113
4462113
4462110
6669999

2222889
0472839
4478833
4477113
6575113
6555110
6669999

2222889
0442839
4448833
7777113
6575113
6555110
6669999

2222889
0442839
4448833
7666113
7556113
7756110
7559999

4445559
0445859
6667888
6277778
6222233
1113330
1119999

6661119
0361119
3368555
3888575
3827777
4422220
4449999

5577779
0588739
5584433
2884463
2222463
1116660
1119999

5522449
0527449
5527743
1127883
1167833
1168830
6669999

5522449
0527449
5527748
1127888
1167833
1163330
6669999

5577779
0562749
5562443
6662443
1122833
1188830
1189999

5544229
0544729
5547723
1188723
1168733
1168830
6669999

7777829
0788829
1185523
1165223
1165533
4466630
4449999

5577779
0547119
5544113
2244113
2666833
2688830
2689999

7777119
0722119
5552113
5452883
4462833
4468830
6669999

7777119
0722119
6662113
6442883
6442833
5458830
5559999

7777119
0722119
5552113
5452883
6442833
6448830
6669999

7777119
0722119
6662113
4462883
4462833
5458830
5559999

7777119
0722119
5552118
5452888
4462833
4463330
6669999

7777119
0722119
6662118
6442888
6442833
5453330
5559999

7777119
0722119
5552118
5452888
6442833
6443330
6669999

7777119
0722119
6662118
4462888
4462833
5453330
5559999

7777119
0744119
2444118
2555888
2565833
2263330
6669999

7777119
0744119
2444113
2555883
2565833
2268830
6669999

2222889
0442839
4448833
1177773
1165753
1165550
6669999

7777229
0766629
4455623
4445623
1155833
1188830
1189999

5522119
0562119
5562118
6662888
7777833
4473330
4449999

2222889
0112689
3117688
3117666
3377444
5357440
5559999

2222889
0112839
6118833
6115553
6665753
4477770
4449999

5522119
0562119
5562113
6662883
7777833
4478830
4449999

7777449
0782449
8882545
8112555
6112233
6113330
6669999

5573889
0573389
5577388
2276344
2116444
2116660
2119999

5566639
0568839
5567833
2277883
2117444
2117440
2119999

5511889
0511789
5511788
3337744
6233744
6222240
6669999

5566649
0567449
5567448
2277888
2117833
2113330
2119999

5574449
0577449
5576668
2276888
2116833
2113330
2119999

5511449
0511449
5511743
2277773
2666833
2688830
2689999

7777449
0786449
8886455
8666335
1133355
1122220
1129999

5511889
0511689
5511688
2222666
2337777
4433370
4449999

7777889
0711689
4411688
4411666
4222233
5253330
5559999

5511889
0511689
5511688
2222666
2777733
4473330
4449999

5574449
0577449
5576663
2276883
2116833
2118830
2119999

5566679
0568879
5568773
2288473
2114433
2114430
2119999

5566649
0567449
5567443
2277883
2117833
2118830
2119999

6662119
0462119
4462118
4422888
7777833
5753330
5559999

5546669
0544769
5544763
2288773
2118733
2118830
2119999

5576669
0578869
5577863
2274883
2114433
2114430
2119999

5544479
0544779
5566673
2288673
2118633
2118830
2119999

6662119
0462119
4462113
4422883
7777833
5758830
5559999

7777449
0786449
8886455
8336665
1133355
1122220
1129999

5522229
0511729
5511774
8811744
6833744
6883330
6669999

5577779
0511749
5511443
2211443
2666833
2688830
2689999

5544119
0544119
5547113
2277773
2666833
2688830
2689999

7777119
0575119
8555113
8884443
6284433
6222230
6669999

5544479
0544779
5511273
8811273
6811233
6882230
6669999

7777119
0575119
2555118
2222888
6444833
6443330
6669999

4446119
0446119
2666118
2222888
7777833
5753330
5559999

7777119
0575119
2555113
2222883
6444833
6448830
6669999

4446119
0446119
2666113
2222883
7777833
5758830
5559999

5511889
0511689
5511688
7266644
7222244
7733340
7339999

5522229
0521139
5581133
8881163
8777763
4476660
4449999

7777229
0781129
8881123
8551123
6544433
6554430
6669999

5577779
0522749
5521144
8821144
6821133
6883330
6669999

5577779
0588739
5581133
2881163
2441163
2446660
2249999

7777889
0755589
4452588
4442222
1166633
1163330
1169999

5522229
0573329
5577333
8871144
6871144
6881140
6669999

