2222889
0352589
3355588
3766611
3744611
7744611
0749999

2222889
0442389
7443388
7743611
7553611
7566611
0559999

2222889
0752589
7755588
3766611
3744611
3344611
0349999

7777889
0575689
2555688
2111666
2111444
2233344
0339999

5566689
0568889
5568447
3111447
3111477
3322227
0329999

4445559
0445759
2687777
2688811
2666811
2233311
0339999

5564449
0564479
5566672
3111772
3111872
3388822
0389999

8811179
0811179
6883377
6333575
6662555
4442222
0449999

5527889
0527789
5527688
4227611
4466611
4433311
0339999

4441119
0441119
2255588
2753586
2773886
2733666
0739999

4441119
0441119
2233355
2666335
2688755
2687777
0889999

4441119
0441119
2555666
2575886
2777786
2233388
0339999

2222889
0352589
7355588
7331116
7731116
7444666
0449999

7777889
0766689
2263388
2565333
2555111
2444111
0449999

4441119
0441119
6662222
6882755
6877775
8833355
0339999

4445559
0445859
2288811
2783611
2773611
2733666
0739999

4441119
0441119
6665552
6885752
6877772
8833322
0339999

7777239
0755239
6665233
6855223
6888111
4448111
0449999

4441119
0441119
2222666
5572886
5777786
5533388
0339999

3322229
0333829
7777888
5756668
5556111
4446111
0449999

4445559
0445759
3337722
1133762
1188762
1186662
0889999

7777119
0733119
3332118
6662888
6552844
6522444
0559999

5586669
0588869
5533867
1123337
1124477
1124447
0229999

5536669
0538869
5533867
1123887
1124477
1124447
0229999

5566639
0568839
5567833
1127883
1127744
1127444
0229999

5544889
0544389
5547388
1127336
1127736
1127666
0229999

5544889
0544839
5548837
1126337
1126377
1126667
0229999

5586669
0588869
5544867
1144477
1122227
1133327
0339999

5588449
0568449
5568847
1166677
1122227
1133327
0339999

5564449
0564439
5566633
1122223
1188723
1187777
0889999

2222889
0112839
6118833
6115553
6665753
4447777
0449999

2222889
0112389
6113388
6113555
6663575
4447777
0449999

4445559
0445759
2117777
2118666
2118886
2233386
0339999

7777119
0733119
3338112
6668882
6554482
6544422
0559999

4446119
0446119
7666112
7735552
7335852
7388822
0389999

5511889
0511389
5511388
2222336
2777736
4447666
0449999

6662119
0362119
3362117
3822557
3888577
4448557
0449999

8866639
0855639
7885633
7755443
7114442
7112222
0119999

6661139
0761139
2761133
2775543
2788544
2285544
0889999

2222889
0442839
4448833
6665553
6115753
6117777
0119999

2222889
0442389
4443388
6663555
6113575
6117777
0119999

8866639
0855639
7885633
7755443
7112444
7112222
0119999

