2211179
0211179
3208877
3244876
3344886
5354666
5559999

5511179
0511179
5502277
6663274
6883244
6833244
8839999

5511179
0511179
5502277
6668274
6888244
6833244
3339999

5511179
0511179
5508877
2443876
2443886
2433666
2239999

5511179
0511179
5508877
2344876
2344886
2334666
2239999

5511139
0511139
5508633
2888643
2866644
2777744
2279999

7777449
0788449
5508422
5338862
5533362
1116662
1119999

5511179
0511179
5508877
2222876
4442886
4433666
3339999

5511179
0511179
5508877
2222876
3332886
4433666
4449999

5522229
0521119
5501117
6663477
6883447
6833447
8839999

5522229
0521119
5501117
6668477
6888447
6833447
3339999

5544889
0544789
5504788
3337711
6233711
6222211
6669999

5544889
0544689
5504688
7266611
7222211
7733311
7339999

2255579
0253579
6203377
6288374
6668344
1118844
1119999

3322229
0333729
5507777
5881116
5581116
4488666
4449999

5522229
0528879
5508377
4488376
4443376
1113666
1119999

5544889
0544389
5504388
2222336
2777736
1117666
1119999

5522229
0523449
5503447
8833477
6831117
6881117
6669999

4445559
0445859
2607888
2677778
2666111
2233111
3339999

2222889
0552839
6508833
6554443
6664473
1117777
1119999

2222889
0552389
6503388
6553444
6663744
1117777
1119999

5522229
0533329
5507338
1177888
1167844
1167444
6669999

5522229
0523119
5503117
8833117
6834477
6884447
6669999

5522229
0523339
5507833
1177888
1167448
1167444
6669999

5522229
0528839
5507833
1177883
1167443
1167444
6669999

7777119
0755119
2605118
2655888
2666844
2233444
3339999

5544439
0544339
5507388
2277386
2117886
2117666
2119999

