7777889
0733689
3332688
1112666
1112444
5552244
5059999

5522229
0544429
5544666
7388611
7338611
7738811
7039999

7777889
0733869
3338862
1116662
1114442
5554422
5059999

2222889
0442389
4447388
1117336
1117736
5557666
5059999

2222889
0442839
4448837
1116337
1116377
5556667
5059999

7777339
0733389
1118884
1118644
2222644
5552666
5059999

3377779
0333789
1118884
1118644
2222644
5552666
5059999

6667889
0367789
3367288
3447211
3444211
5552211
5059999

7777889
0766689
2222688
2333611
3344411
5554411
5059999

7777339
0733349
6668844
6111844
6111882
5552222
5059999

3377779
0333749
6668844
6111844
6111882
5552222
5059999

5546669
0544369
5544362
7111332
7111832
7788822
7089999

3322229
0333729
6667777
6111884
6111844
5558844
5059999

5511169
0511169
5586664
7388844
7332844
7732222
7039999

2273889
0273389
6277388
6274311
6664411
5554411
5059999

7777889
0711189
3311188
2333666
2222446
5554446
5059999

5526669
0526449
5526444
7223311
7333811
7788811
7089999

7777889
0744489
6664488
6222211
6333211
5553311
5059999

8811129
0811129
6883327
6333227
6664477
5554447
5059999

5571119
0571119
5577388
2273386
2443886
2443666
2049999

5511179
0511179
5538877
2233876
2443886
2443666
2049999

5571119
0571119
5577333
2273386
2448886
2448666
2049999

8811139
0811139
2885533
2222543
6665544
6777744
6079999

6661119
0361119
3362222
3877772
3888744
5558444
5059999

6661119
0361119
3368444
3888744
3877772
5552222
5059999

5524889
0524489
5524488
7322666
7331116
7731116
7039999

5561119
0561119
5566622
7388442
7338442
7738842
7039999

5522889
0524489
5524488
7324666
7331116
7731116
7039999

5566689
0568889
5568337
2233377
2441117
2441117
2049999

5566639
0568839
5568337
2288377
2441117
2441117
2049999

7777449
0784449
8883311
8333611
2222611
5552666
5059999

5561119
0561119
5566642
7388442
7338442
7738822
7039999

5522889
0532689
5532688
7332666
7344111
7744111
7049999

4445559
0445859
2222888
2376668
3376111
3776111
3079999

7777889
0766689
1144688
1144633
1143332
5552222
5059999

4443889
0443689
1133688
1137666
1177772
5552222
5059999

5522229
0544829
5544888
7346668
7336111
7736111
7039999

5522229
0536829
5536888
7336668
7344111
7744111
7049999

3322229
0333829
7777888
4476668
4446111
5556111
5059999

7777889
0722389
1123388
1123666
1123446
5554446
5059999

7777889
0722839
1128833
1126663
1126443
5556444
5059999

5566639
0568839
5567833
2277883
2447111
2447111
2049999

2222889
0112839
6118833
6114443
6664473
5557777
5059999

2222889
0112389
6113388
6113444
6663744
5557777
5059999

2211449
0211449
6211347
6288377
6668337
5558837
5059999

6662119
0362119
3362117
3822477
3888447
5558447
5059999

5511889
0511689
5511688
7366644
7332444
7732222
7039999

5522229
0531129
5531188
7331186
7344886
7744666
7049999

7777889
0471189
4461188
4461133
6663332
5552222
5059999

7777889
0741189
6441188
6441133
6663332
5552222
5059999

7777889
0471189
6441188
6441133
6663332
5552222
5059999

