7777449
0788449
1118422
1118862
5533362
5336662
5509999

7777889
0766689
2222688
2111655
4111335
4433355
4409999

5566679
0588679
5583677
2883374
2111344
2111344
2209999

8811179
0811179
6883377
6333575
6662555
4442222
4409999

5511169
0511169
5576668
7777888
2222844
2333444
3309999

4447889
0447789
5557688
5357611
3366611
3222211
3209999

5511139
0511139
5572233
7777243
6668244
6888244
6809999

5511179
0511179
5538877
2334876
2344886
2344666
2209999

5511179
0511179
5538877
2338674
2388644
2366644
2209999

5511179
0511179
5538877
2433876
2443886
2443666
2209999

5511179
0511179
5533377
2338674
2888644
2866644
2209999

5511169
0511169
5586667
3388877
4333827
4422227
4409999

5522229
0523339
5533666
7777886
4711186
4411188
4409999

5571119
0571119
5577388
2273386
2443886
2443666
2409999

5511179
0511179
5538877
2233876
2443886
2443666
2409999

5577779
0544739
5544433
2666883
2611183
2611188
2209999

5566679
0588679
5538677
2338874
2311144
2311144
2209999

5571119
0571119
5577333
2273386
2448886
2448666
2409999

5511139
0511139
5586337
8886377
8426667
4422227
4409999

5566689
0568889
5568322
7777332
4711132
4411132
4409999

3322229
0333729
4447777
4488666
5581116
5881116
5509999

3336669
0433869
4488862
4481112
5571112
5777722
5509999

5571119
0571119
5577333
2473386
2448886
2448666
2209999

5571119
0571119
5577388
2473386
2443886
2443666
2209999

5566639
0568839
5568337
2488377
2441117
2441117
2209999

5566689
0568889
5568337
2433377
2441117
2441117
2209999

6661119
0461119
4467777
4488733
5583332
5882222
5509999

5531119
0531119
5533422
6663442
6887442
6877772
8809999

7777449
0788449
2286545
2886555
2666111
2333111
3309999

7777889
0744689
2244688
2545666
2555111
2333111
3309999

5566689
0568889
5568337
2233377
2441117
2441117
2409999

5566639
0568839
5568337
2288377
2441117
2441117
2409999

5522229
0566629
5583611
8883611
8433711
4437777
4409999

4441119
0441119
2222666
2333886
5573386
5777788
5509999

4446239
0446239
7666233
7755223
7885111
7855111
8809999

7777239
0744239
8444233
8886223
5586111
5666111
5509999

7777239
0786239
8886233
8666223
5544111
5444111
5509999

7777239
0755239
6665233
6855223
6888111
4448111
4409999

5544239
0544239
5574233
7777223
6668111
6888111
6809999

7777239
0755239
4445233
4455223
6668111
6888111
6809999

3334449
0233449
7222211
7755611
7885611
7855666
8809999

4445559
0445859
7777888
2673338
2633111
2666111
2209999

5566639
0568839
5567833
2477883
2447111
2447111
2209999

7777339
0733349
8855544
2856544
2886111
2666111
2209999

3377779
0333749
8855544
2856544
2886111
2666111
2209999

7777889
0733689
3332688
2222666
5544111
5444111
5509999

7777449
0733449
3332545
2222555
6668111
6888111
6809999

6665559
0465759
4467777
4482222
8882111
8333111
3309999

6665559
0365759
3367777
3882222
3482111
4488111
4409999

5544889
0544689
5574688
7777666
2222111
2333111
3309999

7777449
0786449
8886545
8666555
2222111
2333111
3309999

7777889
0755689
4445688
4455666
2222111
2333111
3309999

6665559
0465859
4467888
4477778
2222111
2333111
3309999

5586669
0588869
5533867
3334477
1124447
1122227
1109999

5586669
0588869
5533867
3334447
1124477
1122227
1109999

5577779
0567349
5563344
6663844
1123888
1122228
1109999

7777889
0733689
3332688
5552666
5452111
4422111
4409999

7777449
0733449
3332545
6662555
6882111
6822111
8809999

3322229
0333829
7777888
5756668
5556111
4446111
4409999

3377779
0333749
8222244
8886244
5586111
5666111
5509999

7777339
0733349
8222244
8886244
5586111
5666111
5509999

5566639
0568839
5567833
2277883
2447111
2447111
2409999

4443119
0443119
8833117
2836557
2886577
2666557
2209999

5586669
0588869
5533867
3334477
1144427
1122227
1109999

5566689
0568889
5568322
7777332
1174432
1144432
1109999

4445559
0445359
8666322
8886332
1186732
1177772
1109999

2222889
0112839
6118833
6115553
6665753
4447777
4409999

2222889
0112389
6113388
6113555
6663575
4447777
4409999

5536669
0538869
5533867
2113887
2114477
2114447
2209999

5544889
0544389
5547388
2117336
2117736
2117666
2209999

5566639
0568839
5567833
2117883
2117744
2117444
2209999

5544889
0544839
5548837
2116337
2116377
2116667
2209999

5586669
0588869
5533867
2113337
2114477
2114447
2209999

5511889
0511389
5511388
2222336
2777736
4447666
4409999

6662119
0362119
3362117
3822557
3888577
4448557
4409999

5522229
0523339
5533666
7777886
1174486
1144488
1109999

7777889
0766689
2222688
2444655
1144335
1133355
1109999

7777559
0733359
8332554
8882644
1182644
1122666
1109999

3334449
0733449
7777666
2222886
1152586
1155588
1109999

2222889
0442839
4448833
6665553
1165753
1167777
1109999

2222889
0442389
4443388
6663555
1163575
1167777
1109999

7777889
0575389
2555388
2222336
1144436
1144666
1109999

