4445559
0445359
1110322
1118332
6888732
6877772
6669999

7777889
0766689
1110688
1112655
2222335
4433355
4449999

5522229
0573329
5570333
8877411
6874411
6884411
6669999

4443889
0443389
1110388
1117355
6277775
6222255
6669999

7777889
0755589
4450588
4443311
6333211
6222211
6669999

5566639
0568839
5560833
2111883
2111444
2777744
2279999

5522229
0523339
5570833
7777888
6111448
6111444
6669999

5522229
0528839
5570833
7777883
6111443
6111444
6669999

5522229
0533329
5570338
7777888
6111844
6111444
6669999

7777559
0733359
2330558
2222888
6111844
6111444
6669999

5544439
0544339
5580322
8887362
8777762
1116662
1119999

8811139
0811139
2880334
2555344
2565744
2267777
6669999

8811139
0811139
2880337
2555377
2565447
2264447
6669999

7777889
0733389
6330288
6222255
6664445
1114455
1119999

7777889
0745589
6440588
6445533
6663332
1112222
1119999

7777889
0475589
6440588
6445533
6663332
1112222
1119999

7777889
0475589
4460588
4465533
6663332
1112222
1119999

5566639
0568839
5560833
4447883
4477772
1112222
1119999

8844559
0844459
3880557
3311177
6311127
6322227
6669999

5574449
0577449
5570666
2278611
2888611
2833311
2339999

7777889
0733689
3330688
2266611
2554411
2544411
2559999

5574449
0577449
5570333
2273311
2666811
2688811
2689999

7777889
0766689
3330688
2233611
2554411
2544411
2559999

8811139
0811139
2880633
2222643
5566644
5777744
5579999

5521119
0521119
5520388
7223386
7743886
7443666
7449999

5544889
0544789
5540788
3337711
6233711
6222211
6669999

5521119
0521119
5520333
7223386
7748886
7448666
7449999

5544889
0544689
5540688
7266611
7222211
7733311
7339999

7777889
0755589
3350588
2333611
2222611
4466611
4449999

6665559
0365859
7360888
7331118
7731112
7442222
4449999

5566639
0588639
5580633
7881113
7741112
7442222
7449999

7777889
0755589
2450588
2441116
2441116
2233666
3339999

5521119
0521119
5520447
8822447
6833477
6883337
6669999

5586669
0588869
5540862
7441112
7441112
7733322
7339999

2244889
0244489
6230788
6233755
6663775
1113755
1119999

7777889
0755589
3350588
2333666
2441116
2441116
2249999

7777889
0755589
2250588
2441116
2441116
2433666
3339999

7777889
0755589
3350588
4333111
4462111
4462222
6669999

8844439
0844339
2880311
2555311
2565711
2267777
6669999

5544889
0544389
5540388
2222336
2777736
1117666
1119999

5566639
0568839
5560833
2222883
2777744
1117444
1119999

8822229
0866629
3880611
3444611
3344711
5357777
5559999

5522229
0588329
5580311
4883311
4463711
4467777
6669999

5522229
0566629
5580611
8883611
8433711
4437777
4439999

4441119
0441119
8850562
7855562
7886662
7733322
7339999

7777449
0733449
3330411
8855511
6852511
6882222
6669999

5544439
0544339
5570388
7777386
2222886
1112666
1119999

7777889
0755589
3350588
2333666
2222446
1114446
1119999

7777889
0755589
1150588
1122226
1123336
4433666
4449999

7777889
0755589
1150588
1166633
1163332
4462222
4449999

7777839
0788839
1180332
1165352
1165552
4466622
4449999

5577779
0567889
5560832
6668832
1144332
1144322
1149999

7777889
0755589
1150588
1162222
1163332
4466633
4449999

3322229
0333829
7550888
7756668
7556111
7446111
4449999

3322229
0333829
4440888
4476668
5576111
5776111
5579999

3322229
0333829
5570888
5776668
5576111
4476111
4449999

3322229
0333829
4440888
7446668
7556111
7756111
7559999

7777889
0755589
1150588
1133666
1123336
4422226
4449999

5577779
0522749
5520344
8823344
6823111
6883111
6669999

7777119
0755119
2650118
2655888
2666844
2233444
3339999

2222889
0442689
4440688
1166655
1177775
1133755
3339999

5574449
0577449
5570388
2273386
2113886
2113666
2119999

7777889
0733689
3330688
2266655
2114445
2114455
2119999

5586669
0588869
5530867
2233477
2113447
2113447
2119999

5574449
0577449
5570333
2273386
2118886
2118666
2119999

7777889
0766689
3330688
2233655
2114445
2114455
2119999

2222119
0442119
4440117
6668557
6888577
6833557
3339999

2222119
0442119
4440117
6663557
6883577
6833557
8839999

7777119
0733119
3330114
8855544
6852544
6882222
6669999

8822229
0824449
3880447
3311557
6311577
6311557
6669999

