7777839
0788839
6585033
6555443
6662444
1112222
1119999

5566689
0568889
5568022
7111442
7111442
7733342
7339999

6662449
0362449
3362047
3822557
3888577
1118557
1119999

5544229
0544429
5533027
3338827
6111877
6111887
6669999

5566689
0568889
5568042
7111442
7111442
7733322
7339999

7777889
0745589
6445088
6445533
6663332
1112222
1119999

7777889
0475589
6445088
6445533
6663332
1112222
1119999

7777889
0475589
4465088
4465533
6663332
1112222
1119999

7777839
0788839
6585033
6555443
6664442
1112222
1119999

5522229
0523339
5533044
8811144
6811174
6887777
6669999

5566689
0568889
5568044
2311144
2311174
2337777
2239999

2266689
0268889
3268044
3211144
3311174
5357777
5559999

5571119
0571119
5577088
2273386
2333886
2444666
2449999

5571119
0571119
5577033
2273334
2666844
2688844
2689999

5544439
0574439
5577033
8871113
6871112
6882222
6669999

4446669
0443369
8333062
8881112
5581112
5777722
5579999

8822229
0823339
6887033
6777755
6664445
1114455
1119999

5522229
0523339
5586033
8886444
8666744
1117777
1119999

6667889
0367789
3367088
3447111
3442111
5452222
5559999

5566689
0568889
5568011
2344411
2344711
2337777
2239999

5571119
0571119
5577022
8874442
6833442
6883332
6669999

5571119
0571119
5577022
8873332
6833442
6884442
6669999

5571119
0571119
5577022
3376662
4333862
4488862
4489999

2266689
0268889
3268011
3244411
3344711
5357777
5559999

5522229
0523339
5533011
8844411
6844711
6887777
6669999

4441119
0441119
8333062
8883362
5586662
5777722
5579999

4441119
0441119
6665052
6885552
6877772
8833722
3339999

3334449
0733449
7777011
8855511
6852511
6882222
6669999

5544889
0544489
5533088
3332222
1166672
1167777
1169999

5544889
0544489
5533088
3337777
1166672
1162222
1169999

5544889
0544489
5533088
3337666
1177776
1122226
1129999

5522229
0526669
5533067
3338867
1144877
1144887
1149999

5522229
0523339
5511033
8811444
6811744
6887777
6669999

8822229
0825559
3885057
3311477
6311447
6311447
6669999

