6662449
0362449
3362407
3822557
3888577
1118557
1119999

5566689
0568889
5568402
7111442
7111442
7733322
7339999

5522229
0511129
5511107
6663477
6883447
6833447
8839999

5522229
0511129
5511107
6668477
6888447
6833447
3339999

4445559
0445259
6668207
6888277
6833227
1113337
1119999

2255449
0254449
6255307
6288377
6668337
1118837
1119999

7777449
0374449
3322505
3882555
3862111
8862111
6669999

6661119
0361119
3368807
3555877
3525887
4422227
4449999

5522229
0544429
5544307
1188377
1168337
1168837
6669999

5522229
0566629
5568807
1168477
1188447
1133447
3339999

8822229
0844429
3884407
3311557
6311577
6311557
6669999

8822229
0824449
3884407
3311557
6311577
6311557
6669999

