4445559
0445759
1117730
1118733
6888723
6822223
6669999

8822229
0855729
3885770
3355711
6344711
6344411
6669999

4446669
0446889
1116830
1118833
5522223
5777723
5579999

7777449
0755449
6665240
6355211
6388211
3382211
3889999

7777839
0788839
6585330
6555344
6662444
1112222
1119999

8844479
0844779
6883370
6333575
6662555
1112222
1119999

8822229
0825559
3885750
3347711
6344711
6344711
6669999

8822229
0827449
3887440
3377411
6357511
6355511
6669999

5522229
0526669
5546880
7446811
7448811
7733311
7339999

7777229
0755239
6665230
6855233
6888443
1118444
1119999

6662449
0362449
3362740
3822755
3888775
1118755
1119999

5522229
0523889
5573380
7777388
6111344
6111444
6669999

5577779
0588739
5582330
4882311
4462311
4462211
6669999

7777559
0733359
2338550
2888411
2864411
2264411
6669999

4446669
0448869
2558760
2588711
2557711
2233711
3339999

7777559
0738859
2338550
2388411
2364411
2264411
6669999

5586669
0588869
5544860
7444211
7222211
7733311
7339999

8811169
0811169
3886660
3777744
3372444
5352222
5559999

5511129
0511129
5533320
7336822
7746888
7446668
7449999

8811169
0811169
2886660
2447777
2444575
2233555
3339999

5511169
0511169
5576660
8777733
8883332
4482222
4449999

8844559
0844459
6887550
6777733
6663332
1112222
1119999

5522229
0524439
5544430
8811133
6811173
6887777
6669999

5566649
0567449
5567440
2237711
2337811
2388811
2389999

8822229
0825559
3885750
3377774
6311144
6311144
6669999

7777829
0788829
6585320
6555322
6663344
1113444
1119999

7777559
0766659
2263550
2863311
2888311
2448311
4449999

3336669
0733269
7777260
4488255
4448225
1118855
1119999

5522229
0521119
5541110
7448666
7448886
7733386
7339999

5522229
0521119
5531110
8837777
6833744
6883444
6669999

8822229
0821119
6881110
6777755
6667335
4433355
4449999

8822229
0821119
3881110
3377774
6357544
6355544
6669999

8822229
0821119
3881110
3344555
6344575
6347777
6669999

8822229
0821119
3881110
3347777
6344575
6344555
6669999

8822229
0821119
3881110
3355544
6357544
6377774
6669999

8811169
0811169
2886660
2222755
4477775
4433355
4339999

8811169
0811169
2886660
2222334
5533344
5777744
5579999

7777339
0733389
4448880
4458511
6255511
6222211
6669999

7777559
0733359
8334550
8884411
6284411
6222211
6669999

5521119
0521119
5528830
7226833
7746883
7446663
7449999

5521119
0521119
5523330
7226833
7746888
7446668
7449999

3377779
0333789
4448880
4458511
6255511
6222211
6669999

5586669
0588869
5544860
7244411
7222211
7733311
7339999

5588449
0568449
5568840
7266611
7222211
7733311
7339999

7777869
0788869
3286660
3222211
3344411
5354411
5559999

5522229
0574429
5574430
8877433
6871113
6881113
6669999

5526669
0526889
5526830
7228833
7741113
7441113
7449999

5586669
0588869
5533860
3332444
2222744
1117777
1119999

2288449
0278449
3278840
3277666
3371116
5351116
5559999

3336669
0433869
4488860
4482555
2222575
1117777
1119999

3377779
0333729
5522220
5881116
5581116
4488666
4449999

7777339
0733329
5522220
5881116
5581116
4488666
4449999

5566689
0568889
5568230
7222233
7741113
7441113
7449999

2277779
0257539
6255530
6288334
6668344
1118844
1119999

3322229
0333729
5577770
5881116
5581116
4488666
4449999

2277779
0235759
6235550
6233884
6663844
1118844
1119999

2288449
0238449
6238840
6233555
6663575
1117777
1119999

5588449
0578449
5578840
2377666
2371116
2331116
2239999

3377779
0333789
5558880
5458111
4462111
4462222
6669999

3377779
0333789
6668880
6448111
6442111
5452222
5559999

3377779
0333789
5558880
5458111
6442111
6442222
6669999

3377779
0333789
6668880
4468111
4462111
5452222
5559999

7777339
0733389
5558880
5458111
4462111
4462222
6669999

7777339
0733389
6668880
6448111
6442111
5452222
5559999

7777339
0733389
5558880
5458111
6442111
6442222
6669999

7777339
0733389
6668880
4468111
4462111
5452222
5559999

5522229
0533329
5586330
8886444
8666744
1117777
1119999

8822229
0833329
6887330
6777755
6664445
1114455
1119999

5561119
0561119
5566630
7222233
7288443
7784443
7889999

7777869
0788869
5586660
5222244
5533244
1113334
1119999

4445559
0445859
2688870
2687777
2666111
2233111
3339999

3366629
0333629
7777620
5758822
5558111
4488111
4449999

5544429
0574429
5577320
8873322
6873111
6883111
6669999

5586669
0588869
5533860
3337777
2222744
1112444
1119999

5544729
0544729
5547720
6663722
6883111
6833111
8839999

5544729
0544729
5547720
6668722
6888111
6833111
3339999

3336669
0433869
4488860
4487777
2222575
1112555
1119999

2222449
0332449
5533340
5777786
5578886
1118666
1119999

2222449
0332449
6833340
6888555
6668575
1117777
1119999

5522229
0524449
5534470
8837777
6833111
6883111
6669999

8822229
0825559
3885750
3347777
6344111
6344111
6669999

8822229
0827119
3887110
3377114
6357544
6355544
6669999

5544429
0544829
5588820
1187226
1177776
1133666
3339999

5526669
0526889
5526380
7223388
7743111
7443111
7449999

5522229
0544429
5534470
8837777
6833111
6883111
6669999

5524449
0528449
5528880
1122786
1177776
1133666
3339999

7777119
0788119
2238110
2338855
2364445
2364455
6669999

5577779
0587229
5588820
1144826
1144426
1133666
3339999

5544119
0544119
5548110
7888666
7822226
7733326
7339999

7777119
0788119
6668110
6328855
6324445
3324455
3229999

7777119
0788119
3228110
3328855
6324445
6324455
6669999

4442119
0442119
6662110
6882255
6877775
8833755
3339999

3334449
0233449
8222270
8887777
6585111
6555111
6669999

7777119
0788119
6668110
2368855
2364445
2334455
2239999

7777119
0755119
6665110
6355444
6388442
3382222
3889999

7777119
0788119
5558110
5458833
4463332
4462222
6669999

5577779
0522789
5528880
1128666
1124446
1133446
3339999

7777119
0788119
6668110
6448833
6443332
5452222
5559999

7777119
0788119
5558110
5458833
6443332
6442222
6669999

7777119
0788119
6668110
4468833
4463332
5452222
5559999

5577779
0522789
5528880
1128446
1124446
1133666
3339999

7777119
0788119
5558110
5358826
3322226
3444666
3449999

7777119
0788119
5558110
5458826
4422226
4433666
3339999

5522119
0532119
5532110
7332666
7388446
7784446
7889999

5511449
0511449
5511840
7777888
6273338
6222233
6669999

5574449
0577449
5578830
2276833
2116883
2116663
2119999

5566679
0563779
5563370
2288374
2118344
2118844
2119999

5544479
0544779
5538870
2233876
2113886
2113666
2119999

4442119
0442119
6662110
6322555
6388575
3387777
3889999

5574449
0577449
5573330
2276833
2116888
2116668
2119999

4446119
0446119
8666110
8882222
5583332
5777733
5579999

5576669
0577369
5573360
2273884
2113844
2118844
2119999

5522229
0511729
5511770
8811744
6833744
6883334
6669999

2222119
0442119
4448110
5578886
5777786
5533666
3339999

2222119
0442119
3444110
3777786
3378886
5358666
5559999

5586669
0588869
5511860
2311444
2311744
2337777
2239999

2286669
0288869
3211860
3211444
3311744
5357777
5559999

5511229
0511239
5511230
8844233
6844473
6887777
6669999

5522229
0533329
5511330
8811444
6811744
6887777
6669999

8822229
0824479
3884470
3311477
6311575
6311555
6669999

8822229
0825559
3885750
3311774
6311744
6311744
6669999

4446229
0446279
8666270
8883277
1183575
1133555
1139999

8844229
0844279
3884270
3311277
6311575
6311555
6669999

5522229
0521139
5581130
8881133
8466673
4467777
4469999

8822229
0821179
3881170
3341177
6344575
6344555
6669999

