7777889
0766689
5563288
0563211
5533211
4432211
4449999

7777889
0755589
2253588
0233411
6234411
6234411
6669999

7777889
0734489
2234488
0233411
6253511
6255511
6669999

7777889
0755589
2253588
0243311
6244311
6244311
6669999

7777889
0744389
2244388
0243311
6253511
6255511
6669999

4443889
0443389
7777388
0575311
6555211
6222211
6669999

7777889
0722389
5523388
0523666
5523446
1114446
1119999

7777889
0722839
5528833
0526663
5526443
1116444
1119999

5577779
0544739
5544433
0111883
6111283
6222288
6669999

7777889
0766689
5523688
0523611
5523311
4422311
4449999

5544229
0544429
5533327
0338827
6111877
6111887
6669999

7777889
0732289
5533288
0563211
5563211
4466611
4449999

7777889
0711189
5511188
0533666
5523336
4422226
4449999

7777889
0711189
5511188
0566633
5563332
4462222
4449999

7777889
0711189
2211188
0255444
6253344
6255333
6669999

7777889
0711189
2211188
0233355
6244335
6244455
6669999

7777889
0711189
2211188
0255333
6253344
6255444
6669999

7777889
0711189
2211188
0244455
6244335
6233355
6669999

7777889
0711189
5511188
0522226
5523336
4433666
4449999

7777889
0711189
5511188
0562222
5563332
4466633
4449999

5522229
0511129
5511188
0777786
4447886
4433666
3339999

5522229
0511129
5511188
0777786
3337886
4433666
4449999

5511139
0511139
5588337
0448377
6448827
6422227
6669999

4443889
0443689
5533688
0537666
5577772
1112222
1119999

7777889
0766689
5544688
0544633
5543332
1112222
1119999

5527889
0527789
5527688
0227611
4466611
4433311
4339999

5566639
0568839
5568433
0788443
7777442
1112222
1119999

5566689
0568889
5568444
0333744
3377772
1112222
1119999

5566689
0568889
5568444
0733344
7777332
1112222
1119999

7777889
0722389
5523388
0523611
5523611
4466611
4449999

5521119
0521119
5527777
0322786
3348886
3448666
3449999

5521119
0521119
5527777
0322786
4338886
4438666
4439999

5566689
0568889
5568722
0377772
3341112
3441112
3449999

5566689
0568889
5568722
0377772
4331112
4431112
4439999

5588449
0538449
5538842
0331112
6371112
6777722
6669999

5522229
0588729
5587777
0881116
3331116
4433666
4449999

5522229
0588729
5587777
0881116
4441116
4433666
3339999

5531119
0531119
5533887
0443877
6448827
6422227
6669999

7777449
0784449
2288811
0255811
6253311
6255333
6669999

5566639
0568839
5568233
0788243
7777244
1112244
1119999

5566679
0588679
5583677
0883374
2222344
1112344
1119999

4441119
0441119
7777832
0788832
6585332
6555322
6669999

4441119
0441119
2222666
0332886
5533386
5777788
5579999

5544889
0544489
5533388
0332222
1166672
1167777
1169999

5544889
0544489
5533388
0337777
1166672
1162222
1169999

5586669
0588869
5533867
0223337
1124477
1124447
1129999

5536669
0538869
5533867
0223887
1124477
1124447
1129999

5566639
0568839
5567833
0227883
1127744
1127444
1129999

5544889
0544389
5547388
0227336
1127736
1127666
1129999

5544889
0544839
5548837
0226337
1126377
1126667
1129999

7777119
0733119
3338112
0558882
6544482
6554422
6669999

5586669
0588869
5544867
0444337
1133377
1122227
1129999

2222889
0442839
4448833
0115553
6115753
6117777
6669999

2222889
0442389
4443388
0113555
6113575
6117777
6669999

5544889
0544489
5533388
0337666
1177776
1122226
1129999

7777449
0711449
8811422
0811552
6883352
6333552
6669999

5566689
0568889
5568447
0334447
1133377
1122227
1129999

5544889
0544869
5548867
0336667
1133377
1122227
1129999

5522229
0523339
5544833
0444888
1166678
1167777
1169999

5522229
0528839
5544833
0444883
1166673
1167777
1169999

5522229
0526669
5533367
0338867
1144877
1144887
1149999

5522229
0574429
5574488
0773486
1173886
1133666
1139999

5522229
0588729
5587777
0883666
1133446
1134446
1139999

