7777889
0755289
6665288
6055211
6332211
4433311
4449999

7777889
0766689
5563288
5063211
5533211
4432211
4449999

5522229
0523339
5533666
7088611
7748611
7448811
7449999

8877779
0855739
6885433
6055443
6662443
1112222
1119999

5522229
0523339
5566633
7088611
7748611
7448811
7449999

8877779
0855739
6885334
6055344
6662344
1112222
1119999

7777889
0733389
6332288
6055211
6665211
4455211
4449999

7777889
0722389
5523388
5023666
5523446
1114446
1119999

7777889
0744489
5554488
5053311
6333211
6222211
6669999

7777889
0722839
5528833
5026663
5526443
1116444
1119999

3377779
0333789
5558882
5058442
6111442
6111422
6669999

7777339
0733389
5558882
5058442
6111442
6111422
6669999

7777449
0788449
5558432
5058832
6111332
6111322
6669999

7777889
0766689
5523688
5023611
5523311
4422311
4449999

7777889
0733869
3338862
5056662
5554442
1114422
1119999

7777889
0732289
5533288
5063211
5563211
4466611
4449999

7777889
0766689
2222688
2033655
3334445
1114455
1119999

7777439
0784439
8884433
8022223
6111525
6111555
6669999

3322229
0333729
5557777
5058844
6111844
6111884
6669999

8811169
0811169
3886667
3022227
3324477
5354447
5559999

7777889
0711189
5511188
5033666
5523336
4422226
4449999

7777889
0711189
5511188
5066633
5563332
4462222
4449999

7777449
0784449
8885522
8033562
3335562
1116662
1119999

7777889
0711189
5511188
5022226
5523336
4433666
4449999

5511179
0511179
5538877
2033876
2443886
2443666
2249999

8811169
0811169
2886667
2044557
2444577
2233557
3339999

7777889
0711189
5511188
5062222
5563332
4466633
4449999

4443889
0443689
5533688
5037666
5577772
1112222
1119999

5522229
0523339
5511133
7011186
7748886
7448666
7449999

7777889
0766689
5544688
5044633
5543332
1112222
1119999

8855539
0857539
6887433
6077443
6667442
1112222
1119999

7777889
0722389
5523388
5023611
5523611
4466611
4449999

7777239
0575239
6555233
6088223
6668444
1118844
1119999

7777889
0733689
3332688
5052666
5552444
1112244
1119999

7777889
0744489
2554488
2051116
2551116
2233666
3339999

5571119
0571119
5577333
2073386
2448886
2448666
2249999

5571119
0571119
5577388
2073386
2443886
2443666
2249999

5566689
0568889
5568111
7033111
7743332
7442222
7449999

2222889
0352589
3355588
3071116
3471116
4477666
4479999

5566639
0568839
5568337
2088377
2441117
2441117
2249999

5566689
0568889
5568337
2033377
2441117
2441117
2249999

8855539
0857539
6887233
6077243
6667244
1112244
1119999

8822229
0866629
3884611
3044611
3344711
5357777
5559999

4441119
0441119
2222333
2073386
5578886
5778666
5579999

4441119
0441119
2222388
2073386
5573886
5773666
5579999

7777889
0575689
2555688
2044666
2444111
2233111
3339999

7777339
0733389
5558884
5058644
2222644
1112666
1119999

3377779
0333789
5558884
5058644
2222644
1112666
1119999

2222889
0442839
4448837
5056337
5556377
1116667
1119999

2222889
0442839
6448833
6045553
6665753
1117777
1119999

5566639
0568839
5567833
2077883
2447111
2447111
2249999

2222889
0442389
4447388
5057336
5557736
1117666
1119999

2222889
0442389
6443388
6043555
6663575
1117777
1119999

7777449
0783449
8883422
8033112
6535112
6555112
6669999

7777889
0722689
5552688
5052666
3332111
4433111
4449999

7777889
0722689
5552688
5052666
4442111
4433111
3339999

5566639
0568839
5568334
2088344
2222744
1117777
1119999

5566639
0568839
5568337
2088377
2222447
1114447
1119999

7777439
0784439
8884433
8022223
6525111
6555111
6669999

5566689
0568889
5568334
2033344
2222744
1117777
1119999

5566689
0568889
5568337
2033377
2222447
1114447
1119999

5566689
0568889
5568112
7044112
7444112
7733322
7339999

7777339
0733349
2222844
2088844
6585111
6555111
6669999

3377779
0333749
2222844
2088844
6585111
6555111
6669999

7777889
0733689
3332688
5052666
5552111
4422111
4449999

2222889
0442689
3447688
3047666
3377111
5357111
5559999

7777229
0783249
8883244
8033244
6535111
6555111
6669999

7777119
0783119
8883112
8033442
6535442
6555422
6669999

5511889
0511689
5511688
7066633
7743332
7442222
7449999

5511889
0511689
5511688
7033666
7743332
7442222
7449999

4445559
0445359
2222388
2073386
1173886
1177666
1179999

4443889
0443389
2222388
2075356
1175556
1177666
1179999

