5553889
5053389
0722388
7724311
6724411
6724411
6669999

5553889
5053389
0666388
7624311
7624411
7724411
7229999

5556889
5056289
0666288
7777211
4472211
4433311
4339999

5556889
5056289
0666288
7444211
7442211
7733311
7339999

2222889
2066689
0111688
4111655
4477775
4433755
3339999

5553889
5053389
0111388
7111326
7722226
7444666
7449999

5556669
5058869
0111862
4111882
4477772
4433722
3339999

5553889
5053389
0666388
2644311
2644411
2777711
2279999

5553889
5053389
0666388
2674311
2674411
2774411
2279999

5558839
5058339
0788322
7777342
6111442
6111442
6669999

2222339
2033389
0448887
4448557
6111577
6111557
6669999

2222889
2011189
0711188
7755333
6753344
6755444
6669999

2222889
2011189
0711188
7744455
6744335
6733355
6669999

2222889
2011189
0711188
7733355
6744335
6744455
6669999

2222889
2011189
0711188
7755444
6753344
6755333
6669999

2222889
2044389
0744388
7743311
6753511
6755511
6669999

2222889
2034489
0734488
7733411
6753511
6755511
6669999

2222889
2055589
0753588
7743311
6744311
6744311
6669999

2222889
2066689
0333688
3344611
5544411
5777711
5579999

2222889
2066689
0333688
3374611
5574411
5774411
5579999

2222889
2055589
0753588
7733411
6734411
6734411
6669999

5553889
5053689
0433688
4437666
4477772
1112222
1119999

5551119
5051119
0337777
2233374
2666844
2688844
2689999

5554449
5054479
0337777
2233311
2666811
2688811
2689999

5551119
5051119
0777788
2273386
2333886
2444666
2449999

5551119
5051119
0777733
2273334
2666844
2688844
2689999

5554449
5052449
0682222
7688811
7666811
7733311
7339999

5551119
5051119
0682222
7688842
7666844
7733344
7339999

5551119
5051119
0666844
2688844
2683334
2777733
2279999

2222449
2084449
0788811
7755811
6753311
6755333
6669999

5556669
5053369
0333267
8222277
8881117
4481117
4449999

5556449
5056449
0666847
2388877
2381117
2331117
2239999

5551119
5051119
0666444
7633344
7688332
7782222
7889999

5556889
5056789
0666788
2222774
2333744
1113344
1119999

5551119
5051119
0777722
8874442
6833442
6883332
6669999

5551119
5051119
0777722
8873332
6833442
6884442
6669999

2222839
2088839
0585337
4555377
4461117
4461117
6669999

5551119
5051119
0777722
3376662
4333862
4488862
4489999

5556669
5053369
0333867
2288877
2481117
2441117
2449999

5551119
5051119
0333666
3322226
4488726
4487777
4889999

5554449
5057449
0777722
6663112
6883112
6833112
8839999

5554449
5057449
0777722
6668112
6888112
6833112
3339999

5551119
5051119
0444666
7244886
7222286
7733388
7339999

5556669
5058869
0333867
3322887
1124477
1124447
1129999

5554449
5057449
0777722
1186662
1188862
1133862
3339999

5558839
5058339
0788344
7777344
1166642
1162222
1169999

2222119
2044119
0444117
6663557
6883577
6833557
8839999

2222119
2044119
0444117
6668557
6888577
6833557
3339999

2222889
2044689
0444688
1166655
1177775
1133755
3339999

2222889
2074489
0774488
1175456
1175556
1133666
3339999

2222889
2066689
0444688
1144655
1177775
1133755
3339999

2222559
2033359
0337558
1177888
1167844
1167444
6669999

5556669
5058869
0444862
1144882
1177772
1133722
3339999

5556279
5056279
0666277
1182274
1188844
1133844
3339999

5554449
5052449
0112222
7118666
7118886
7733386
7339999

5554449
5057449
0777722
3336662
1133862
1188862
1189999

5556669
5056889
0116844
2118844
2113334
2777733
2279999

5554449
5052449
0112666
7112886
7112286
7733388
7339999

5554449
5054479
0337777
2233386
2118886
2118666
2119999

5556449
5056449
0666347
2288377
2118337
2118837
2119999

5556669
5058869
0333867
3344887
1144477
1122227
1129999

5556889
5056789
0666788
3337744
1133744
1122224
1129999

5556279
5056279
0666277
3332274
1133844
1188844
1189999

5558839
5058339
0788322
7711342
6711442
6711442
6669999

5551139
5051139
0681133
2688843
2666844
2777744
2279999

5556669
5051169
0881164
2381144
2388744
2337777
2239999

5556669
5051169
0881167
2381177
2388447
2334447
2239999

5551179
5051179
0331177
2233374
2666844
2688844
2689999

