2333889
2073389
2777788
2205511
6444511
6445511
6669999

2557889
2057789
2557688
2207611
4466611
4433311
4339999

2237559
2037759
2337558
2307888
6111844
6111444
6669999

2234889
2034489
2334488
2307777
6111575
6111555
6669999

2234449
2034489
2338887
2308557
6111577
6111557
6669999

2235559
2035759
2337777
2308844
6111844
6111884
6669999

2255539
2058539
2888733
2807743
6111744
6111744
6669999

6665559
7065459
7764432
7804432
7888332
1118322
1119999

5554449
5054479
6663772
6803372
6888372
1118322
1119999

2211179
2011179
2558877
2503876
4553886
4433666
4439999

2222339
2033389
4448887
4408557
6111577
6111557
6669999

5558839
5058339
4488322
4407362
4777762
1116662
1119999

6777789
6078889
6668333
2203311
2554411
2544411
2559999

5511179
5011179
5566677
2208674
2888644
2833344
2339999

2266689
2068889
2768333
2703311
7744411
5754411
5559999

6664449
7062449
7762222
7305511
7388511
3385511
3889999

6664449
3062449
3362222
7305511
7388511
7785511
7889999

6664449
6032449
6332222
7305511
7388511
7785511
7889999

6661119
6031119
6332222
7305542
7388544
7785544
7889999

6661119
3061119
3362222
7305542
7388544
7785544
7889999

6661119
7061119
7762222
7305542
7388544
3385544
3889999

5551119
5051119
2677778
2607888
2666844
2233444
3339999

3881119
3081119
3388557
2306577
2446557
2446667
2249999

3881119
3081119
3388666
2305556
2445756
2447777
2249999

6661119
6031119
6733555
2703545
2773844
2788844
2289999

5551119
5051119
7777333
2703386
2448886
2448666
2249999

6661119
6081119
6788844
2703844
2773545
2733555
2239999

5556669
5054469
8844462
7801112
7881112
7733322
7339999

5551119
5051119
7777388
2703386
2443886
2443666
2249999

3886669
3085569
3388567
2305577
2441117
2441117
2249999

5531119
5031119
5533444
8803744
6877772
6882222
6669999

5551119
5051119
3777744
3307844
6388842
6382222
6669999

5552449
5052449
6662411
6302211
6388711
3387777
3889999

5551119
5051119
4433322
4408332
6478882
6777782
6669999

3881119
3081119
3388422
7304462
7554462
7756662
7559999

2222339
2033379
6667777
6505884
6555844
1118844
1119999

3881119
3081119
3388422
7306442
7556442
7756662
7559999

5551119
5051119
4488322
4408332
6478832
6777732
6669999

5551119
5051119
6662222
6302444
6388744
3387777
3889999

3444889
3044689
3322688
7302666
7552111
7752111
7559999

5551119
5051119
8844462
7804462
7886662
7733322
7339999

3885559
3085759
3388711
4307711
4462711
4462222
6669999

5544239
5044239
5547233
8807223
6877111
6887111
6669999

2222889
5052839
5558837
4406337
4446377
1116667
1119999

5544889
5044689
5547688
2307666
2377111
2337111
2239999

2222889
5052389
5557388
4407336
4447736
1117666
1119999

5551119
5051119
2222447
8802447
6833477
6883337
6669999

6662239
7062339
7762344
7802344
7888545
1118555
1119999

5552239
5052739
6662733
6802773
6888744
1118444
1119999

5556449
5056449
7666422
7703112
7883112
7833112
8839999

5556449
5056449
7666422
7708112
7888112
7833112
3339999

2231119
2031119
2733666
2703886
7744486
5754488
5559999

3881119
3081119
3388446
7304446
7552666
7752222
7559999

3881119
3081119
3388666
7304446
7552446
7752222
7559999

3886669
3085569
3388564
2305544
2222744
1117777
1119999

3886669
3085569
3388567
2305577
2222447
1114447
1119999

2222889
2033689
3337688
4407666
4477111
5457111
5559999

2222449
2033449
3337545
8807555
6877111
6887111
6669999

2288119
2083119
2883117
2403377
4465357
4465557
6669999

2288119
2083119
2883117
2403377
6445357
6445557
6669999

5556229
5056249
7666244
7708244
7888111
7833111
3339999

5556229
5056249
7666244
7703244
7883111
7833111
8839999

2222119
2083119
8883117
8403377
4465357
4465557
6669999

2222119
2083119
8883117
8403377
6445357
6445557
6669999

5566639
5068839
5567833
2207883
2477111
2447111
2449999

5544889
5044869
5548862
1106662
1177772
1133722
3339999

5566689
5068889
5568442
1104442
1177772
1133722
3339999

5557119
5057119
2677118
2607888
2666844
2233444
3339999

5552119
5052119
6662114
6302244
6388744
3387777
3889999

5552119
5052119
6662117
6302277
6388447
3384447
3889999

2222889
5052879
5558877
1104476
1144476
1133666
3339999

2222889
5052839
5558833
1104443
1164473
1167777
6669999

2222889
5052389
5553388
1103444
1163744
1167777
6669999

6777789
6078889
6668344
2203344
2113545
2113555
2119999

5544889
5044389
5547388
2207336
2117736
2117666
2119999

5566639
5068839
5567833
2207883
2117744
2117444
2119999

5556119
5056119
7666112
7703442
7883442
7833422
8839999

5536669
5038869
5533867
2203887
2114477
2114447
2119999

5556119
5056119
7666112
7708442
7888442
7833422
3339999

5511889
5011389
5511388
2207336
2777736
2444666
2449999

6444889
6044839
6668833
2205553
2115753
2117777
2119999

6777789
6078889
6668333
2203355
2114445
2114455
2119999

5544889
5044839
5548837
2206337
2116377
2116667
2119999

6444889
6044389
6663388
2203555
2113575
2117777
2119999

5586669
5088869
5533867
2203337
2114477
2114447
2119999

7885559
7085359
7788332
7401132
4461132
4461122
6669999

7885559
7085359
7788332
7401132
6441132
6441122
6669999

