2222889
5052789
5557788
6660711
6333711
6443311
4449999

5522229
5073329
5577333
8870411
6874411
6884411
6669999

5522229
5066629
5567777
3360711
4333811
4488811
4489999

5553889
5053289
4433288
4430211
6472211
6777711
6669999

6664889
3064489
3364488
2350511
2355511
2777711
2279999

6664889
6034489
6334488
2350511
2355511
2777711
2279999

2211169
2011169
2736668
2730888
7733844
5753444
5559999

2211169
2011169
2886667
2480557
4488577
4433557
3339999

2211169
2011169
2886667
2380557
3388577
3444557
3449999

5511169
5011169
5586667
8880337
8433377
4422227
4429999

5511179
5011179
5532277
8830274
6833244
6883244
6669999

5558839
5058339
4488322
4470362
4777762
1116662
1119999

5511179
5011179
5538877
2330876
2344886
2344666
2249999

5511179
5011179
5538877
2230876
2433886
2443666
2449999

5522229
5021119
5531117
8830477
6833447
6883447
6669999

5544889
5044789
5547788
3330711
6233711
6222211
6669999

5571119
5071119
5577666
2370886
2344486
2334488
2239999

5551119
5051119
7777666
2370886
2344486
2334488
2239999

2777789
2078889
2558111
2250111
6553344
6333444
6669999

5551119
5051119
3777744
3370844
6388842
6382222
6669999

3225559
3025759
3327777
8320666
8881116
4481116
4449999

5571119
5071119
5577422
8870442
6833442
6883332
6669999

3224889
3024489
3324488
7320666
7551116
7751116
7559999

7881119
7081119
7788422
7550442
6533442
6553332
6669999

5551119
5051119
7777422
8870442
6833442
6883332
6669999

5522229
5023449
5533447
8830477
6831117
6881117
6669999

5571119
5071119
5577322
8870332
6844432
6884432
6669999

7881119
7081119
7788322
7550332
6544432
6554432
6669999

5551119
5051119
7777322
8870332
6844432
6884432
6669999

5522229
5066629
5533611
3330611
4488711
4487777
4889999

2234889
2034489
2334488
2370666
5571116
5771116
5579999

2235559
2035759
2337777
2380666
8881116
8441116
4449999

2255539
2058539
2888337
2840377
6441117
6441117
6669999

7777559
6073359
6333558
6660888
2222844
1112444
1119999

5551119
5051119
6664442
6880442
6877772
8833722
3339999

5586669
5088869
5533867
3330477
2222447
1112447
1119999

3336669
4033869
4488867
4480557
2222577
1112557
1119999

7881119
7081119
7788555
7330545
6233344
6222244
6669999

5566689
5068889
5568112
7440112
7444112
7733322
7339999

5522229
5023119
5533117
8830117
6834477
6884447
6669999

3335529
8033529
8885527
1180227
1164477
1164447
6669999

5564449
5064479
5566672
3330772
1133872
1188822
1189999

5544479
5024479
5528877
1120876
1122886
1133666
3339999

2244889
2044689
2734688
2730666
7733111
5753111
5559999

5564449
5064479
5566672
1180772
1188872
1133822
3339999

5573889
5073389
5577388
1170344
1162444
1162222
6669999

5553889
5053389
7777388
1170344
1162444
1162222
6669999

3334449
8033449
8887777
1180575
1162555
1162222
6669999

5544479
5084479
5588877
1120876
1122226
1133666
3339999

7885559
7085359
7788322
7110332
6114432
6114442
6669999

5511889
5011789
5511788
3330774
6233744
6222244
6669999

2222449
2083449
8883347
8110377
6115357
6115557
6669999

7885559
7085359
7788332
7110432
6114432
6114422
6669999

5511889
5011389
5511388
2270336
2777736
2444666
2449999

5588449
5068449
5568847
6660337
1133377
1122227
1129999

2288449
2083449
2883347
2110377
6115357
6115557
6669999

5566689
5068889
5568447
3330447
1133477
1122227
1129999

