5522229
5073329
5577333
8874011
6874411
6884411
6669999

5554479
5054479
1114772
1118072
6888332
6833322
6669999

5554449
5057449
2777788
2111086
2111886
2233666
3339999

6663339
6033449
6755444
2775011
2755811
2788811
2289999

6665559
7065359
7768332
7888032
7844432
1114422
1119999

3334449
7033449
7552222
7752086
7558886
1118666
1119999

2222889
2011189
4411188
4433055
6473335
6777755
6669999

2235559
2035859
2733888
2773048
6711144
6711144
6669999

5511179
5011179
5586772
8886072
8666332
4433322
4449999

5511179
5011179
5586772
8886072
8336662
4433322
4449999

2554449
2054479
2557777
2233086
3338886
1118666
1119999

6665559
7065359
7768332
7888032
7811132
4411122
4449999

5554449
5054479
3337777
2233011
2666811
2688811
2689999

5551119
5051119
3337777
2233074
2666844
2688844
2689999

2244889
2044389
2743388
2773011
6753511
6755511
6669999

5551119
5051119
2777788
2447086
2444886
2233666
3339999

5522229
5033329
5544337
8844077
6841117
6881117
6669999

5586669
5088869
5533864
3332044
2222744
1117777
1119999

5586669
5088869
5533867
3332077
2222447
1114447
1119999

2222449
2055449
6665411
6355011
6388711
3387777
3889999

5586669
5088869
5544867
2344077
2341117
2331117
2239999

5554449
5054489
6668887
2368077
2361117
2331117
2239999

5554449
5054489
3228887
3328077
6321117
6321117
6669999

2222339
2033389
5558887
5458077
4461117
4461117
6669999

2222339
2033389
6668887
6448077
6441117
5451117
5559999

2222339
2033389
5558887
5458077
6441117
6441117
6669999

2222339
2033389
6668887
4468077
4461117
5451117
5559999

5554449
5054489
6668887
6328077
6321117
3321117
3229999

3222269
3055269
3356667
8355077
8881117
4481117
4449999

5552449
5052449
6662411
6322011
6388711
3387777
3889999

5551119
5051119
3882222
3382044
6388744
6377774
6669999

5522229
5088329
5583311
4883011
4463711
4467777
6669999

5554449
5054489
2238887
2338077
2361117
2361117
6669999

5522229
5033329
5586334
8886044
8666744
1117777
1119999

5522229
5033329
5586337
8886077
8666447
1114447
1119999

5551119
5051119
8844462
7844062
7886662
7733322
7339999

5551119
5051119
8777762
8887062
4486662
4433322
4339999

3334449
7033449
7552288
7752086
7552886
1112666
1119999

5551119
5051119
8777744
8887044
6283334
6222233
6669999

2222889
2033849
3338844
7777044
6575111
6555111
6669999

2222889
2033849
3338844
7666044
7556111
7756111
7559999

2222339
2033349
8777744
8887044
6585111
6555111
6669999

7777439
8074439
8884433
1185053
1165552
1162222
6669999

2222119
2055119
6665114
6355044
6388744
3387777
3889999

2222119
2055119
6665117
6355077
6388447
3384447
3889999

2222889
5052879
5558877
1144076
1144476
1133666
3339999

5554449
5057449
2117788
2117086
2117886
2233666
3339999

7884439
7084439
7788433
7115053
6115552
6112222
6669999

7885559
7085359
7788332
7114032
6114432
6114422
6669999

5552119
5052119
6662117
6322077
6388447
3384447
3889999

5552119
5052119
6662114
6322044
6388744
3387777
3889999

5554449
5054479
3337777
2233086
2118886
2118666
2119999

5586669
5088869
5511867
2311077
2311447
2334447
2239999

5586669
5088869
5511864
2311044
2311744
2337777
2239999

5522229
5033329
5511337
8811077
6811447
6884447
6669999

5522229
5033329
5511334
8811044
6811744
6887777
6669999

2234889
2034489
2334488
2375056
1175556
1177666
1179999

2286669
2088869
2555864
2575044
1173344
1177333
1179999

5551179
5051179
3331177
2233074
2666844
2688844
2689999

