2222889
2075589
7777588
1115506
1113336
4433666
4449999

7777889
2075589
2222588
1115506
1113336
4433666
4449999

6665559
6075859
6477888
4473308
4472333
1112222
1119999

5553889
5053389
2222388
4442306
4477776
1117666
1119999

3334449
7033449
7552222
7756802
7556888
1116668
1119999

5522229
5024449
5533447
3338807
6111877
6111887
6669999

5511169
5011169
5586667
3388807
4333877
4422227
4429999

5511169
5011169
5536667
2338807
2344877
2344887
2249999

3334449
7033449
7558822
7756802
7556882
1116662
1119999

2222889
2011189
5511188
5777706
5573336
4433666
4449999

5544889
5044489
5511188
2311106
2377776
2337666
2239999

5511139
5011139
5578833
7777803
6444882
6442222
6669999

5511139
5011139
5544433
8844703
6877772
6882222
6669999

5554439
5054439
6668433
6888703
6877772
1112222
1119999

5522229
5024439
5544433
8811103
6811173
6887777
6669999

6777789
6078889
6668555
4433505
4443332
1112222
1119999

5551119
5051119
3337777
2233704
2666844
2688844
2689999

5511169
5011169
5536667
2238807
2433877
2443887
2449999

5511169
5011169
5586667
2288807
2433877
2443337
2449999

5571119
5071119
5577333
2273304
2666844
2688844
2689999

5551119
5051119
7777333
2273304
2666844
2688844
2689999

5571119
5071119
5577666
2278604
2888644
2833344
2339999

5551119
5051119
7777666
2278604
2888644
2833344
2339999

7881119
7081119
7788255
7222205
6443355
6444333
6669999

7881119
7081119
7788255
7222205
6663355
6444333
6449999

5534449
5033449
5583666
8883206
8222276
1117777
1119999

7885559
7085659
7788622
7366602
3341112
3441112
3449999

5551119
5051119
8844666
2844406
2883336
2777733
2279999

6663339
6033889
6444822
7448802
7551112
7751112
7559999

7885559
7085659
7788622
7366602
4331112
4431112
4439999

3885559
3085659
3388622
7366602
7741112
7441112
7449999

3777789
3078889
3358522
4355502
4461112
4461112
6669999

7881119
7081119
7788555
7433505
4463332
4462222
6669999

7881119
7081119
7788555
7433505
6443332
6442222
6669999

6777789
6078889
6668555
2222505
2333444
1113344
1119999

5551119
5051119
7777322
4788302
4468332
4468832
6669999

2222439
2074439
5574433
5776803
5576888
1116668
1119999

2222839
2088839
6585337
6555307
6664477
1114447
1119999

3221119
3021119
3328855
7328605
7788655
7444666
7449999

7221119
7021119
7728855
7428605
4488655
4433666
3339999

7221119
7021119
7728855
7328605
3388655
3444666
3449999

3334449
7033449
7722555
7882505
7862111
8862111
6669999

5551119
5051119
2222666
2333806
3388876
4487777
4449999

5551119
5051119
4477772
4448702
6888332
6833322
6669999

5551119
5051119
6877772
6888702
6668332
4433322
4449999

5551119
5051119
6664442
6884402
6877772
8833722
3339999

5566639
5088639
5587633
2887703
2447111
2447111
2249999

6777789
6078889
6668555
2344505
2344111
2334111
2239999

6777789
6078889
6668555
2443505
2443111
2433111
2239999

6665559
2065859
2367888
2337708
2237111
4437111
4449999

2234449
2033449
2883666
2853506
8855576
1117777
1119999

2271119
2071119
2778855
2378605
3388655
3444666
3449999

2255539
2057539
2777733
2446803
4446888
1116668
1119999

2271119
2071119
2778855
2478605
4488655
4433666
3339999

5551119
5051119
7777666
8733306
8882336
4482222
4449999

3225559
3025859
3327888
4327708
4467111
4467111
6669999

5551119
5051119
7777336
8733306
8882666
4482222
4449999

5551119
5051119
3377776
8333706
8882666
4482222
4449999

5551119
5051119
3444887
3344807
6328877
6322227
6669999

6663339
6033889
6444855
2448805
2222755
1117777
1119999

5522889
5024489
5524488
1124706
1177776
1133666
3339999

5522889
5024489
5524488
1127406
1177776
1133666
3339999

2222449
2074449
7777555
6663505
6883111
6833111
8839999

2222439
2084439
8884433
8777703
6575111
6555111
6669999

2222449
2074449
7777555
6668505
6888111
6833111
3339999

6664449
7062449
7762555
7882505
7822111
8833111
3339999

6665559
6025859
6327888
3327708
3227111
3447111
4449999

2222889
2075589
1177588
1175506
1173336
4433666
4449999

5544469
5024469
5526667
1128807
1122877
1133887
3339999

5522229
5067829
5567888
6667708
3337111
4433111
4449999

5556449
5056449
8666742
8883702
1183772
1133722
1139999

5522229
5067829
5567888
6667708
4447111
4433111
3339999

5524889
5024489
5524488
1122706
1177776
1133666
3339999

2222449
2074449
8777755
8883605
1183655
1133666
1139999

6777789
6078889
6668555
2222505
4442111
4433111
3339999

6777789
6078889
6668555
2222505
3332111
4433111
4449999

2222739
5052739
5557733
8666703
8886111
4486111
4449999

2222739
5052739
5557733
8844703
6844111
6884111
6669999

7777449
8073449
8883422
1183302
1165352
1165552
6669999

6664439
6044439
6777733
2278803
2558111
2588111
2559999

5556449
5056449
8666247
8883207
1183277
1133227
1139999

2244439
2084439
2788833
2755803
6775111
6755111
6669999

2288439
2084439
2884433
2777703
6575111
6555111
6669999

2255739
2057739
2855733
2888703
6448111
6444111
6669999

2255539
2057539
2777733
2448803
6448111
6488111
6669999

2255739
2057739
2855733
2888703
6668111
6444111
6449999

5586669
5088869
5544862
1144402
1177772
1133722
3339999

2235559
2035859
2337888
2347708
6447111
6447111
6669999

5556119
5056119
2666117
2448807
2444877
2233887
3339999

5588449
5068449
5568842
1166602
1177772
1133722
3339999

7777449
8072449
8882455
1182605
1122655
1133666
3339999

7777449
2074449
2222555
6668505
6888111
6833111
3339999

7777449
2074449
2222555
6663505
6883111
6833111
8839999

2222739
5052739
5557733
1188703
1168444
1168844
6669999

2222889
5052839
5558833
1144403
1164473
1167777
6669999

7777449
8073449
8883455
1183305
1162355
1162222
6669999

7885559
7085359
7788322
7113302
6113442
6114442
6669999

5554439
5054439
7777433
2276803
2116888
2116668
2119999

5574439
5074439
5577433
2276803
2116888
2116668
2119999

5511889
5011789
5511788
3337704
6233744
6222244
6669999

2211889
2011389
2711388
2773304
6753544
6755544
6669999

5566689
5068889
5568337
2233307
2114477
2114447
2119999

5556669
5053369
8333467
8884407
1184477
1122227
1129999

5586669
5088869
5533867
3334407
1144477
1122227
1129999

5511449
5011449
5511247
6663207
6883277
6833227
8839999

5511449
5011449
5511247
6668207
6888277
6833227
3339999

5566639
5068839
5568337
2288307
2114477
2114447
2119999

5554449
5054439
8666337
8886307
1186377
1122227
1129999

5522229
5023339
5578833
7777806
1144886
1144666
1149999

5511449
5011449
5511742
6668702
6888772
6833722
3339999

5511449
5011449
5511742
6663702
6883772
6833722
8839999

5511229
5011239
5511233
8844203
6844473
6887777
6669999

5511889
5011689
5511688
7266604
7222244
7733344
7339999

2551139
2051139
2551133
2276803
4776888
4476668
4479999

5522229
5021139
5581133
8881103
8466673
4467777
4469999

2222889
2041189
3441188
3441106
3377776
5357666
5559999

2222889
2071189
5571188
5771106
5573336
4433666
4449999

6661139
7061139
7761133
7555803
7525888
4422228
4449999

5522229
5073329
5577333
8871104
6871144
6881144
6669999

5521139
5021139
5521133
7226803
7746888
7446668
7449999

