6663339
6033279
6222277
1118870
1118575
4488555
4449999

3222279
3044279
3344477
5356870
5556888
1116668
1119999

5556889
5056789
2666788
2111770
2111744
2233444
3339999

2444889
2044879
2338877
2233370
6111575
6111555
6669999

5511179
5011179
5533377
2336870
2446888
2446668
2249999

5566639
5067339
5567388
4477380
4447882
1112222
1119999

6663889
6073389
6477388
4475350
4475552
1112222
1119999

6665559
6075359
6477388
4473380
4473882
1112222
1119999

5551119
5051119
3337777
2233740
2666844
2688844
2689999

5571119
5071119
5577333
2273340
2666844
2688844
2689999

5551119
5051119
7777333
2273340
2666844
2688844
2689999

5571119
5071119
5577666
2278640
2888644
2833344
2339999

5551119
5051119
7777666
2278640
2888644
2833344
2339999

3335579
2033579
2445577
2446870
2246888
1116668
1119999

6664479
2064479
2565477
2555870
2233888
1113338
1119999

7881119
7081119
7788255
7222250
6443355
6444333
6669999

7881119
7081119
7788255
7222250
6663355
6444333
6449999

5551119
5051119
2687777
2688870
2666844
2233444
3339999

2222879
2088879
6585377
6555370
6663344
1113444
1119999

2222339
2033379
6664477
6844470
6888575
1118555
1119999

3221119
3021119
3328855
7328650
7788655
7444666
7449999

7221119
7021119
7728855
7428650
4488655
4433666
3339999

7221119
7021119
7728855
7328650
3388655
3444666
3449999

2333889
2073389
2774488
2274440
6575111
6555111
6669999

6664889
6044389
6744388
7777330
2222535
1112555
1119999

6667889
6077389
6447388
4447330
2222535
1112555
1119999

5566679
5088679
5538677
2338870
2344111
2344111
2249999

2271119
2071119
2778855
2378650
3388655
3444666
3449999

5542279
5044279
5544277
6663270
6883111
6833111
8839999

5542279
5044279
5544277
6668270
6888111
6833111
3339999

2271119
2071119
2778855
2478650
4488655
4433666
3339999

3224889
3024489
3324488
7326660
7556111
7756111
7559999

3225559
3025759
3327777
8326660
8886111
4486111
4449999

6663339
6033889
6444855
2448850
2222755
1117777
1119999

2222449
2074449
8777733
8883330
6585111
6555111
6669999

5544279
5044279
5534277
8832270
6833111
6883111
6669999

2222339
2033379
1166677
1168870
1168575
4488555
4449999

2222449
2074449
8777755
8883650
1183655
1133666
1139999

5544479
5034479
5538877
1133870
1163882
1162222
6669999

3335579
8033579
8885577
1184470
1164442
1162222
6669999

3334449
8033449
8887777
1185750
1165552
1162222
6669999

5544479
5084479
5588877
1133870
1163332
1162222
6669999

5557889
5057389
4477388
4447330
1166632
1162222
1169999

5544889
5044389
5574388
7777330
1166632
1162222
1169999

5544479
5064479
5568877
6663870
1133882
1132222
1139999

5566679
5088679
5538677
2238870
2433111
2443111
2449999

2234479
2034479
2334877
2388870
6585111
6555111
6669999

2235559
2035759
2337777
2386660
8886111
8446111
4449999

2234889
2034489
2334488
2376660
5576111
5776111
5579999

2244889
2044489
2733388
2755330
6775111
6755111
6669999

2255579
2058579
2888377
2843370
6443111
6443111
6669999

7777449
8072449
8882455
1182650
1122655
1133666
3339999

2444889
2044389
2666388
2276330
1176535
1177555
1179999

5544479
5044879
5588877
1183370
1162333
1162222
6669999

7777449
8073449
8883455
1183350
1162355
1162222
6669999

6444889
6044389
6667388
2277330
2117535
2117555
2119999

7444889
7044389
7722388
7112330
6112535
6112555
6669999

5511889
5011789
5511788
3337740
6233744
6222244
6669999

2211889
2011389
2711388
2773340
6753544
6755544
6669999

2211889
2011389
2711388
2774330
6744535
6744555
6669999

5566679
5064479
5564477
3334870
1133888
1122228
1129999

5566679
5044679
5544677
3334870
1133888
1122228
1129999

5566679
5068879
5568377
2288370
2113344
2113444
2119999

5566679
5011679
5511677
3311870
4333888
4422228
4429999

5511889
5011389
5511388
6667330
6777732
6442222
4449999

5511889
5011389
5511388
7777330
4766632
4462222
4469999

5566679
5011679
5511677
2211870
2433888
2443338
2449999

5511889
5011689
5511688
7266640
7222244
7733344
7339999

5551179
5051179
2681177
2688870
2666844
2233444
3339999

5522229
5073329
5577333
8871140
6871144
6881144
6669999

