2222339
2033379
1117777
1118666
0888446
5854446
5559999

5556889
5056789
2666788
2222774
0333744
1113344
1119999

7444639
7044639
7766633
7822223
0888525
1118555
1119999

5552889
5052389
4442388
4422336
0777736
1117666
1119999

7777449
8074449
8886662
3385562
0333562
1115522
1119999

7885559
7085359
7788332
7111632
0111632
4466622
4449999

7777449
3074449
3886662
3385562
0388562
1115522
1119999

5554479
5054479
2222477
2833376
0888336
1118666
1119999

2211169
2011169
2736668
2733888
0773844
5753444
5559999

2211139
2011139
2766633
2788643
0778644
5758844
5559999

2211169
2011169
2386667
2388877
0335857
4435557
4449999

7226669
7026449
7726444
7325511
0388511
3385511
3889999

5522889
5062789
5562788
6662774
0333744
1113344
1119999

5566689
5068889
5568422
7777442
0733442
1113332
1119999

5558839
5058339
4488322
4447362
0777762
1116662
1119999

5566689
5068889
5568322
7777332
0744432
1114432
1119999

5566689
5068889
5568722
3377772
0333442
1114442
1119999

5586669
5088869
5533862
3332222
0777744
1117444
1119999

5511169
5011169
5586667
3388877
0333827
4422227
4449999

5553889
5053689
4433688
4437666
0477772
1112222
1119999

2444889
2044839
2558837
2256337
0556377
1116667
1119999

2444889
2044389
2557388
2257336
0557736
1117666
1119999

2554449
2054479
2557777
2233386
0338886
1118666
1119999

5522229
5023339
5533666
7777886
0711186
4411188
4449999

6667889
6077289
6447288
4447255
0333225
1113355
1119999

6664889
6044289
6744288
7777255
0333225
1113355
1119999

5566689
5068889
5568322
7777332
0711132
4411132
4449999

2266689
2068889
2768333
2773311
0744411
5754411
5559999

2276669
2076449
2776444
2375511
0388511
3385511
3889999

7777439
8074439
8884433
5581113
0561112
5562222
6669999

5566639
5068839
5562833
2222883
0777744
1117444
1119999

5544889
5044389
5542388
2222336
0777736
1117666
1119999

7777449
8072449
8882411
5582611
0522611
5533666
3339999

2551119
2051119
2558666
2278886
0473386
4477333
4479999

2551119
2051119
2553666
2273886
0473386
4477388
4479999

2556669
2056889
2556811
2278811
0473311
4477333
4479999

5522229
5023339
5533666
7777886
0744486
1114488
1119999

7881119
7081119
7788422
7666442
0633442
5653332
5559999

2222339
2033379
5557777
5854446
0888446
1118666
1119999

2222339
2033379
5554477
5854476
0888476
1118666
1119999

7881119
7081119
7788322
7666332
0644432
5654432
5559999

2222889
2055389
4445388
4455336
0777736
1117666
1119999

2222889
2074489
3774488
3374666
0371116
5351116
5559999

5566679
5068879
5568277
3388274
0333244
1112244
1119999

2244559
2044459
2333557
2883377
0861117
8861117
6669999

2286669
2088869
2333867
2443377
0441117
5451117
5559999

3334449
6033449
6222211
6668211
0888711
5857777
5559999

5551119
5051119
2222444
2887446
0877776
8833666
3339999

7777449
8073449
8883411
5583311
0562311
5562222
6669999

6661119
6081119
6788832
7744832
0744332
5754322
5559999

2222889
5052839
5558837
4446337
0446377
1116667
1119999

2222889
5052389
5557388
4447336
0447736
1117666
1119999

5522449
5024449
5528666
3328886
0333786
1117777
1119999

2236669
2038869
2338565
2388555
0777744
1117444
1119999

6667449
6077449
6887422
5587112
0588112
5533112
3339999

2244889
2044389
2545388
2555336
0777736
1117666
1119999

2266639
2068839
2565833
2555883
0777744
1117444
1119999

2255539
2057539
2777733
2866643
0888644
1118644
1119999

2244439
2044339
2557388
2577386
0557886
1117666
1119999

2231119
2031119
2733666
2773886
0744486
5754488
5559999

6664889
6074489
6774488
5572222
0572111
5533111
3339999

6667229
6077249
6887244
5587244
0588111
5533111
3339999

2222119
2088119
6668117
5568877
0564447
5533447
3339999

2222119
2033119
3337118
5577888
0567844
5567444
6669999

2244889
2044689
2734688
2733666
0773111
5753111
5559999

2275559
2075859
2377888
2376668
0336111
4436111
4449999

2244439
2044839
2788833
2786663
0776111
5756111
5559999

6663119
6033119
6738112
7738882
0744482
5754422
5559999

6667119
6077119
6887112
5587442
0588442
5533422
3339999

7777119
8072119
8882114
5582644
0522644
5533666
3339999

7777119
8073119
8883114
5583344
0562344
5562222
6669999

2255539
2057539
2777733
2881143
0861144
8861144
6669999

