5554889
5054489
1114488
1112222
6033372
6337777
6669999

5554889
5054489
1114488
1112222
6073332
6777733
6669999

2222339
2033389
1118887
1118557
6044577
6444557
6669999

5554889
5054489
1114488
1117777
6033372
6332222
6669999

6777789
6078889
6668333
5553344
5052444
1112222
1119999

6777789
6078889
6668444
5553344
5052333
1112222
1119999

6663339
6033559
6111522
7111552
7088442
7784442
7889999

3334449
7033449
7886662
7785562
7088562
1115522
1119999

3226669
3026449
3326444
7325511
7088511
7785511
7889999

6777789
6078889
6668322
5553342
5053442
1113442
1119999

6777789
6078889
6668322
5554332
5054432
1114432
1119999

5553889
5053689
4433688
4437666
4077772
1112222
1119999

5554889
5054489
6664488
6777733
6073332
1112222
1119999

5554889
5054489
6664488
6337777
6033372
1112222
1119999

5551119
5051119
7777388
2273386
2043886
2443666
2449999

5571119
5071119
5577388
2273386
2043886
2443666
2449999

5551119
5051119
3337777
2233786
2048886
2448666
2449999

5511179
5011179
5538877
2233876
2043886
2443666
2449999

2235559
2035759
2337777
2388411
6084411
6884411
6669999

5511139
5011139
5586337
8886377
8026667
4422227
4449999

5571119
5071119
5577333
2273386
2048886
2448666
2449999

2234889
2034489
2334488
2355511
6057511
6777711
6669999

5551119
5051119
7777333
2273386
2048886
2448666
2449999

6777739
6078839
6662833
5552883
5052444
1112244
1119999

7777439
8074439
8884433
5581113
5061112
5562222
6669999

7884439
7084439
7788433
7551113
6051112
6552222
6669999

6665559
6075859
6377888
3371118
3071112
3442222
4449999

7777449
8072449
8882411
5582611
5022611
5533666
3339999

2554439
2054439
2554337
2288377
6081117
6881117
6669999

2551119
2051119
2558666
2278886
4073386
4477333
4479999

2553449
2053449
2553347
2288377
6081117
6881117
6669999

2551119
2051119
2553666
2273886
4073386
4477388
4479999

2556669
2056889
2556811
2278811
4073311
4477333
4479999

5522229
5023339
5584433
8884446
8077776
1117666
1119999

5522229
5023339
5587433
8887446
8077446
1117666
1119999

5522229
5024449
5584433
8883336
8077776
1117666
1119999

5551119
5051119
4447777
4488733
6083332
6882222
6669999

5522229
5026669
5586447
8886447
8033477
1113337
1119999

5522229
5026669
5584467
8884467
8033477
1113337
1119999

5551119
5051119
3366644
7333644
7088642
7782222
7889999

5554449
5058449
2888337
2833377
2061117
2261117
6669999

5566689
5068889
5568447
2222447
2033477
1113337
1119999

5544889
5044489
5533388
2222336
2077776
1117666
1119999

2222449
2074449
7777388
5553386
5053886
1113666
1119999

5551119
5051119
4433322
4448332
6078882
6777782
6669999

2222889
2033869
3338867
5556667
5054477
1114447
1119999

2222889
2033879
3338877
5554476
5054476
1114666
1119999

2222449
2033449
3337488
5557786
5057886
1117666
1119999

2222889
2033689
3337688
5557666
5057744
1117444
1119999

2222449
2033449
3338847
5556877
5056887
1116667
1119999

2222889
2033789
3337788
5556744
5056744
1116664
1119999

5551119
5051119
4488322
4448332
6078832
6777732
6669999

7881119
7081119
7788322
7554332
6054432
6554432
6669999

2222449
2074449
7777333
5553386
5058886
1118666
1119999

7881119
7081119
7788322
7553342
6053442
6553442
6669999

5566689
5068889
5568337
2233377
2041117
2441117
2449999

5554889
5054489
6664488
6332222
6033372
1117777
1119999

5566639
5068839
5568337
2288377
2041117
2441117
2449999

5522229
5066629
5583611
8883611
8033711
4437777
4449999

5522229
5033329
5587334
8887644
8077644
1117666
1119999

5522229
5044429
5584433
8883336
8077776
1117666
1119999

5554449
5058449
6668887
6222287
6033277
1113337
1119999

6661119
6071119
6777782
5558882
5058332
4433322
4449999

7777449
8073449
8883411
5583311
5062311
5562222
6669999

6661119
6071119
6777732
5558832
5058332
4488322
4449999

6667449
6077449
6887422
5587112
5088112
5533112
3339999

6665559
7065359
7763322
7883112
7083112
4488112
4449999

2231119
2031119
2337777
2388755
6084445
6884455
6669999

2231119
2031119
2335544
2388544
6085574
6887777
6669999

7881119
7081119
7788333
7553344
6052444
6552222
6669999

7881119
7081119
7788444
7553344
6052333
6552222
6669999

6664889
6074489
6774488
5572222
5072111
5533111
3339999

7777449
2074449
2222388
5553386
5053886
1113666
1119999

7777449
2074449
2222333
5553386
5058886
1118666
1119999

5566689
5068889
5568112
7444112
7044112
7733322
7339999

6777739
6078839
6662833
5552883
5052111
4422111
4449999

6667229
6077249
6887244
5587244
5088111
5533111
3339999

2222119
2088119
6668117
5568877
5064447
5533447
3339999

5566639
5068839
5567833
2277883
2047111
2447111
2449999

2222119
2033119
3337118
5577888
5067844
5567444
6669999

2255539
2058539
2888733
2877773
6044111
6444111
6669999

2235559
2035859
2337888
2377778
6044111
6444111
6669999

6667119
6077119
6887112
5587442
5088442
5533422
3339999

7777119
8072119
8882114
5582644
5022644
5533666
3339999

7777119
8073119
8883114
5583344
5062344
5562222
6669999

