2222339
2033389
1118887
1118477
6505447
6555447
6669999

2222339
2033379
1117777
1118844
6505844
6555884
6669999

5554439
5054439
1114337
1118377
6208887
6222287
6669999

5553449
5053449
1113347
1118377
6208887
6222287
6669999

7885559
7085459
7788446
7333446
3302666
1112222
1119999

6665559
7065359
7768332
7888432
7804432
1114422
1119999

5556669
5058869
2222867
2333887
3304477
1114447
1119999

2211169
2011169
2736668
2733888
7703844
5753444
5559999

2211139
2011139
2766633
2788643
7708644
5758844
5559999

2211139
2011139
2866633
2888643
5508644
5777744
5579999

2211169
2011169
2386667
2388877
3305857
3445557
4449999

5511139
5011139
5586337
8886377
8406667
4422227
4429999

5511179
5011179
5532277
8833274
6803244
6883244
6669999

6665559
7065359
7768322
7888332
7804432
1114442
1119999

5511179
5011179
5566677
2388674
2308644
2338844
2239999

2222889
2011189
4411188
4433355
6407335
6777755
6669999

5522229
5011129
5511188
4777786
4407886
4433666
3339999

6661119
6021119
6822227
4888557
4408577
4433557
3339999

5571119
5071119
5577388
2273386
2403886
2443666
2449999

5551119
5051119
7777388
2273386
2403886
2443666
2449999

5551119
5051119
3337777
2233786
2408886
2448666
2449999

5511179
5011179
5538877
2233876
2403886
2443666
2449999

5571119
5071119
5577333
2273386
2408886
2448666
2449999

5551119
5051119
7777333
2273386
2408886
2448666
2449999

5522229
5021119
5531117
8833477
6803447
6883447
6669999

7777559
2073359
2333558
2666888
2206844
1116444
1119999

5521119
5021119
5523666
7223886
7703386
7444388
7449999

5521119
5021119
5528666
7228886
7703386
7444333
7449999

5522229
5033329
5544337
8844477
6801117
6881117
6669999

5522229
5044429
5544337
8833377
6801117
6881117
6669999

5574439
5074439
5577433
8871113
6801112
6882222
6669999

7884439
7084439
7788433
7551113
6501112
6552222
6669999

5554439
5054439
7777433
8871113
6801112
6882222
6669999

5571119
5071119
5577444
2376844
2306888
2336668
2239999

5551119
5051119
7777444
2376844
2306888
2336668
2239999

5571119
5071119
5577666
2374886
2304486
2334488
2239999

5551119
5051119
7777666
2374886
2304486
2334488
2239999

5553229
5053329
6668327
6888327
6804477
1114447
1119999

6661119
6031119
6733555
2773545
2703844
2788844
2289999

3336669
4033869
4488862
4481112
5501112
5777722
5579999

6661119
6081119
6788844
2773844
2703545
2733555
2239999

6661119
2061119
2867777
2888755
2208335
4433355
4449999

5522229
5088729
5587777
4881116
4401116
4433666
3339999

6777789
6078889
6668111
4433111
4403332
5452222
5559999

5566689
5068889
5568211
7222211
7703311
7444333
7449999

5586669
5088869
5544867
2344477
2301117
2331117
2239999

5588449
5068449
5568847
2366677
2301117
2331117
2239999

5554449
5054479
3337777
8833111
6802111
6882222
6669999

5524439
5024439
5524337
8822377
6801117
6881117
6669999

5523449
5023449
5523347
8822377
6801117
6881117
6669999

5551119
5051119
3444887
3344877
6308827
6322227
6669999

5554449
5052449
2222337
8833377
6801117
6881117
6669999

5551119
5051119
3777722
3378842
6308442
6388442
6669999

2222339
2033379
6667777
6555884
6505844
1118844
1119999

5571119
5071119
5577322
8874332
6804432
6884432
6669999

7881119
7081119
7788322
7554332
6504432
6554432
6669999

5551119
5051119
7777322
8874332
6804432
6884432
6669999

5571119
5071119
5577322
8873342
6803442
6883442
6669999

5551119
5051119
7777322
8873342
6803442
6883442
6669999

7881119
7081119
7788322
7553342
6503442
6553442
6669999

5526669
5026889
5526811
7228811
7703311
7444333
7449999

5566689
5068889
5568337
2233377
2401117
2441117
2449999

5566639
5068839
5568337
2288377
2401117
2441117
2449999

5522229
5088329
5583311
7883611
7703611
7444666
7449999

5522229
5034429
5534411
8833411
6803711
6887777
6669999

5522229
5044329
5544311
8843311
6803711
6887777
6669999

2777739
2078839
2444833
2244883
6505111
6555111
6669999

2777789
2078889
2338444
2233344
6505111
6555111
6669999

5544239
5044239
5547233
8877223
6807111
6887111
6669999

2222889
5052839
5558837
4446337
4406377
1116667
1119999

5544889
5044689
5547688
2377666
2307111
2337111
2239999

2222889
5052389
5557388
4447336
4407736
1117666
1119999

5554449
5057449
6667722
6887112
6807112
8833112
3339999

7881119
7081119
7788333
7553344
6502444
6552222
6669999

5551119
5051119
7777333
8873344
6802444
6882222
6669999

5571119
5071119
5577333
8873344
6802444
6882222
6669999

5551119
5051119
3337777
8833744
6802444
6882222
6669999

5571119
5071119
5577444
8873344
6802333
6882222
6669999

7881119
7081119
7788444
7553344
6502333
6552222
6669999

5551119
5051119
7777444
8873344
6802333
6882222
6669999

5554449
5054479
6667777
6882222
6802111
8833111
3339999

7881119
7081119
7788555
7333545
6203344
6222244
6669999

5522449
5027449
5527488
1127786
1107886
1133666
3339999

2222889
2033689
3337688
4477666
4407111
5457111
5559999

2222449
2033449
3337545
8877555
6807111
6887111
6669999

2222889
2055589
1157588
1177776
1103336
4433666
4449999

5556669
5057369
4477362
4447332
1107832
1188822
1189999

5556669
5057369
4447362
4477332
1107832
1188822
1189999

2222869
2088869
4486667
4443557
1103577
1133557
1139999

7222239
7088239
7784433
7884443
6505111
6555111
6669999

5566689
5068889
5568722
1177772
1104442
1133442
3339999

5566639
5068839
5567833
2277883
2407111
2447111
2449999

5558879
5058279
4488277
4443276
1103226
1133666
1139999

2244889
2044689
2734688
2733666
7703111
5753111
5559999

2244439
2044839
2788833
2786663
7706111
5756111
5559999

2275559
2075859
2377888
2376668
3306111
3446111
4449999

5552119
5052119
6662117
6882277
6804447
8833447
3339999

2222889
5052879
5558877
1144476
1104476
1133666
3339999

7777559
8072259
8882554
1182644
1102644
1133666
3339999

7666119
7036119
7736112
7335552
4305852
4488822
4489999

5586669
5088869
5533867
3334447
1104477
1122227
1129999

5586669
5088869
5533867
3334477
1104447
1122227
1129999

5577779
5067349
5563344
6663844
1103888
1122228
1129999

5577779
5011739
5511433
8811443
6802443
6882222
6669999

5577779
5011739
5511334
8811344
6802344
6882222
6669999

2286669
2088869
2444867
2443557
1103577
1133557
1139999

5551129
5051129
3331127
8833227
6804477
6884447
6669999

