2222339
2033389
1118887
1118557
6660577
6444557
6449999

2222339
2033389
1118887
1118557
6440577
6444557
6669999

6664889
3064489
3364488
7325511
7320511
7725511
7229999

6664889
7064489
7764488
7325511
7320511
3325511
3229999

6664889
6034489
6334488
7325511
7320511
7725511
7229999

2286669
2088869
2111867
2111557
3330577
4433557
4449999

2286669
2088869
2111867
2111557
4440577
4433557
3339999

2333889
2073389
2777788
2245511
6440511
6445511
6669999

6664889
6074489
6774488
2375511
2370511
2335511
2239999

6664889
3064489
3364488
2355511
2350511
2777711
2279999

6664889
3064489
3364488
2375511
2370511
2775511
2279999

6664889
6034489
6334488
2355511
2350511
2777711
2279999

6664889
6034489
6334488
2375511
2370511
2775511
2279999

2244889
2044489
2711188
2711155
6770335
6733355
6669999

2222889
2011189
4411188
4433355
6470335
6777755
6669999

2222889
2011189
3311188
7333666
7550446
7754446
7559999

2222889
2011189
3311188
4333555
4460575
4467777
6669999

5522229
5011129
5511188
4777786
4470886
4433666
3339999

3885559
3085659
3388611
2366611
2440711
2447777
2249999

6661119
7061119
7768322
7888332
7850532
4455532
4449999

2222839
2088839
6585334
6555344
6660744
1117777
1119999

2222839
2088839
6585337
6555377
6660447
1114447
1119999

5557889
5057689
2277688
2447666
2440111
2433111
3339999

5531119
5031119
5533447
6663447
6880477
6822227
8829999

6661119
6041119
6344557
3344577
3880557
3822227
8829999

5557889
5057689
2477688
2447666
2440111
2233111
3339999

5522889
5072689
5572688
4772666
4470111
4433111
3339999

5566689
5068889
5568112
7444112
7440112
7733322
7339999

5566689
5068889
5568112
7777112
4470112
4433322
4339999

5522229
5044829
5544888
1143338
1160733
1167777
6669999

5522229
5074429
5574488
1177486
1170886
1133666
3339999

3334449
8033449
8882222
1182555
1160575
1167777
6669999

5544229
5044429
5566627
1168827
1160877
1133887
3339999

5554229
5054429
6664427
1168827
1160877
1133887
3339999

5546669
5044369
5544362
7777332
1170832
1188822
1189999

5556669
5056889
4446832
4478832
1170332
1177322
1179999

5557889
5057789
6667288
1167244
1160244
1133224
3339999

5522229
5076829
5576888
4776668
4470111
4433111
3339999

2288119
2086119
2886117
2666557
4440577
4433557
3339999

2288119
2086119
2886117
2666557
3330577
4433557
4449999

2222119
2086119
8886117
8666557
3330577
4433557
4449999

2222119
2086119
8886117
8666557
4440577
4433557
3339999

2222889
2044489
6664488
1167777
1160575
1133555
3339999

2222889
2044489
3334488
1133555
1160575
1167777
6669999

2255539
2058539
2888733
2877773
6440111
6444111
6669999

2255539
2058539
2888733
2877773
6660111
6444111
6449999

2235559
2035859
2337888
2377778
6440111
6444111
6669999

2235559
2035859
2337888
2377778
6660111
6444111
6449999

5544889
5044839
5548833
1122223
1160723
1167777
6669999

5577779
5022789
5528884
1128644
1120644
1133666
3339999

5557889
5057789
2117488
2117446
2110446
2233666
3339999

5556669
5056449
2116447
2118847
2110877
2233887
3339999

6664449
6088449
6118552
7118852
7110552
7733322
7339999

5566689
5068889
5568334
2233344
2110744
2117777
2119999

5566689
5068889
5568337
2233377
2110447
2114447
2119999

7444119
7044119
7738112
7338882
6350582
6355522
6669999

5566639
5068839
5568334
2288344
2110744
2117777
2119999

5566639
5068839
5568337
2288377
2110447
2114447
2119999

6664449
6011449
6311557
3311577
3880557
3822227
8829999

5566679
5061179
5561177
2231174
2330844
2388844
2389999

5522229
5071129
5571188
4771186
4470886
4433666
3339999

5552239
5052339
4442388
4472386
1170886
1177666
1179999

2244439
2044339
2555388
2575386
1170886
1177666
1179999

2235559
2035459
2334488
2374486
1170886
1177666
1179999

2236669
2036889
2336844
2378844
1170545
1177555
1179999

