2222889
4052589
4455588
4433311
6337011
6777711
6669999

5554439
5054439
1114337
1118377
6888027
6822227
6669999

5553449
5053449
1113347
1118377
6888027
6822227
6669999

6664889
3064489
3364488
7325511
7325011
7725511
7229999

6664889
7064489
7764488
7325511
7325011
3325511
3229999

6664889
6034489
6334488
7325511
7325011
7725511
7229999

3334449
7033449
7558666
7758886
7552086
1112222
1119999

5553889
5053389
2222388
2444311
6447011
6777711
6669999

6665559
6075859
6477888
4473338
4472033
1112222
1119999

2333889
2073389
2777788
2245511
6445011
6445511
6669999

5556669
5058869
2222867
4442887
4433077
1113337
1119999

2554889
2054489
2554488
2233311
6337011
6777711
6669999

5566689
5068889
5568333
2443311
2444011
2777711
2279999

5553889
5053389
4446388
2446311
2666011
2777711
2279999

6664889
6074489
6774488
2375511
2375011
2335511
2239999

5554449
5052449
2222666
7111886
7111086
7733388
7339999

6664889
3064489
3364488
2375511
2375011
2775511
2279999

2235559
2035859
2337888
2377778
6111044
6111444
6669999

2255539
2058539
2888733
2877773
6111044
6111444
6669999

6664889
6034489
6334488
2375511
2375011
2775511
2279999

5564449
5064439
5566633
2111883
2111083
2777788
2279999

5554429
5054429
6668427
6888227
6833077
1113337
1119999

3335529
8033529
8885527
4486227
4446077
1116667
1119999

6663889
6043389
6442388
7442311
7552011
7752211
7559999

6663889
7063389
7762388
7442311
7442011
5452211
5559999

6663889
4063389
4462388
4472311
5572011
5772211
5579999

6663889
6073389
6772388
4472311
4472011
5452211
5559999

3884429
3084429
3388427
5356227
5556077
1116667
1119999

5566689
5068889
5568442
7111442
7111042
7733322
7339999

5522229
5044429
5544666
7111886
7111086
7733388
7339999

5511169
5011169
5586667
8883337
8433077
4422227
4429999

7885559
7085359
7788322
7446332
4446032
1116662
1119999

5544229
5044429
5511127
8811127
6833077
6883337
6669999

7885559
7085359
7788322
7443362
4443062
1116662
1119999

2222889
2075589
7777588
6665511
6333011
6443311
4449999

2222889
2011189
3311188
7333666
7745056
7445556
7449999

5511169
5011169
5586667
8883377
8333027
4422227
4449999

5511139
5011139
5586337
8886377
8666027
4422227
4449999

5553889
5053389
2222388
4442311
6447011
6777711
6669999

5511129
5011129
5533327
8336227
8886077
4486667
4449999

5511129
5011129
5544427
8844227
6833077
6883337
6669999

3334449
7033449
7552666
7752886
7552086
1112288
1119999

2288449
2084449
2881117
2551117
6533077
6553337
6669999

5522449
5024449
5521117
8821117
6833077
6883337
6669999

2222449
2084449
8881117
8551117
6533077
6553337
6669999

7777889
2075589
2222588
6665511
6333011
6443311
4449999

5521119
5021119
5527777
8822744
6833044
6883334
6669999

5521119
5021119
5524447
8822447
6833077
6883337
6669999

5531119
5031119
5533666
2443886
2444086
2777788
2279999

5553229
5053329
4488327
4486327
4886077
1116667
1119999

5554449
5058449
6668887
6222287
6233077
1113337
1119999

5551119
5051119
3884447
3384477
6388027
6322227
6669999

6777789
6078889
6668555
2222545
2333044
1113344
1119999

3881119
3081119
3388722
4377772
4465052
4465552
6669999

5551119
5051119
7777322
4788332
4468032
4468832
6669999

2222869
2088869
4486667
4433377
4335057
1115557
1119999

5557889
5057389
4477388
4447336
2222036
1112666
1119999

5544889
5044389
5574388
7777336
2222036
1112666
1119999

3885559
3085659
3388611
7366611
7742011
7442222
7449999

3777789
3078889
3358511
4355511
4462011
4462222
6669999

7885559
7085659
7788611
7366611
4332011
4432222
4439999

6663339
6033889
6444811
7448811
7552011
7752222
7559999

7885559
7085659
7788611
7366611
3342011
3442222
3449999

2222889
5052389
5557388
4477336
4447036
1117666
1119999

2222889
5052389
5557388
4447336
4477036
1117666
1119999

2222889
5052869
5558867
4446667
4433077
1113337
1119999

5551119
5051119
2222666
7442886
7444086
7733388
7339999

2231119
2031119
2334666
2344886
5544086
5777788
5579999

2286669
2088869
2333867
2443377
4445057
1115557
1119999

3881119
3081119
3388755
4377775
4462055
4462222
6669999

3885559
3085659
3388644
2366644
2222074
1117777
1119999

5522229
5024119
5544117
8844117
6833077
6883337
6669999

5577779
5027449
5528444
1128886
1122086
1133666
3339999

7777439
8074439
8884433
1185553
1165052
1162222
6669999

6667449
6077449
6887422
1187552
1188052
1133552
3339999

5522229
5023339
5544833
1144888
1164078
1167777
6669999

5522229
5028839
5544833
1144883
1164073
1167777
6669999

2222739
5052739
5557733
1188743
1168044
1168844
6669999

2222889
5052879
5558877
1144476
1144076
1133666
3339999

7884439
7084439
7788433
7115553
6115052
6112222
6669999

7885559
7085359
7788344
7113344
6113042
6112222
6669999

5573889
5073389
5577388
2276344
2116044
2116664
2119999

5553889
5053389
7777388
2276344
2116044
2116664
2119999

5544889
5044389
5547388
2277336
2117036
2117666
2119999

5566639
5068839
5567833
2277883
2117044
2117444
2119999

2211889
2011389
2711388
2744336
7744036
5754666
5559999

6663339
6033559
6448857
4448557
1188077
1122227
1129999

2211889
2011689
2711688
2766644
7733044
5753334
5559999

6444119
6044119
6668112
3338882
5533082
5777722
5579999

5588449
5068449
5568847
6663337
1133077
1122227
1129999

5544889
5044869
5548867
3336667
1133077
1122227
1129999

5566689
5068889
5568447
3334447
1133077
1122227
1129999

3336669
8033469
8884467
2284477
2115057
2115557
2119999

5522229
5011429
5511447
8811447
6833077
6883337
6669999

5511449
5011449
5511427
8822227
6833077
6883337
6669999

5544119
5044119
5524117
8822227
6833077
6883337
6669999

5554449
5054479
8222277
8883276
1183076
1133666
1139999

2236669
2031169
2331167
2381177
8885057
8445557
4449999

3226669
3021169
3321167
8321177
8885057
4485557
4449999

2234889
2034489
2334488
2375556
1175056
1177666
1179999

