2222889
3052589
3055588
3344411
6374411
6777711
6669999

2333889
2043389
2044688
2244611
5566611
5777711
5579999

2244889
2044489
2033388
2337777
6111575
6111555
6669999

6664889
6044289
6044288
7111255
7111225
7733355
7339999

2333889
2043389
2044788
2244755
6111775
6111755
6669999

7777889
6072289
6055288
6665211
4455211
4433311
4339999

2222339
2033389
5058887
5558477
6111447
6111447
6669999

2222339
2033379
5057777
5558844
6111844
6111884
6669999

2211169
2011169
2086667
2388877
4335857
4435557
4439999

2211169
2011169
2086667
2388877
3345857
3445557
3449999

5558839
5058739
2088733
2222773
6111744
6111444
6669999

2222889
2011189
3011188
3377774
6357544
6355544
6669999

2222889
2011189
3011188
3344555
6344575
6347777
6669999

2222889
2011189
3011188
3355544
6357544
6377774
6669999

2222889
2011189
3011188
3347777
6344575
6344555
6669999

2222889
2011189
6011188
6777755
6667335
4433355
4449999

2222449
2034449
8033666
8883611
5583611
5777711
5579999

2222889
2044489
3074488
3375511
6377511
6375511
6669999

2222889
2055789
3057788
3355711
6344711
6344411
6669999

2222889
2044489
3044788
3355711
6357711
6355711
6669999

2222889
2075589
3077588
3375511
6374411
6344411
6669999

5553889
5053689
4033688
4437666
4477772
1112222
1119999

5554889
5054489
6074488
6777733
6663332
1112222
1119999

5558849
5058449
3088447
3311177
6311127
6322227
6669999

2444889
2044389
2063388
2263555
6663575
1117777
1119999

2777789
2078889
2068344
2263344
6663545
1113555
1119999

2777789
2078889
2068333
2263355
6664445
1114455
1119999

2444889
2044839
2068833
2265553
6665753
1117777
1119999

6664449
6032449
6032222
7335511
7388511
7785511
7889999

5551119
5051119
3022227
3348827
6344877
6344887
6669999

2222889
2055589
3057588
3377774
6311144
6311144
6669999

6661119
6031119
6032222
7335542
7388544
7785544
7889999

6665539
6088539
6085533
7881113
7741112
7442222
7449999

2222449
2088449
3087411
3887611
3377611
5357666
5559999

2881119
2081119
2088755
2277775
6443355
6444333
6669999

2881119
2081119
2088755
2277775
6663355
6444333
6449999

2222889
3052589
3055588
3371116
4371116
4477666
4479999

2777789
2078889
2058511
2255511
6443311
6444333
6669999

2777789
2078889
2058511
2255511
6663311
6444333
6449999

6661119
6081119
6088844
7333844
7553342
7752222
7559999

2885559
2085359
2088311
2243311
6443711
6447777
6669999

5554889
5054489
3074488
3377111
6372111
6372222
6669999

5551119
5051119
3044887
3344877
6348827
6322227
6669999

2222889
2074489
3074488
3774666
3371116
5351116
5559999

5551119
5051119
3072222
3372884
6377844
6378844
6669999

5551119
5051119
7022224
7728644
7888644
7833666
3339999

5551119
5051119
7022224
7723644
7883644
7833666
8839999

2777739
2078839
2044833
2244883
6545111
6555111
6669999

2884439
2084439
2088433
2276663
5576111
5776111
5579999

2777739
2057539
2055533
2286663
8886111
8446111
4449999

6663339
6033889
6055811
2258811
2455711
2447777
2449999

5557889
5057689
2077688
2447666
2444111
2233111
3339999

5551119
5051119
7086662
7788862
7333862
7443322
4449999

5558839
5058339
2088311
2222311
6444711
6447777
6669999

5551119
5051119
3078844
3377844
6372884
6372222
6669999

6663339
6033119
6088117
5558117
5458877
4422227
4429999

6667559
6027759
6027558
1127888
1122844
1133444
3339999

6664449
6024489
6028887
1128557
1122577
1133557
3339999

6665559
6025759
6027777
1128844
1122844
1133884
3339999

6664889
6024489
6024488
1127777
1122575
1133555
3339999

3332279
6033279
6055277
6665274
1155844
1188844
1189999

2222119
2088119
3087114
3887644
3377644
5357666
5559999

2275559
2075859
2077888
2376668
3346111
3446111
3449999

2275559
2075859
2077888
2376668
4336111
4436111
4439999

2886669
2085569
2088564
2275544
1173344
1177333
1179999

2336669
2033369
2088565
2278555
1178844
1177444
1179999

7777449
6074449
6055322
6665332
1155832
1188832
1189999

6665559
6035759
6037777
2233884
2113844
2118844
2119999

6664889
6034489
6034488
2233555
2113575
2117777
2119999

2211889
2011689
2011688
2766655
7777335
4433355
4449999

2211889
2011689
2011688
2466655
4477775
4433755
3339999

2211889
2011689
2011688
2366655
3377775
3444755
3449999

2211889
2011789
2011788
2557744
6533744
6553334
6669999

2244889
2044389
2043388
2113555
6113575
6117777
6669999

2277779
2057539
2055533
2114883
6114483
6114488
6669999

6663339
6033449
6084447
2288877
2115857
2115557
2119999

2244889
2044839
2048833
2115553
6115753
6117777
6669999

6664449
6033449
6083337
2288877
2115857
2115557
2119999

2286669
2088869
2011867
2311557
3311577
3444557
3449999

2286669
2088869
2011867
2411557
4411577
4433557
3339999

2222889
2044489
3044788
3311755
6311775
6311755
6669999

2222889
6052589
6055588
6663444
1133744
1137777
1139999

6665559
6075859
6077888
2371148
2371144
2331144
2239999

7777889
3071189
3021188
3321155
6324445
6224455
6669999

5558839
5058339
2088344
2222344
1166674
1167777
1169999

