6777739
6078839
6662833
1112883
1112505
4422555
4449999

2222889
5052389
5553388
1113666
1113706
4477776
4449999

5522229
5024449
5533447
3338877
6111807
6111887
6669999

3334449
7033449
7556662
7756882
7556802
1118822
1119999

5566689
5068889
5568442
7111442
7111402
7733322
7339999

5566679
5063779
5563372
4488372
4448302
1118822
1119999

2777789
2078889
2338444
2233344
6111505
6111555
6669999

2777739
2078839
2444833
2244883
6111505
6111555
6669999

5576669
5077369
5573362
4473882
4443802
1118822
1119999

2211179
2011179
2555377
2585376
8883306
8443666
4449999

7222239
7088239
7784433
7884443
6111505
6111555
6669999

5511169
5011169
5586667
3388877
4333807
4422227
4429999

3444889
3044789
3322788
5352776
5552706
1112666
1119999

5511169
5011169
5536667
2338877
2344807
2344887
2249999

2222889
2011189
3311188
7333666
7554406
7754446
7559999

3334449
7033449
7556668
7756888
7556802
1112222
1119999

5553889
5053689
4433688
4437666
4777702
1112222
1119999

5544439
5044739
5586733
8886773
8666702
1112222
1119999

5576669
5077369
5573368
4473888
4443802
1112222
1119999

6664889
3064489
3364488
2311155
2311105
2777755
2279999

6664889
6034489
6334488
2311155
2311105
2777755
2279999

7336669
7033369
7788565
7448555
4448802
1112222
1119999

5511169
5011169
5536667
2238877
2433807
2443887
2449999

5511169
5011169
5586667
2288877
2433807
2443337
2449999

7777449
2074449
2222111
6663111
6883505
6833555
8839999

7777449
2074449
2222111
6668111
6888505
6833555
3339999

3881119
3081119
3388666
2344655
2444605
2777755
2279999

5566689
5068889
5568111
7333111
7743302
7442222
7449999

6777789
6078889
6668111
2443111
2443505
2433555
2239999

5522229
5023339
5584433
8884446
8777706
1117666
1119999

6777789
6078889
6668111
2344111
2344505
2334555
2239999

6661119
4061119
4463338
4433888
7777802
5752222
5559999

5522229
5024449
5584433
8883336
8777706
1117666
1119999

3334449
7033449
7722111
7882111
7862505
8862555
6669999

6444889
6044789
6667788
2222755
2333705
1113355
1119999

7881119
7081119
7788333
7443355
6444205
6222255
6669999

5544889
5044489
5533388
2222336
2777706
1117666
1119999

2222449
2074449
7777111
6663111
6883505
6833555
8839999

2222449
2074449
7777111
6668111
6888505
6833555
3339999

6664449
7062449
7762111
7882111
7822505
8833555
3339999

5551119
5051119
4433322
4448332
6888702
6877772
6669999

5551119
5051119
6833322
6888332
6668702
4477772
4449999

5551119
5051119
3884422
3384442
6388702
6377772
6669999

2222889
2033689
3337688
4477666
4447505
1117555
1119999

2222889
2033689
3337688
4447666
4477505
1117555
1119999

6777789
6078889
6668111
2222111
3332505
4433555
4449999

6777789
6078889
6668111
2222111
4442505
4433555
3339999

2222839
2088839
6585337
6555377
6664407
1114447
1119999

5522229
5044429
5584433
8883336
8777706
1117666
1119999

6664889
7064489
7764488
7222255
7333205
1113355
1119999

6661119
4061119
4463332
4433882
7777802
5758822
5559999

3335579
4033579
4485577
4488876
2222806
1112666
1119999

2255579
2053579
2883377
2844376
8844306
1114666
1119999

2271119
2071119
2677333
2673355
4666805
4488855
4489999

5551119
5051119
3444887
3344877
6328807
6322227
6669999

3885559
3085659
3388644
2366644
2222704
1117777
1119999

5577779
5044769
5544462
3336662
1133802
1188822
1189999

5566679
5064779
5564472
3334472
1133802
1188822
1189999

5577779
5067449
5564442
6663332
1133802
1188822
1189999

5556669
5058869
4443862
4473882
1173302
1177322
1179999

5544469
5024469
5526667
1128877
1122807
1133887
3339999

6663339
6033119
6555112
7585112
7788802
7444822
7449999

5556449
5056449
8666742
8883772
1183702
1133722
1139999

5577779
5067449
5564442
6663882
1133802
1138822
1139999

2222889
2066689
4443688
4473655
1173305
1177355
1179999

5577779
5037449
5534448
1133888
1163802
1162222
6669999

6667449
6077449
6887422
1187552
1188502
1133552
3339999

6664889
6074489
6774488
1172222
1172505
1133555
3339999

5544889
5044489
5533788
3337777
1166602
1162222
1169999

5522229
5023339
5544833
1144888
1164708
1167777
6669999

5522229
5028839
5544833
1144883
1164703
1167777
6669999

5577779
5067449
5564448
6663888
1133802
1132222
1139999

5544889
5044489
5573388
7777333
1166602
1162222
1169999

5556449
5056449
8666247
8883277
1183207
1133227
1139999

5577779
5044739
5544432
1188332
1168302
1168822
6669999

5556119
5056119
2666117
2448877
2444807
2233887
3339999

5566679
5064779
5564472
1184472
1188802
1133822
3339999

2556669
2056889
2556844
2278844
1173304
1177333
1179999

5577779
5044769
5544462
1186662
1188802
1133822
3339999

5577779
5037449
5534442
1133882
1163802
1168822
6669999

2333889
2073389
2777788
2266655
1144605
1144655
1149999

2222889
5052789
5554788
1144776
1144706
1133666
3339999

6667229
6077249
6887244
1187244
1188505
1133555
3339999

6777739
6078839
6662833
2222883
1144505
1144555
1149999

5544889
5044839
5548833
1177773
1162703
1162222
6669999

7884439
7084439
7788433
7226663
1126505
1126555
1129999

7777439
8074439
8884433
2286663
2116505
2116555
2119999

5566689
5068889
5568337
2233377
2114407
2114447
2119999

5556669
5053369
8333467
8884477
1184407
1122227
1129999

5586669
5088869
5533867
3334477
1144407
1122227
1129999

5544889
5044789
5534788
2233776
2113706
2113666
2119999

5511449
5011449
5511247
6663277
6883207
6833227
8839999

5511449
5011449
5511247
6668277
6888207
6833227
3339999

5566639
5068839
5568337
2288377
2114407
2114447
2119999

5554449
5054439
8666337
8886377
1186307
1122227
1129999

5511889
5011789
5511788
2443776
2443706
2433666
2239999

3335579
8033579
8885577
2284476
2114406
2114666
2119999

5511889
5011789
5511788
2344776
2344706
2334666
2239999

5511889
5011689
5511688
7333666
7743302
7442222
7449999

5511449
5011449
5511422
8877772
6833702
6883332
6669999

5511449
5011449
5511742
6668772
6888702
6833722
3339999

5511449
5011449
5511742
6663772
6883702
6833722
8839999

5544439
5044739
5511733
8811773
6811702
6882222
6669999

5511889
5011789
5511788
2222776
4442706
4433666
3339999

5511889
5011789
5511788
2222776
3332706
4433666
4449999

2222889
4032689
4433688
4473666
1173505
1177555
1179999

2333889
2073389
2777788
2241155
6441105
6441155
6669999

2222889
4072689
4477688
4473666
1173505
1133555
1139999

6664889
6074489
6774488
2371155
2371105
2331155
2239999

6664889
3064489
3364488
2371155
2371105
2771155
2279999

6664889
6034489
6334488
2371155
2371105
2771155
2279999

2255579
2053579
2883377
2811376
8811306
4411666
4449999

2222889
2071189
3771188
3371155
6374405
6344455
6669999

6664889
7064489
7764488
7321155
7321105
3321155
3229999

6664889
3064489
3364488
7321155
7321105
7721155
7229999

6664889
6034489
6334488
7321155
7321105
7721155
7229999

