2235559
2035859
2337888
2377778
6111440
6111444
6669999

2255539
2058539
2888733
2877773
6111440
6111444
6669999

2211139
2011139
2445533
2445883
6475580
6777788
6669999

2211139
2011139
2766633
2764883
7764480
5754488
5559999

2211139
2011139
2777733
2557883
6544480
6554488
6669999

5511169
5011169
5546668
2344888
2344870
2337777
2239999

5522229
5023339
5533444
8811144
6811170
6887777
6669999

6664889
3064489
3364488
2311155
2311150
2777755
2279999

5566689
5068889
5568444
2311144
2311170
2337777
2239999

6664889
6034489
6334488
2311155
2311150
2777755
2279999

5522229
5023339
5533111
8844111
6844470
6887777
6669999

3881119
3081119
3388666
2344655
2444650
2777755
2279999

2551119
2051119
2553338
2233888
6444870
6447777
6669999

5566689
5068889
5568111
2333111
2443370
2447777
2249999

5566689
5068889
5568111
2344111
2344470
2337777
2239999

5566689
5068889
5568111
2444111
2443330
2777733
2279999

6444889
6044789
6667788
2222755
2333750
1113355
1119999

7881119
7081119
7788333
7443355
6444250
6222255
6669999

2222889
2044689
5544688
5334666
5533370
1117777
1119999

6664889
7064489
7764488
7222255
7333250
1113355
1119999

2271119
2071119
2677333
2673355
4666850
4488855
4489999

5551119
5051119
8777744
8887444
6283330
6222233
6669999

3885559
3085659
3388644
2366644
2222740
1117777
1119999

5556669
5054469
3344468
2333888
2222870
1117777
1119999

5522889
5024489
5524488
1124333
1163370
1167777
6669999

5522229
5034429
5534448
1133888
1163870
1167777
6669999

5522229
5033329
5544338
1144888
1164870
1167777
6669999

3334449
8033449
8882222
1185552
1165750
1167777
6669999

2222559
2066659
1163558
1163888
1133870
4437777
4449999

2222889
2066689
4443688
4473655
1173350
1177355
1179999

5524889
5024489
5524488
1122333
1163370
1167777
6669999

2556669
2056889
2556844
2278844
1173340
1177333
1179999

2333889
2073389
2777788
2266655
1144650
1144655
1149999

6664439
6044439
6115533
2115883
2115580
2777788
2279999

5566639
5068839
5567833
2277883
2117440
2117444
2119999

2222439
2084439
8884433
8115553
6115750
6117777
6669999

5544469
5034469
5536668
2233888
2113870
2117777
2119999

2255539
2057539
2777733
2114883
6114480
6114488
6669999

2288439
2084439
2884433
2115553
6115750
6117777
6669999

5511239
5011239
5511233
8844223
6844470
6887777
6669999

5511889
5011689
5511688
2344666
2344470
2337777
2239999

5511889
5011689
5511688
2444666
2443330
2777733
2279999

5511889
5011689
5511688
2333666
2443370
2447777
2249999

2266639
2011639
2711633
2711883
7744480
5754488
5559999

5522229
5064429
5564448
6663888
1133870
1137777
1139999

2333889
2073389
2777788
2241155
6441150
6441155
6669999

6664889
6074489
6774488
2371155
2371150
2331155
2239999

6664889
3064489
3364488
2371155
2371150
2771155
2279999

6664889
6034489
6334488
2371155
2371150
2771155
2279999

2222889
2071189
3771188
3371155
6374450
6344455
6669999

6664889
7064489
7764488
7321155
7321150
3321155
3229999

6664889
3064489
3364488
7321155
7321150
7721155
7229999

6664889
6034489
6334488
7321155
7321150
7721155
7229999

