2222889
4052589
4455588
4466611
7777611
0733611
3339999

5556669
5056889
1116822
1118842
7777442
0733442
3339999

5552449
5052449
1112488
1112286
7777886
0733666
3339999

2222889
5052389
5557388
1117336
1117736
0447666
4449999

2222889
5052839
5558837
1116337
1116377
0446667
4449999

2333889
2073389
2777788
2266611
5544611
0544611
5549999

2554889
2054489
2554488
2266611
7777611
0733611
3339999

2211179
2011179
2448877
2443876
5543886
0533666
5539999

2222889
2066689
4443688
4473611
5573311
0577311
5579999

2222889
5052879
5558877
4411176
4411176
0433666
3339999

3885559
3085659
3388611
2366611
2222711
0447777
4449999

5554449
5058449
3888722
3877772
3361112
0361112
6669999

2222449
2074449
8777711
8883611
5583611
0533666
5539999

2222889
7052589
7755588
7441116
7441116
0433666
3339999

2551119
2051119
2557777
2233786
3338886
0448666
4449999

2234889
2034489
2334488
2371116
5571116
0577666
5579999

2551119
2051119
2554488
2244486
7777886
0733666
3339999

2222839
2088839
6585337
6555377
6661117
0441117
4449999

5551119
5051119
6664447
6333447
6883377
0822227
8829999

5551119
5051119
6667777
6333744
6883344
0822224
8829999

5558849
5058449
3288447
3222277
3361117
0361117
6669999

6661119
6081119
6788832
7777832
5544332
0544322
5549999

5588449
5068449
5568842
6662222
7777111
0733111
3339999

5544889
5044689
5542688
2222666
7777111
0733111
3339999

6777739
6078839
6662833
2222883
5544111
0544111
5549999

2231119
2031119
2334488
2374486
5574886
0577666
5579999

2231119
2031119
2336668
2376888
5576844
0577444
5579999

7884439
7084439
7788433
7226663
5526111
0526111
5529999

2222889
2055689
4445688
4455666
7777111
0733111
3339999

2222449
2086449
8886545
8666555
7777111
0733111
3339999

5553889
5053689
1133688
1137666
1177772
0442222
4449999

5552889
5052689
4442688
4422666
7777111
0733111
3339999

2222889
4032689
4433688
4473666
5573111
0577111
5579999

2222889
4072689
4477688
4473666
5573111
0533111
5539999

2244889
2044689
2545688
2555666
7777111
0733111
3339999

2288449
2086449
2886545
2666555
7777111
0733111
3339999

2666119
2076119
2776118
2273888
5573844
0533444
5539999

5522119
5062119
5562118
6662888
7777844
0733444
3339999

5511889
5011389
5511388
2222336
2777736
0447666
4449999

5556119
5056119
2666118
2222888
7777844
0733444
3339999

6661139
7061139
7761133
7822223
7888525
0448555
4449999

