2222339
2033389
1118887
1118557
6444577
6044557
6669999

6777739
6078839
6662833
1112883
1112444
5052244
5559999

5544889
5044789
5547788
2222711
6332711
6033311
6669999

5544889
5044789
5547788
2222711
6662711
6033311
6339999

6777789
6078889
6668322
1113342
1113442
5053442
5559999

6777789
6078889
6668322
1114332
1114432
5054432
5559999

5554439
5054439
1118433
1118883
6777782
6072222
6669999

2222449
2074449
7777388
1113386
1113886
5053666
5559999

2222449
2074449
7777333
1113386
1118886
5058666
5559999

2222889
2033869
3338867
1116667
1114477
5054447
5559999

2222889
2033879
3338877
1114476
1114476
5054666
5559999

2222449
2033449
3338847
1116877
1116887
5056667
5559999

2222889
2033789
3337788
1116744
1116744
5056664
5559999

2222889
2033689
3337688
1117666
1117744
5057444
5559999

2222449
2033449
3337488
1117786
1117886
5057666
5559999

5556669
5056449
1116447
1118847
2222877
2033887
3339999

5557889
5057789
1117488
1117446
2222446
2033666
3339999

5557889
5057289
4477288
4447211
6662211
6033311
6339999

5544889
5044289
5574288
7777211
6662211
6033311
6339999

5544889
5044289
5574288
7777211
6332211
6033311
6669999

5557889
5057289
4477288
4447211
6332211
6033311
6669999

6777789
6078889
6668333
1113344
1112444
5052222
5559999

6777789
6078889
6668444
1113344
1112333
5052222
5559999

7777449
2074449
2222388
1113386
1113886
5053666
5559999

7777449
2074449
2222333
1113386
1118886
5058666
5559999

6663339
6033559
6111522
7111552
7788442
7084442
7889999

2333889
2073389
2777788
2266611
5544611
5044611
5549999

2777789
2078889
2558333
2253311
6554411
6044411
6669999

5553889
5053389
7111388
7111344
7762444
7062222
6669999

6665559
6045759
6447777
2443311
2333811
2088811
2289999

6664889
3064489
3364488
2375511
2377511
2075511
2279999

6665559
3065759
3367777
2344411
2344811
2088811
2289999

6664889
6034489
6334488
2375511
2377511
2075511
2279999

6665559
6035759
6337777
2344411
2344811
2088811
2289999

5553889
5053389
2222388
2111344
6111744
6077774
6669999

2222339
2033379
6667777
6111884
6111844
5058844
5559999

2222449
2084449
8887777
8111755
6111335
6033355
6669999

7885559
7085459
7788442
7111442
6111332
6033322
6669999

2288449
2084449
2887777
2111755
6111335
6033355
6669999

2211179
2011179
2448877
2443876
5543886
5033666
5539999

3226669
3026449
3326444
7325511
7788511
7085511
7889999

7226669
7026449
7726444
7325511
3388511
3085511
3889999

5511169
5011169
5576668
7777888
2222844
2033444
3339999

5511179
5011179
5548877
2443876
2443886
2033666
2239999

5511179
5011179
5566677
2388674
2338644
2038844
2239999

6444889
6044789
6667788
2222711
2333711
5053311
5559999

2222889
2066689
4443688
4473611
5573311
5077311
5579999

5511139
5011139
5588337
4448377
6448827
6022227
6669999

6664889
7064489
7764488
7222211
7333211
5053311
5559999

5522229
5024439
5544433
7777883
6711183
6011188
6669999

2222889
5052879
5558877
4411176
4411176
4033666
3339999

2276669
2076449
2776444
2375511
3388511
3085511
3889999

2222889
2044489
7554488
7751116
7551116
7033666
3339999

6663339
6033889
6444811
2448811
2222711
5057777
5559999

2554449
2054479
2557777
2281116
8881116
8033666
3339999

6777789
6078889
6668111
2222111
2333444
5053344
5559999

5571119
5071119
5577444
2376844
2336888
2036668
2239999

5551119
5051119
7777444
2376844
2336888
2036668
2239999

5571119
5071119
5577666
2374886
2334486
2034488
2239999

5551119
5051119
7777666
2374886
2334486
2034488
2239999

2222449
2074449
8777711
8883611
5583611
5033666
5539999

5554449
5058449
7888111
7833111
7763332
7062222
6669999

6777789
6078889
6668111
4433111
4443332
5052222
5559999

5586669
5088869
5544867
2344477
2331117
2031117
2239999

5588449
5068449
5568847
2366677
2331117
2031117
2239999

2234889
2034489
2334488
2371116
5571116
5077666
5579999

2551119
2051119
2557777
2284476
8884446
8033666
3339999

2551119
2051119
2556667
2286477
8886447
8033447
3339999

2554449
2057449
2557711
2287611
8887611
8033666
3339999

7881119
7081119
7788644
7333644
3366642
5052222
5559999

5551119
5051119
3366644
7333644
7788642
7082222
7889999

5531119
5031119
5533887
4443877
6448827
6022227
6669999

6661119
7061119
7768422
7888442
7833442
5053332
5559999

5551119
5051119
7833322
7888332
7768442
7064442
6669999

6661119
7061119
7768322
7888332
7844432
5054432
5559999

2222869
2088869
4486667
4433377
4331117
5051117
5559999

5557889
5057689
2277688
2447666
2444111
2033111
3339999

3336669
8033469
8884467
2284477
2551117
2051117
2559999

2286669
2088869
2333867
2443377
4441117
5051117
5559999

5551119
5051119
7222288
7244486
7744886
7033666
3339999

6661119
6081119
6788844
7777844
2222545
2033555
3339999

6661119
7061119
7763332
7833442
7888442
5058422
5559999

6661119
6081119
6788832
7777832
5544332
5044322
5549999

6661119
7061119
7764432
7844432
7888332
5058322
5559999

5544889
5044689
5547688
2377666
2337111
2037111
2239999

6665559
3065859
3367888
2377778
2344111
2044111
2249999

6665559
6035859
6337888
2377778
2344111
2044111
2249999

5551119
5051119
7444666
7744886
7222286
7033288
3339999

5551119
5051119
7222288
7444286
7744886
7033666
3339999

5551119
5051119
7222288
7744286
7444886
7033666
3339999

6777739
6078839
6662833
2222883
5544111
5044111
5549999

2231119
2031119
2334488
2374486
5574886
5077666
5579999

2231119
2031119
2336668
2376888
5576844
5077444
5579999

7884439
7084439
7788433
7226663
5526111
5026111
5529999

6665559
4065759
4467777
4482222
8882111
8033111
3339999

5566689
5068889
5568112
7444112
7744112
7033322
7339999

5557889
5057689
4477688
4447666
2222111
2033111
3339999

6665559
4065859
4467888
4477778
2222111
2033111
3339999

5544889
5044689
5574688
7777666
2222111
2033111
3339999

2222889
2033689
3337688
4477666
4447111
5057111
5559999

2222889
2033689
3337688
4447666
4477111
5057111
5559999

2222449
2074449
1177333
1173386
1178886
5058666
5559999

2222449
2074449
1177388
1173386
1173886
5053666
5559999

2244119
2044119
2384117
2388877
3365857
3065557
6669999

2288119
2083119
2883117
2443377
6445357
6045557
6669999

2244119
2044119
2384117
2388877
6335857
6035557
6669999

2222889
4032689
4433688
4473666
5573111
5077111
5579999

2222889
4072689
4477688
4473666
5573111
5033111
5539999

2222119
2083119
8883117
8443377
6445357
6045557
6669999

7777439
8074439
8884433
2286663
2556111
2056111
2559999

2255539
2058539
2888733
2877773
6444111
6044111
6669999

2235559
2035859
2337888
2377778
6444111
6044111
6669999

2444119
2044119
2666117
2286557
8886577
8033557
3339999

2666119
2076119
2776118
2273888
5573844
5033444
5539999

5544119
5044119
5584117
3388877
6333827
6022227
6669999

2222889
2011389
4411388
4411336
4777736
5057666
5559999

5511889
5011789
5511788
2222774
6332744
6033344
6669999

5511889
5011789
5511788
2222774
6662744
6033344
6339999

2551179
2051179
2551177
2284476
8884446
8033666
3339999

2277779
2035759
2335558
2311888
6311844
6011444
6669999

2288449
2038449
2338847
2311557
6311577
6011557
6669999

2556669
2051169
2551167
2281177
8884447
8033447
3339999

7777889
4071189
4461188
4461133
6663332
5052222
5559999

2554449
2054479
2551177
2281176
8881176
8033666
3339999

7777889
3071189
3221188
3321155
6324445
6024455
6669999

7885559
7085359
7788332
7441132
6441132
6041122
6669999

5522889
5021189
5521188
3321144
6333744
6077774
6669999

2275559
2075859
2377888
2371148
6331144
6031144
6669999

2275559
2075859
2377888
2371148
3361144
3061144
6669999

