2222339
2033389
1118887
1118477
6555447
6505447
6669999

2222339
2033379
1117777
1118844
6555844
6505884
6669999

2222889
5052389
5557388
1117336
1117736
4407666
4449999

2222889
5052839
5558837
1116337
1116377
4406667
4449999

5511179
5011179
5533277
3338274
6888244
6802244
6669999

3885559
3085659
3388611
2366611
2222711
4407777
4449999

2551119
2051119
2557777
2233786
3338886
4408666
4449999

5552449
5052449
3882411
3382211
6388711
6307777
6669999

2222839
2088839
6585337
6555377
6661117
4401117
4449999

5551119
5051119
3882222
3382444
6388744
6307777
6669999

3336669
8033469
8884467
2284477
2551117
2501117
2559999

2777739
2078839
2444833
2244883
6555111
6505111
6669999

2777789
2078889
2338444
2233344
6555111
6505111
6669999

5553889
5053689
1133688
1137666
1177772
4402222
4449999

7222239
7088239
7784433
7884443
6555111
6505111
6669999

2288119
2083119
2883117
2443377
6445357
6405557
6669999

2222119
2083119
8883117
8443377
6445357
6405557
6669999

7777439
8074439
8884433
2286663
2556111
2506111
2559999

5552119
5052119
3882114
3382244
6388744
6307777
6669999

5552119
5052119
3882117
3382277
6388447
6304447
6669999

5511889
5011389
5511388
2222336
2777736
4407666
4449999

7885559
7085359
7788332
7441132
6441132
6401122
6669999

2222889
2071189
3771188
3371155
6374445
6304455
6669999

6661139
7061139
7761133
7822223
7888525
4408555
4449999

