2222339
2033389
1118884
1118644
7777644
5750666
5559999

2222339
2033389
1118887
1118557
6444577
6440557
6669999

5522229
5073329
5577333
8874411
6874411
6880411
6669999

5556669
5056889
1116832
1118832
7777332
4470322
4449999

5552239
5052339
1112388
1112386
7777886
4470666
4449999

5522229
5023339
5544733
8844711
6847711
6880711
6669999

2244439
2044339
2111388
2111386
7777886
5750666
5559999

5553889
5053389
7111388
7111326
7722226
7440666
4449999

3444229
3044279
3388277
5358276
5558876
1110666
1119999

5556669
5058869
2222867
4442887
4433377
1110337
1119999

5577779
5027449
5523444
8823311
6822311
6880311
6669999

5554429
5054429
6668427
6888227
6833377
1110337
1119999

3336669
7033869
7788862
7585442
7555442
1110422
1119999

5556669
5056889
4446832
4478832
7777332
1110322
1119999

5536669
5038869
5533862
4443882
4477772
1110722
1119999

5586669
5088869
5533862
4443332
4477772
1110722
1119999

5511179
5011179
5548877
2344876
2344886
2330666
2239999

5544229
5044429
5511127
8811127
6833377
6880337
6669999

2222889
2011189
3311188
7333666
7554446
7750446
7559999

2222889
2011189
3311188
7333446
7554446
7750666
7559999

2222889
2066689
4443688
7443611
7553311
7750311
7559999

2222889
2066689
5573688
5773611
5573311
4470311
4449999

2222889
2066689
7553688
7753611
7553311
7440311
4449999

2222889
2066689
4443688
4473611
5573311
5770311
5579999

5544889
5044879
5548877
2311176
2311176
2330666
2239999

5511129
5011129
5544427
8844227
6833377
6880337
6669999

2222889
2033879
3338877
4411176
4411176
5450666
5559999

2235559
2035759
2337777
2366611
4488611
4480611
4889999

2234889
2034489
2334488
2366611
7777611
5750611
5559999

2288449
2084449
2881117
2551117
6533377
6550337
6669999

5522449
5024449
5521117
8821117
6833377
6880337
6669999

2222449
2084449
8881117
8551117
6533377
6550337
6669999

5551119
5051119
6662222
6377772
6388744
3380444
3889999

5521119
5021119
5523666
7223886
7743386
7440388
7449999

5521119
5021119
5528666
7228886
7743386
7440333
7449999

5586669
5088869
5533867
3332477
2222447
1110447
1119999

7777559
6073359
6333558
6662888
2222844
1110444
1119999

5521119
5021119
5524447
8822447
6833377
6880337
6669999

5521119
5021119
5527777
8822744
6833344
6880334
6669999

3336669
4033869
4488867
4482557
2222577
1110557
1119999

6661119
6081119
6788844
2773844
2733545
2730555
2239999

3225559
3025759
3327777
8321116
8881116
4480666
4449999

3224889
3024489
3324488
7321116
7551116
7750666
7559999

2222449
2084449
8883311
8333611
7777611
5750666
5559999

2551119
2051119
2558666
2278886
4773386
4470333
4479999

2551119
2051119
2557777
2233376
4488336
4480666
4889999

5566689
5068889
5568211
7222211
7743311
7440333
7449999

2235559
2035759
2337777
2381116
8881116
8440666
4449999

2234889
2034489
2334488
2371116
5571116
5770666
5579999

2551119
2051119
2553666
2273886
4773386
4470388
4479999

2556669
2056889
2556811
2278811
4773311
4470333
4479999

5522229
5023339
5586733
8886774
8666744
1110744
1119999

5554449
5058449
6668887
6222287
6233377
1110337
1119999

5574449
5077449
5578811
2378611
2388611
2330666
2239999

2222339
2033389
5558884
5758644
7777644
1110666
1119999

2222339
2033389
6668887
6448557
6444577
1110557
1119999

2222449
2074449
5573666
5773886
5573386
1110388
1119999

2222839
2088839
6585733
6555743
6667744
1110744
1119999

6661119
7061119
7768322
7888332
7855532
4450532
4449999

5522449
5032449
5532411
7332611
7388611
7780666
7889999

2222839
2088839
6585337
6555377
6664447
1110447
1119999

6661119
6071119
6777722
8333552
8883352
4480552
4449999

2222869
2088869
5586664
5777744
5573344
1110333
1119999

2222449
2074449
5578666
5778886
5573386
1110333
1119999

3221119
3021119
3324488
7324486
7554886
7750666
7559999

3221119
3021119
3326668
7326888
7556844
7750444
7559999

3221119
3021119
3327777
8325756
8885556
4480666
4449999

3221119
3021119
3326667
8326557
8886577
4480557
4449999

5526669
5026889
5526811
7228811
7743311
7440333
7449999

5522229
5088329
5583311
7883611
7743611
7440666
7449999

5522229
5034429
5534411
7334611
7388611
7780666
7889999

5522229
5033329
5586337
8886477
8666447
1110447
1119999

5522229
5074429
5574411
8877411
6873311
6880333
6669999

2288449
2084449
2883311
2333611
7777611
5750666
5559999

5561119
5061119
5566632
8777732
8887332
4480322
4449999

6664239
6044239
6844233
7888223
7558111
7750111
7559999

5551119
5051119
3334442
8833442
6877772
6880722
6669999

6667239
6077239
6887233
4487223
4488111
5450111
5559999

6667449
6077449
6887545
2387555
2388111
2330111
2239999

5551119
5051119
7777666
8722226
8883326
4480333
4449999

2222889
5052869
5558867
4446667
4433377
1110337
1119999

3336669
4033869
4488862
4482222
7777111
5750111
5559999

7777559
6073359
6333552
6662222
4488111
4480111
4889999

5552239
5052339
4442388
4472386
7777886
1110666
1119999

5586669
5088869
5533862
3332222
7777111
4470111
4449999

5544469
5034469
5536662
7332222
7388111
7780111
7889999

2235559
2035459
2334488
2374486
7777886
1110666
1119999

2236669
2036889
2336844
2378844
7777545
1110555
1119999

5566639
5068839
5562833
2222883
7777111
4470111
4449999

2231119
2031119
2334488
2374486
5574886
5770666
5579999

2231119
2031119
2337777
2385756
8885556
8440666
4449999

2231119
2031119
2336667
2386557
8886577
8440557
4449999

2231119
2031119
2334488
2344486
7777886
5750666
5559999

2231119
2031119
2336668
2376888
5576844
5770444
5579999

2244439
2044339
2555388
2575386
7777886
1110666
1119999

2261119
2061119
2766633
2783334
7788844
5750844
5559999

5566679
5088679
5583677
2883374
2222344
1110344
1119999

5522229
5024119
5544117
8844117
6833377
6880337
6669999

6662449
3062449
3362545
7322555
7388111
7780111
7889999

6662449
7062449
7762545
7322555
7388111
3380111
3889999

6662449
6032449
6332545
7322555
7388111
7780111
7889999

2222889
2066689
1163788
1163755
1133775
4430755
4449999

5574449
5077449
5572222
8873332
6833111
6880111
6669999

5556669
5056889
1176832
1178832
1177332
4470322
4449999

5556669
5056889
4446832
4478832
1177332
1170322
1179999

2222869
2088869
4486667
4443557
1133577
1130557
1139999

5552239
5052339
1172388
1172386
1177886
4470666
4449999

2222889
7032689
7733688
7443666
7443111
5450111
5559999

2222889
4032689
4433688
4473666
5573111
5770111
5579999

2222449
7032449
7733545
7883555
7863111
8860111
6669999

2222119
2055119
6665117
6355477
6388447
3380447
3889999

2222119
2033119
3334117
8844557
6844577
6880557
6669999

5558879
5058279
4488277
4443276
1133226
1130666
1139999

2266639
2068839
2764833
2744883
7744111
5750111
5559999

2266639
2068839
2565833
2555883
7777111
4470111
4449999

2255539
2058539
2888733
2877773
6444111
6440111
6669999

2236669
2038869
2338565
2388555
7777111
4470111
4449999

2235559
2035859
2337888
2377778
6444111
6440111
6669999

2222889
5052839
5558833
1177773
1167443
1160444
6669999

5522119
5032119
5532114
7332644
7388644
7780666
7889999

7886669
7085569
7788564
7225544
1123344
1120333
1129999

7885559
7085359
7788322
7113342
6113442
6110442
6669999

7336669
7033369
7788565
7228555
1128844
1120444
1129999

5566639
5068839
5568733
2288743
2117744
2110744
2119999

5574449
5077449
5573666
2273886
2113386
2110388
2119999

2211889
2011389
2711388
2744336
7744436
5750666
5559999

7885559
7085359
7788332
7114432
6114432
6110422
6669999

5544479
5034479
5538877
2233876
2113886
2110666
2119999

2211889
2011689
2311688
2366655
3377775
3440755
4449999

2211889
2011689
2711688
2766644
7733344
5750334
5559999

5566689
5068889
5568337
2233377
2114447
2110447
2119999

5511889
5011389
5511388
2222336
2777736
4470666
4449999

7444119
7044119
7738112
7338882
6355582
6350522
6669999

5552119
5052119
6662117
6322477
6388447
3380447
3889999

5566639
5068839
5568337
2288377
2114447
2110447
2119999

3335579
8033579
8885577
2284476
2114446
2110666
2119999

3334449
8033449
8886667
2286557
2116577
2110557
2119999

3334449
8033449
8887777
2285756
2115556
2110666
2119999

5576669
5077369
5573368
2273888
2113844
2110444
2119999

7777449
8076449
8886455
2286665
2113355
2110333
2119999

5574449
5077449
5578666
2278886
2113386
2110333
2119999

5544479
5084479
5588877
2233876
2113336
2110666
2119999

5522229
5011429
5511447
8811447
6833377
6880337
6669999

5511449
5011449
5511427
8822227
6833377
6880337
6669999

5586669
5088869
5511867
2311477
2311447
2330447
2239999

5522229
5023339
5511733
8811774
6811744
6880744
6669999

5511229
5011279
5511277
8333276
8883376
4480666
4449999

5544119
5044119
5524117
8822227
6833377
6880337
6669999

5522229
5033329
5511337
8811477
6811447
6880447
6669999

2286669
2088869
2311867
2311557
3311577
3440557
4449999

2244439
2044339
2711388
2711386
7711886
5750666
5559999

2266639
2061139
2761133
2781143
7788844
5750844
5559999

2551179
2051179
2551177
2233376
4488336
4480666
4889999

5552239
5052339
4442388
4472386
1177886
1170666
1179999

2286669
2088869
2444867
2443557
1133577
1130557
1139999

2244439
2044339
2555388
2575386
1177886
1170666
1179999

2235559
2035459
2334488
2374486
1177886
1170666
1179999

2236669
2036889
2336844
2378844
1177545
1170555
1179999

2235559
2035859
2337888
2377778
1166644
1160444
1169999

5566679
5061179
5561177
2381174
2388844
2330844
2239999

2255539
2058539
2888733
2877773
1166644
1160444
1169999

