5522229
5073329
5577333
8874411
6874411
6884011
6669999

5557889
5057789
6667388
6227311
6423311
4423011
4429999

5553889
5053389
6667388
6227311
6427711
4427011
4429999

2333889
2073389
2774488
2274411
6575411
6555011
6669999

2777789
2078889
2558666
2253611
4553611
4433011
4439999

2557889
2057789
2557388
2247311
6443311
6443011
6669999

2553889
2053389
2557388
2247311
6447711
6447011
6669999

6663339
6033449
6111442
7111482
7558882
7758022
7559999

6664439
6044439
6111332
7111382
7558882
7758022
7559999

5556889
5056789
2666788
2111774
2111744
2233044
3339999

2235559
2035859
2337888
2377778
6111444
6111044
6669999

2255539
2058539
2888733
2877773
6111444
6111044
6669999

5552449
5052449
6662347
6822377
6888337
1118037
1119999

3336669
7033469
7554462
7754482
7558882
1118022
1119999

5553889
5053389
2447388
2447311
2467711
2267011
6669999

5556889
5056789
2666788
2447711
2444711
2233011
3339999

5557889
5057789
2447688
2447611
2466611
2233011
3339999

5554449
5054479
2687777
2688811
2666811
2233011
3339999

5557889
5057789
2447388
2447311
2463311
2263011
6669999

5536669
5038869
5533862
4443882
4477772
1117022
1119999

5554479
5054479
6664772
6833372
6888332
1118022
1119999

5586669
5088869
5533862
4443332
4477772
1117022
1119999

2244889
2044489
2711188
2711155
6773335
6733055
6669999

2222889
2066689
4437688
4437611
4337711
5357011
5559999

2222889
2011189
3311188
7333666
7745556
7445056
7449999

2222889
2066689
5557688
5357611
4337711
4437011
4439999

2222889
2066689
3447688
3447611
3347711
5357011
5559999

2222889
2075589
4477588
4475511
6473311
6333011
6669999

2222889
2075589
7777588
4445511
6443311
6333011
6669999

2222889
2066689
5557688
5357611
3347711
3447011
3449999

5553889
5053389
4427388
4427311
6427711
6227011
6669999

5557889
5057789
4427388
4427311
6423311
6223011
6669999

5527889
5027789
5527688
4227611
4466611
4433011
3339999

5523889
5023389
5527388
4227311
4467711
4467011
6669999

5527889
5027789
5527388
4227311
4463311
4463011
6669999

5553889
5053389
2222388
6662311
6777711
6447011
4449999

5557889
5057789
6667388
2267311
2463311
2443011
2449999

5553889
5053389
6667388
2267311
2467711
2447011
2449999

5566689
5068889
5568333
2273311
2777711
2444011
2449999

5531119
5031119
5533666
2273886
2777786
2444088
2449999

6667889
6077289
6437288
4437255
4433225
1113055
1119999

6663889
6033289
6437288
4437255
4477225
1117055
1119999

5551119
5051119
2687777
2688874
2666844
2233044
3339999

5551119
5051119
2444666
2447886
2777786
2233088
3339999

7777889
2075589
2222588
4445511
6443311
6333011
6669999

5564449
5064439
5566633
2222883
2777783
1117088
1119999

2222879
2088879
6585377
6555374
6663344
1113044
1119999

3881119
3081119
3388722
4377772
4465552
4465052
6669999

2222449
2055449
6665347
6855377
6888337
1118037
1119999

2222869
2088869
4486667
4433377
4335557
1115057
1119999

5551119
5051119
7444666
7744886
7222286
7233088
3339999

5556669
5058869
4448367
4488377
2222337
1112037
1119999

5551119
5051119
7777332
4733382
4468882
4468022
6669999

5551119
5051119
6664442
6887442
6877772
8833022
3339999

5551119
5051119
7777862
4788862
4486662
4433022
3339999

5551119
5051119
3334442
8833442
6877772
6887022
6669999

5551119
5051119
3377772
4333782
4468882
4468022
6669999

5551119
5051119
6664447
6884477
6822227
8833027
3339999

5551119
5051119
2222666
7332886
7733386
7444088
7449999

2286669
2088869
2333867
2443377
4445557
1115057
1119999

6664449
7062449
7762222
7833355
7888335
1118055
1119999

6777789
6078889
6668112
5553112
5453112
4433022
4439999

6777789
6078889
6668112
5544112
5444112
5533022
3339999

7777449
8074449
8886112
5586112
5666112
5533022
3339999

5544479
5044779
5538872
1133872
1163882
1163022
6669999

6777789
6078889
6668552
1144452
1144552
1133022
3339999

2556669
2056889
2556844
2278844
1173334
1177033
1179999

3334449
8033449
8887552
1187752
1167552
1167022
6669999

2556669
2058869
2558367
2288377
1144337
1144037
1149999

5588449
5068449
5568847
1166677
1122227
1133027
3339999

5586669
5088869
5544867
1144477
1122227
1133027
3339999

5554449
5054479
2117777
2118666
2118886
2233086
3339999

5556669
5054469
2114467
2118477
2118887
2233087
3339999

5556669
5056449
2116447
2118477
2118887
2233087
3339999

5566639
5068839
5567833
2277883
2117444
2117044
2119999

7885559
7085359
7788332
7114432
6114432
6114022
6669999

6444119
6044119
6668112
5578882
5777782
5533022
3339999

2211889
2011689
2311688
2366655
3377775
3447055
4449999

5556119
5056119
7666112
7733382
7338882
7448022
4449999

5566679
5068879
5568377
2288374
2113344
2113044
2119999

3336669
8033469
8884467
2284477
2115557
2115057
2119999

2236669
2031169
2331167
2381177
8885557
8445057
4449999

5551179
5051179
2681177
2688874
2666844
2233044
3339999

3226669
3021169
3321167
8321177
8885557
4485057
4449999

