5554449
5058449
1118887
1113387
6333277
6222207
6669999

5553229
5053329
1116327
1116327
4666877
4488807
4489999

6777739
6078839
6662833
1112883
1112555
4422505
4449999

5554449
5054489
1118887
1118337
6233377
6222207
6669999

5554449
5054439
1118837
1118337
6288377
6222207
6669999

2222889
7052589
7755588
7111666
7111336
4433306
4449999

5566689
5068889
5568422
7111442
7111442
7733302
7339999

5552449
5052449
6662437
6822337
6888377
1118307
1119999

2777789
2078889
2338444
2233344
6111555
6111505
6669999

2777739
2078839
2444833
2244883
6111555
6111505
6669999

5556669
5058869
2222867
2333887
3344477
1114407
1119999

5554449
5054439
6222237
6288337
6668377
1118807
1119999

7222239
7088239
7784433
7884443
6111555
6111505
6669999

6665559
7065359
7768322
7888332
7844432
1114402
1119999

5511169
5011169
5546667
2344887
2344877
2338807
2239999

2222889
2011189
3311188
7333666
7554446
7754406
7559999

5522229
5011129
5511137
8666337
8886377
4486307
4449999

5522229
5011129
5511137
8844337
6844377
6884307
6669999

5522229
5026669
5511167
3311167
4333877
4488807
4489999

5553229
5053329
6668327
6888327
6811177
4411107
4449999

5551119
5051119
3334447
2233447
2666877
2688807
2689999

5551119
5051119
3337777
2233744
2666844
2688804
2689999

5571119
5071119
5577333
2273344
2666844
2688804
2689999

5551119
5051119
7777333
2273344
2666844
2688804
2689999

5511169
5011169
5526667
3322227
4333877
4488807
4489999

5571119
5071119
5577666
2278644
2888644
2833304
2339999

5551119
5051119
7777666
2278644
2888644
2833304
2339999

6665559
7065359
7768322
7888332
7811132
4411102
4449999

5522229
5066629
5561117
3361117
4333877
4488807
4489999

5556669
5058869
2222867
2333887
3311177
4411107
4449999

5521119
5021119
5526444
7226844
7666888
7733308
7339999

5551119
5051119
2666447
2684447
2688877
2233807
3339999

7777449
2074449
2222111
6663111
6883555
6833505
8839999

7777449
2074449
2222111
6668111
6888555
6833505
3339999

5566689
5068889
5568111
7777111
4472222
4433302
4339999

5566689
5068889
5568111
7444111
7442222
7733302
7339999

5553229
5053329
6668327
6888327
6844477
1114407
1119999

5522229
5026669
5586447
8886447
8333477
1113307
1119999

2551119
2051119
2553337
2233887
6444877
6448807
6669999

5522229
5026669
5584467
8884467
8333477
1113307
1119999

6777789
6078889
6668111
2443111
2443555
2433505
2239999

6777789
6078889
6668111
2344111
2344555
2334505
2239999

3334449
7033449
7722111
7882111
7862555
8862505
6669999

5566689
5068889
5568447
2222447
2333477
1113307
1119999

5561119
5061119
5566627
3322227
4333877
4488807
4489999

2222449
2074449
7777111
6663111
6883555
6833505
8839999

2222449
2074449
7777111
6668111
6888555
6833505
3339999

6664449
7062449
7762111
7882111
7822555
8833505
3339999

2222889
2033689
3337688
4477666
4447555
1117505
1119999

5551119
5051119
6664422
6884442
6877772
8833702
3339999

2222889
2033689
3337688
4447666
4477555
1117505
1119999

6777789
6078889
6668111
2222111
3332555
4433505
4449999

6777789
6078889
6668111
2222111
4442555
4433505
3339999

6661119
6081119
6488822
7445852
7445552
7733302
7339999

2222839
2088839
6585337
6555377
6664447
1114407
1119999

2222449
2055449
6665437
6855337
6888377
1118307
1119999

5554449
5058449
6668887
6222287
6333277
1113307
1119999

5556669
5054469
3344467
2333887
2222877
1118807
1119999

5522889
5024489
5524488
1124666
1177776
1133706
3339999

5556669
5058869
1123867
1123887
1123377
4422307
4449999

5522229
5034429
5534447
1133887
1163877
1168807
6669999

5522229
5033329
5544337
1144887
1164877
1168807
6669999

5553229
5053329
1188327
1168327
1168877
4466607
4449999

5522229
5023119
5533117
8834117
6834477
6884407
6669999

5566629
5064429
5564427
1184227
1188877
1133807
3339999

5566629
5044629
5544627
1184227
1188877
1133807
3339999

3335529
8033529
8885527
1184227
1164477
1164407
6669999

5526669
5026119
5526117
3322117
4333877
4488807
4489999

2222559
2066659
1163557
1163887
1133877
4438807
4449999

3334449
8033449
8882557
1182577
1162557
1162207
6669999

5524889
5024489
5524488
1122666
1177776
1133706
3339999

5522119
5026119
5526117
3326667
4333877
4488807
4489999

6664889
6074489
6774488
1172222
1172555
1133505
3339999

5522229
5024439
5544437
1188337
1168377
1168807
6669999

5522229
5023339
5533447
1188447
1168477
1168807
6669999

5522229
5026669
5544467
1184467
1188877
1133807
3339999

5522229
5024469
5544467
1186667
1188877
1133807
3339999

6667229
6077249
6887244
1187244
1188555
1133505
3339999

6777739
6078839
6662833
2222883
1144555
1144505
1149999

3334449
2033449
2222557
1188577
1168557
1168807
6669999

7884439
7084439
7788433
7226663
1126555
1126505
1129999

7885559
7085359
7788322
7114332
6114432
6114402
6669999

7777439
8074439
8884433
2286663
2116555
2116505
2119999

5511889
5011789
5511788
3337744
6233744
6222204
6669999

2211889
2011389
2711388
2773344
6753544
6755504
6669999

5544469
5034469
5536667
2233887
2113877
2118807
2119999

5566689
5068889
5568337
2233377
2114447
2114407
2119999

5511229
5011629
5511627
3366627
4333877
4488807
4489999

5564449
5064439
5566637
2288337
2118377
2118807
2119999

5566639
5068839
5568337
2288377
2114447
2114407
2119999

5566629
5011629
5511627
3311227
4333877
4488807
4489999

5522229
5024469
5544467
3336667
1133877
1188807
1189999

5522229
5026669
5544467
3334467
1133877
1188807
1189999

5566629
5044629
5544627
3334227
1133877
1188807
1189999

5566629
5064429
5564427
3334227
1133877
1188807
1189999

5511889
5011689
5511688
7444666
7442222
7733302
7339999

5511889
5011689
5511688
7777666
4472222
4433302
4339999

5522229
5064429
5564447
6663337
1133877
1188807
1189999

5522229
5064429
5564447
6663887
1133877
1138807
1139999

5511889
5011689
5511688
7266644
7222244
7733304
7339999

5554449
5058449
2238887
2331187
2361177
2361107
6669999

5554449
5058449
3228887
3321187
6321177
6321107
6669999

2222889
4032689
4433688
4473666
1173555
1177505
1179999

2222889
4072689
4477688
4473666
1173555
1133505
1139999

5554449
5058449
6668887
2361187
2361177
2331107
2239999

5522229
5023449
5533447
8831147
6831177
6881107
6669999

5522229
5026669
5581167
8881167
8331177
4433307
4449999

5522229
5026669
5533367
8331167
8881177
4481107
4449999

5554449
5058449
6668887
6321187
6321177
3321107
3229999

5551129
5051129
3331127
8833227
6844477
6884407
6669999

5522229
5073329
5577333
8871144
6871144
6881104
6669999

