7777559
4072259
4462553
4462883
6662833
1118830
1119999

7777559
4072259
4462558
4462888
6662833
1113330
1119999

5544229
5044239
5584233
8887263
8777763
1116660
1119999

2235559
2035859
2337888
2377778
6111444
6111440
6669999

2255539
2058539
2888733
2877773
6111444
6111440
6669999

5552449
5052449
6662743
6822773
6888733
1118730
1119999

5566689
5068889
5568443
2111443
2111433
2777730
2279999

5566689
5068889
5568344
2111344
2111334
2777730
2279999

7885559
7085459
7788443
7111443
6111233
6222230
6669999

2211169
2011169
2886663
2877773
8857533
4455530
4449999

2211169
2011169
2446663
2444883
7777833
5758830
5559999

2211169
2011169
2556663
2577773
4557833
4488830
4489999

2211169
2011169
2746663
2744883
7744833
5758830
5559999

2211169
2011169
2736664
2738844
7733844
5753880
5559999

2211169
2011169
2446668
2444888
7777833
5753330
5559999

2211169
2011169
2746668
2744888
7744833
5753330
5559999

2211169
2011169
2786664
2788844
7733844
5753330
5559999

5511169
5011169
5576663
7777883
2222833
2448830
4449999

5511169
5011169
5576668
7777888
2222833
2443330
4449999

5511139
5011139
5544433
6664473
6887777
6822220
8829999

5556669
5052769
2222763
4488773
4448733
1118830
1119999

5511169
5011169
5586662
8882222
8777733
4473330
4449999

5511169
5011169
5586662
8882222
8337777
4433370
4449999

2244889
2044839
2748833
2711163
7711163
5756660
5559999

2266689
2068889
2768444
2711144
7711133
5753330
5559999

5544479
5044779
5511173
2211173
2666833
2688830
2689999

2556669
2054469
2554463
2274883
7777833
1118830
1119999

2556669
2054469
2554468
2274888
7777833
1113330
1119999

5551119
5051119
3337777
2233744
2666844
2688840
2689999

5571119
5071119
5577443
2274443
2666833
2688830
2689999

5551119
5051119
7777443
2274443
2666833
2688830
2689999

5511179
5011179
5544773
2244473
2666833
2688830
2689999

6665559
7065259
7768244
7888244
7833224
1113330
1119999

5571119
5071119
5577333
2273344
2666844
2688840
2689999

5551119
5051119
7777333
2273344
2666844
2688840
2689999

5571119
5071119
5577666
2278644
2888644
2833340
2339999

5551119
5051119
7777666
2278644
2888644
2833340
2339999

5522229
5021119
5571118
7777888
6444833
6443330
6669999

5571119
5071119
5577666
2278446
2888446
2833340
2339999

5551119
5051119
7777666
2278446
2888446
2833340
2339999

5522229
5021119
5571113
7777883
6444833
6448830
6669999

6667559
6027759
6427558
4427888
4422833
1113330
1119999

6667559
6027759
6427553
4427883
4422833
1118830
1119999

5521119
5021119
5526663
7226883
7746833
7448830
7449999

5521119
5021119
5526668
7226888
7746833
7443330
7449999

5521119
5021119
5528666
7228886
7733386
7444330
7449999

5574449
5077449
5571113
2271113
2666833
2688830
2689999

3334449
8033449
8881116
2281116
2557666
2577770
2559999

5577779
5067449
5564443
6662883
2222833
1118830
1119999

3885559
3085659
3388611
2366611
2222711
4477770
4449999

5577779
5067449
5564448
6662888
2222833
1113330
1119999

5521119
5021119
5527777
8822744
6833444
6883330
6669999

5577779
5044739
5544433
8822223
6821113
6881110
6669999

5566689
5068889
5568111
2222111
2337777
4433370
4449999

5566689
5068889
5568111
2222111
2777733
4473330
4449999

5522229
5026669
5586111
8886111
8337777
4433370
4449999

5577779
5044739
5544433
6661113
6881113
6822220
8829999

5522229
5026669
5586111
8886111
8777733
4473330
4449999

3881119
3081119
3388666
2377776
2445756
2445550
2249999

2551119
2051119
2556663
2276883
4776833
4478830
4479999

2551119
2051119
2556668
2276888
4776833
4473330
4479999

5566689
5068889
5568211
7222211
7733311
7444330
7449999

5522229
5024439
5584433
8887463
8777763
1116660
1119999

5552449
5052449
3882411
3382211
6388711
6377770
6669999

6777789
6078889
6668211
5553211
5453211
4433220
4439999

6777789
6078889
6668211
5544211
5444211
5533220
3339999

7777449
8074449
8886211
5586211
5666211
5533220
3339999

6444889
6044839
6668833
2222553
2777753
1117550
1119999

5574449
5077449
5572222
8872111
6833111
6883330
6669999

3226669
3026889
3326844
7328844
7551114
7751110
7559999

2222879
2088879
6585773
6555473
6664433
1114430
1119999

2222449
2074449
5576663
5776883
5576833
1118830
1119999

2222449
2055449
6665743
6855773
6888733
1118730
1119999

5524449
5024479
5527777
8822111
6833111
6883330
6669999

2222449
2074449
5576668
5776888
5576833
1113330
1119999

3225559
3025759
3327777
8326111
8886111
4486660
4449999

3224889
3024489
3324488
7326111
7556111
7756660
7559999

5577779
5037449
5533444
6663111
6883111
6822220
8829999

3225559
3025759
3327711
8326711
8886711
4486660
4449999

3226669
3026889
3326811
7328811
7554411
7754440
7559999

2266689
2068889
2768111
2744111
7744433
5753330
5559999

5544479
5044779
5586273
8886273
8666233
1112230
1119999

3221119
3021119
3328666
7328886
7554486
7754440
7559999

3221119
3021119
3328844
7326844
7556884
7756660
7559999

3221119
3021119
3327777
8326575
8886555
4486660
4449999

3221119
3021119
3327666
8327556
8887756
4487550
4449999

2244889
2044489
2777788
2557111
6533111
6553330
6669999

5577779
5022739
5524433
8824443
6821113
6881110
6669999

2234889
2034489
2334488
2376111
5576111
5776660
5579999

2235559
2035759
2337777
2386111
8886111
8446660
4449999

5526669
5026889
5526811
7228811
7733311
7444330
7449999

5551119
5051119
3882222
3382444
6388744
6377770
6669999

5522229
5044729
5544711
8847711
6833711
6883330
6669999

5531119
5031119
5533444
6663744
6887777
6822220
8829999

2236669
2036889
2336844
2378844
5571114
5771110
5579999

6661119
6041119
6344555
3344575
3887777
3822220
8829999

5577779
5047229
5544211
8844211
6833211
6883330
6669999

5556669
5058869
4448763
4488773
2222733
1112730
1119999

7777559
6073359
6333554
6668844
2222844
1112880
1119999

2236669
2036889
2336811
2378811
5574411
5774440
5579999

2235559
2035759
2337711
2386711
8886711
8446660
4449999

5577779
5088739
5582233
4882113
4462113
4462110
6669999

3881119
3081119
3388666
7322226
7554426
7754440
7559999

2777789
2078889
2558666
2253116
4553116
4433110
4439999

2277779
2055749
2885644
2855644
8866633
1113330
1119999

2231119
2031119
2338666
2378886
5574486
5774440
5579999

2231119
2031119
2337777
2386575
8886555
8446660
4449999

2231119
2031119
2337666
2387556
8887756
8447550
4449999

2231119
2031119
2338844
2376844
5576884
5776660
5579999

2277779
2055749
2885446
2855446
8833666
1113330
1119999

2244559
2044459
2887556
2877776
8833666
1113330
1119999

2277779
2055749
2885644
2855644
8833666
1113330
1119999

2222889
5052839
5558833
7666113
7746113
7446110
7449999

2222889
4072839
4478833
4477113
6575113
6555110
6669999

2222889
5052839
5558833
7777113
6744113
6444110
6669999

2244889
2044839
2748833
2755113
6775113
6755110
6669999

2277779
2057539
2855533
2888113
6668113
6444110
6449999

2277779
2057539
2855533
2888113
6448113
6444110
6669999

6667559
6047759
6447553
2447883
2222833
1118830
1119999

5577779
5088739
5584433
2884463
2222463
1116660
1119999

5551119
5051119
8333444
8883344
6287777
6222270
6669999

6667559
6047759
6447558
2447888
2222833
1113330
1119999

5522449
5027449
5527743
1127883
1167833
1168830
6669999

5522449
5027449
5527748
1127888
1167833
1163330
6669999

2276669
2076119
2776113
2575113
4555833
4488830
4489999

5577779
5062749
5562443
6662443
1122833
1188830
1189999

2222869
2088869
1186663
1177773
1157533
4455530
4449999

5544229
5044729
5547723
1188723
1168733
1168830
6669999

7226669
7026119
7726113
7525113
4555833
4488830
4489999

7777449
8072449
8882545
1182555
1162233
1163330
6669999

5577779
5047119
5544113
2244113
2666833
2688830
2689999

5558839
5058639
1188633
1166673
1127777
4422220
4449999

5556119
5056119
8666112
8882222
4487777
4433370
4339999

2556669
2058869
2558763
2288773
1144733
1144730
1149999

2556669
2054469
2554463
2274883
1177833
1178830
1179999

5552119
5052119
3882114
3382244
6388744
6377770
6669999

2556669
2054469
2554468
2274888
1177833
1173330
1179999

2444119
2044119
2666118
2276888
5576833
5773330
5579999

2444119
2044119
2666113
2276883
5576833
5778830
5579999

2222889
5052839
5558833
1177773
1167443
1164440
6669999

6444119
6044119
6662118
2222888
7777833
5753330
5559999

6444119
6044119
6662113
2222883
7777833
5758830
5559999

5522119
5062119
5562118
6662888
7777833
4473330
4449999

5522119
5062119
5562113
6662883
7777833
4478830
4449999

5573889
5073389
5577388
2276344
2116444
2116660
2119999

5553889
5053389
7777388
2276344
2116444
2116660
2119999

5566639
5068839
5567833
2277883
2117444
2117440
2119999

5511889
5011789
5511788
3337744
6233744
6222240
6669999

2211889
2011389
2711388
2773344
6753544
6755540
6669999

2211889
2011689
2711688
2744666
7744433
5753330
5559999

5566649
5067449
5567448
2277888
2117833
2113330
2119999

5574449
5077449
5576668
2276888
2116833
2113330
2119999

2211449
2011449
2711483
2778883
6758533
6755530
6669999

2211889
2011689
2711688
2766644
7733444
5753330
5559999

5511449
5011449
5511743
2277773
2666833
2688830
2689999

5511889
5011689
5511688
2222666
2337777
4433370
4449999

6444889
6044839
6668833
2277773
2115753
2115550
2119999

5511889
5011689
5511688
2222666
2777733
4473330
4449999

5574449
5077449
5576663
2276883
2116833
2118830
2119999

5566679
5068879
5568773
2288473
2114433
2114430
2119999

5566649
5067449
5567443
2277883
2117833
2118830
2119999

5546669
5044769
5544763
2288773
2118733
2118830
2119999

6662119
4062119
4462118
4422888
7777833
5753330
5559999

5576669
5078869
5577863
2274883
2114433
2114430
2119999

5556669
5058869
7777863
2274883
2114433
2114430
2119999

5544479
5044779
5566673
2288673
2118633
2118830
2119999

6662119
4062119
4462113
4422883
7777833
5758830
5559999

7886669
7085569
7788564
7335544
1133344
1122220
1129999

6664449
6011449
6311555
3311575
3887777
3822220
8829999

3334449
8033449
8887666
2287556
2117756
2117550
2119999

3334449
8033449
8887777
2286575
2116555
2116660
2119999

5522229
5011729
5511774
8811744
6833744
6883330
6669999

5577779
5011749
5511443
2211443
2666833
2688830
2689999

2222119
5052119
5557113
8877773
6844433
6884430
6669999

5544119
5044119
5547113
2277773
2666833
2688830
2689999

7777119
8076119
8886113
2286663
2554433
2544430
2559999

5544479
5044779
5511273
8811273
6811233
6882230
6669999

5556119
5056119
2666118
2222888
7777833
4473330
4449999

5556119
5056119
2666113
2222883
7777833
4478830
4449999

5511889
5011689
5511688
7266644
7222244
7733340
7339999

3221179
3021179
3321177
8326575
8886555
4486660
4449999

5522229
5021139
5581133
8881163
8777763
4476660
4449999

7777229
8071129
8881126
4481126
4433666
5453330
5559999

5577779
5022749
5521144
8821144
6821133
6883330
6669999

2255579
2058579
2888773
2866673
1144633
1144630
1149999

5577779
5088739
5581133
2881163
2441163
2446660
2249999

5522229
5073329
5577333
8871144
6871144
6881140
6669999

2231179
2031179
2331177
2386575
8886555
8446660
4449999

2255579
2058579
2888773
2841173
6441133
6441130
6669999

