2222889
5052389
5557388
1117336
1117736
4447666
0449999

2222889
5052839
5558837
1116337
1116377
4446667
0449999

5553889
5053389
7111388
7111326
7722226
7444666
0449999

5556889
5056789
2666788
2111774
2111744
2233344
0339999

5566689
5068889
5568447
3111447
3111477
3322227
0329999

5556889
5056789
2666788
2447711
2444711
2233311
0339999

5557889
5057789
2447688
2447611
2466611
2233311
0339999

5554449
5054479
2687777
2688811
2666811
2233311
0339999

5564449
5064479
5566672
3111772
3111872
3388822
0389999

2211169
2011169
2386667
2388877
3345857
3445557
0449999

2222889
2066689
7553688
7753611
7553311
7444311
0449999

5527889
5027789
5527688
4227611
4466611
4433311
0339999

5554449
5052449
7332222
7733311
7666811
7688811
0689999

5551119
5051119
7332222
7733342
7666844
7688844
0689999

5551119
5051119
2687777
2688874
2666844
2233344
0339999

5551119
5051119
2444666
2447886
2777786
2233388
0339999

5551119
5051119
2666334
2633344
2688744
2287777
0889999

5551119
5051119
2666337
2633377
2688447
2284447
0889999

3885559
3085659
3388611
2366611
2222711
4447777
0449999

6665559
6075859
6377888
3371118
3471112
3442222
0449999

2551119
2051119
2558666
2278886
4473386
4477333
0479999

2551119
2051119
2557777
2233786
3338886
4448666
0449999

2235559
2035759
2337777
2381116
8881116
8444666
0449999

2551119
2051119
2553666
2273886
4473386
4477388
0479999

2556669
2056889
2556811
2278811
4473311
4477333
0479999

6661119
6041119
6344887
3344877
3558827
3522227
0559999

2222839
2088839
6585337
6555377
6661117
4441117
0449999

5551119
5051119
7444322
7744332
7666832
7688832
0689999

5551119
5051119
6664322
6744332
6744832
7788832
0789999

3886669
3085569
3388567
4325577
4421117
4421117
0229999

5551119
5051119
7666444
7736844
7336888
7322228
0329999

5551119
5051119
7444666
7744886
7222286
7233388
0339999

5551119
5051119
7777862
4788862
4486662
4433322
0339999

5551119
5051119
6664442
6887442
6877772
8833322
0339999

5551119
5051119
7666442
7736442
7336842
7388822
0389999

5551119
5051119
7777388
4723386
4423886
4423666
0229999

5551119
5051119
7777333
4723386
4428886
4428666
0229999

3881119
3081119
3388557
4326577
4426557
4426667
0229999

3881119
3081119
3388666
4325556
4425756
4427777
0229999

5551119
5051119
6664447
6884477
6822227
8833327
0339999

2231119
2031119
2337777
2385756
8885556
8444666
0449999

2231119
2031119
2336667
2386557
8886577
8444557
0449999

7777449
8074449
8886112
5586112
5666112
5533322
0339999

6777789
6078889
6668112
5544112
5444112
5533322
0339999

5556669
5056229
3336244
1133244
1188274
1187777
0889999

6222239
6055239
6665334
1155344
1188744
1187777
0889999

6222239
6055239
6665337
1155377
1188447
1184447
0889999

5553889
5053689
1133688
1137666
1177772
4442222
0449999

6777789
6078889
6668552
1144452
1144552
1133322
0339999

2275559
2075859
2377888
2376668
3346111
3446111
0449999

5586669
5088869
5533867
1123337
1124477
1124447
0229999

6777789
6078889
6668344
1123344
1123545
1123555
0229999

6777789
6078889
6668333
1123355
1124445
1124455
0229999

5536669
5038869
5533867
1123887
1124477
1124447
0229999

5566639
5068839
5567833
1127883
1127744
1127444
0229999

5544889
5044389
5547388
1127336
1127736
1127666
0229999

6444889
6044839
6668833
1125553
1125753
1127777
0229999

5544889
5044839
5548837
1126337
1126377
1126667
0229999

6444889
6044389
6663388
1123555
1123575
1127777
0229999

5586669
5088869
5544867
1144477
1122227
1133327
0339999

5588449
5068449
5568847
1166677
1122227
1133327
0339999

5564449
5064439
5566633
1122223
1188723
1187777
0889999

5556669
5056449
2116447
2118477
2118887
2233387
0339999

5554449
5054479
2117777
2118666
2118886
2233386
0339999

5556669
5054469
2114467
2118477
2118887
2233387
0339999

2211889
2011689
2311688
2366655
3377775
3444755
0449999

6444119
6044119
6668112
5578882
5777782
5533322
0339999

5511889
5011389
5511388
2222336
2777736
4447666
0449999

6664449
6011449
6311887
3311877
3558827
3522227
0559999

5556239
5056239
7666233
7788223
7118444
7118844
0119999

2286669
2088869
2311867
2311557
3311577
3444557
0449999

5556669
5053369
7333462
7788442
7118442
7118822
0119999

5551179
5051179
2681177
2688874
2666844
2233344
0339999

2222889
5052839
5558833
6664443
6114473
6117777
0119999

2222889
5052389
5553388
6663444
6113744
6117777
0119999

5558839
5058739
2288733
2666773
2116744
2116444
0119999

5554449
5058449
7338886
7733386
7112666
7112222
0119999

5554449
5052449
7332222
7733386
7118886
7118666
0119999

5556669
5051169
2231167
2331177
2388447
2384447
0889999

5556669
5051169
2231164
2331144
2388744
2387777
0889999

5551139
5051139
2271133
2777743
2666844
2688844
0689999

6661139
7061139
7761133
7822223
7888525
4448555
0449999

