3777789
3078889
3308666
5354446
5552446
1112222
1119999

3777789
3078889
3308446
5354446
5552666
1112222
1119999

5552889
5052389
4402388
4422336
4777736
1117666
1119999

2222339
2033389
4408887
4448557
6111577
6111557
6669999

2211169
2011169
2806667
2888557
4448577
4433557
3339999

2211169
2011169
2806667
2888557
3338577
4433557
4449999

5511179
5011179
5502277
6663274
6883244
6833244
8839999

5511179
5011179
5502277
6668274
6888244
6833244
3339999

5511179
5011179
5508877
2443876
2443886
2433666
2239999

3777789
3078889
3308422
5354462
5554462
1116662
1119999

3777789
3078889
3308422
5356442
5556442
1116662
1119999

5511179
5011179
5508877
2344876
2344886
2334666
2239999

5511139
5011139
5508633
2888643
2866644
2777744
2279999

5551119
5051119
2207777
2833376
2888336
2448666
4449999

5511179
5011179
5508877
2222876
4442886
4433666
3339999

5511179
5011179
5508877
2222876
3332886
4433666
4449999

5551119
5051119
2208666
2888336
2833376
2447777
4449999

5522229
5021119
5501117
6663477
6883447
6833447
8839999

5522229
5021119
5501117
6668477
6888447
6833447
3339999

2244889
2044389
2704388
2773311
6753511
6755511
6669999

5544889
5044789
5504788
3337711
6233711
6222211
6669999

2222339
2033379
5507777
5881116
5581116
4488666
4449999

5544889
5044689
5504688
7266611
7222211
7733311
7339999

5551119
5051119
3307777
2333786
2448886
2448666
2249999

5522229
5028879
5508377
4488376
4443376
1113666
1119999

5551119
5051119
4407777
4488733
6483332
6882222
6669999

5544889
5044389
5504388
2222336
2777736
1117666
1119999

5522229
5023449
5503447
8833477
6831117
6881117
6669999

2222889
2055389
4405388
4455336
4777736
1117666
1119999

2222889
2044489
3304488
7333666
7551116
7751116
7559999

5551119
5051119
8804462
7844462
7886662
7733322
7339999

5551119
5051119
8806662
7844462
7884462
7733322
7339999

5522229
5033329
5507338
1177888
1167844
1167444
6669999

5522229
5023119
5503117
8833117
6834477
6884447
6669999

5522229
5023339
5507833
1177888
1167448
1167444
6669999

5522229
5028839
5507833
1177883
1167443
1167444
6669999

2244889
2044489
2703388
2755333
6775111
6755111
6669999

5544439
5044339
5507388
2277386
2117886
2117666
2119999

2222339
2033379
5501177
5881176
5581176
4488666
4449999

5551179
5051179
2201177
2833376
2888336
2448666
4449999

