5554889
5054489
1114488
1112222
6663332
6777733
6079999

2222889
7052589
7755588
7366611
7344611
3344611
3049999

6777739
6078839
6662833
1112883
1112444
5552244
5059999

2222889
3052589
3355588
7366611
7344611
7744611
7049999

6777789
6078889
6668322
1113342
1113442
5553442
5059999

6777789
6078889
6668322
1114332
1114432
5554432
5059999

5522229
5044429
5544666
7388611
7338611
7738811
7039999

2222449
2074449
7777388
1113386
1113886
5553666
5059999

2222449
2074449
7777333
1113386
1118886
5558666
5059999

2222889
2033869
3338867
1116667
1114477
5554447
5059999

2222889
2033879
3338877
1114476
1114476
5554666
5059999

2222449
2033449
3338847
1116877
1116887
5556667
5059999

2222889
2033789
3337788
1116744
1116744
5556664
5059999

2222889
2033689
3337688
1117666
1117744
5557444
5059999

2222449
2033449
3337488
1117786
1117886
5557666
5059999

6777789
6078889
6668333
1113344
1112444
5552222
5059999

6777789
6078889
6668444
1113344
1112333
5552222
5059999

7777449
2074449
2222388
1113386
1113886
5553666
5059999

7777449
2074449
2222333
1113386
1118886
5558666
5059999

2222339
2033379
6667777
6111884
6111844
5558844
5059999

5546669
5044369
5544362
7111332
7111832
7788822
7089999

5511169
5011169
5586664
7388844
7332844
7732222
7039999

5554449
5052449
2222666
7388611
7338611
7738811
7039999

6444889
6044789
6667788
2222711
2333711
5553311
5059999

2222889
2044489
6664488
6375511
6377511
3375511
3079999

5526669
5026449
5526444
7223311
7333811
7788811
7089999

6664889
7064489
7764488
7222211
7333211
5553311
5059999

5554449
5058449
6668887
6311187
6311177
3322227
3029999

5571119
5071119
5577388
2273386
2443886
2443666
2049999

5551119
5051119
7777388
2273386
2443886
2443666
2049999

5551119
5051119
3337777
2233786
2448886
2448666
2049999

5511179
5011179
5538877
2233876
2443886
2443666
2049999

5571119
5071119
5577333
2273386
2448886
2448666
2049999

5551119
5051119
7777333
2273386
2448886
2448666
2049999

6663339
6033889
6444811
2448811
2222711
5557777
5059999

6777789
6078889
6668111
2222111
2333444
5553344
5059999

2551119
2051119
2558666
2278886
4473386
4477333
4079999

6777789
6078889
6668111
4433111
4443332
5552222
5059999

2551119
2051119
2553666
2273886
4473386
4477388
4079999

2556669
2056889
2556811
2278811
4473311
4477333
4079999

5524889
5024489
5524488
7322666
7331116
7731116
7039999

7881119
7081119
7788644
7333644
3366642
5552222
5059999

6661119
7061119
7768422
7888442
7833442
5553332
5059999

5551119
5051119
4433322
4448332
6668882
6777782
6079999

5561119
5061119
5566622
7388442
7338442
7738842
7039999

6661119
7061119
7768322
7888332
7844432
5554432
5059999

2222869
2088869
4486667
4433377
4331117
5551117
5059999

5551119
5051119
4488322
4448332
6668832
6777732
6079999

5551119
5051119
4446322
7446332
7666832
7788832
7089999

3221119
3021119
3326555
7326545
7666844
7788844
7089999

5522889
5024489
5524488
7324666
7331116
7731116
7039999

5566689
5068889
5568337
2233377
2441117
2441117
2049999

5566639
5068839
5568337
2288377
2441117
2441117
2049999

5551119
5051119
6662222
6372884
6377844
3378844
3079999

2286669
2088869
2333867
2443377
4441117
5551117
5059999

5551119
5051119
8822224
7823644
7883644
7733666
7039999

5551119
5051119
2222444
2376844
3376888
3776668
3079999

5551119
5051119
2222666
2344886
3344486
3777788
3079999

5551119
5051119
2222666
2374886
3374486
3774488
3079999

5561119
5061119
5566642
7388442
7338442
7738822
7039999

5551119
5051119
4446662
7443362
7333862
7788822
7089999

6661119
7061119
7763332
7833442
7888442
5558422
5059999

6661119
7061119
7764432
7844432
7888332
5558322
5059999

5522889
5032689
5532688
7332666
7344111
7744111
7049999

5554889
5054489
6664488
6372222
6372111
3377111
3079999

2222889
2033689
3337688
4477666
4447111
5557111
5059999

2222889
2033689
3337688
4447666
4477111
5557111
5059999

2222449
2074449
1177333
1173386
1178886
5558666
5059999

2222449
2074449
1177388
1173386
1173886
5553666
5059999

5522229
5044829
5544888
7346668
7336111
7736111
7039999

5522229
5036829
5536888
7336668
7344111
7744111
7049999

5566639
5068839
5567833
2277883
2447111
2447111
2049999

6664449
6033449
6113332
7115552
7115852
7788822
7089999

6663339
6033449
6114442
7115552
7115852
7788822
7089999

2222889
2011389
4411388
4411336
4777736
5557666
5059999

5511889
5011689
5511688
7366644
7332444
7732222
7039999

5522229
5031129
5531188
7331186
7344886
7744666
7049999

7777889
4071189
4461188
4461133
6663332
5552222
5059999

