5553449
5053449
1113347
1118377
6668887
6222287
6209999

5554439
5054439
1114337
1118377
6668887
6222287
6209999

5557889
5057789
1117488
1117446
2222446
2333666
3309999

5556669
5056449
1116447
1118847
2222877
2333887
3309999

5554449
5054479
1113772
1113372
6668372
6888322
6809999

2222889
5052389
5557388
1117336
1117736
4447666
4409999

2222889
5052839
5558837
1116337
1116377
4446667
4409999

5552239
5052739
1112733
1112773
6668744
6888444
6809999

2333889
2073389
2777788
2266611
5544611
5444611
5509999

6664889
6044389
6744388
2773311
2753511
2755511
2209999

6777789
6078889
6668333
2553311
2544411
2554411
2209999

6665559
3065759
3367777
2388411
2384411
2884411
2209999

6664889
3064489
3364488
2355511
2357511
2777711
2209999

6664889
6034489
6334488
2355511
2357511
2777711
2209999

6665559
6035759
6337777
2388411
2384411
2884411
2209999

7885559
7085359
7788332
7111632
4111632
4466622
4409999

5566679
5088679
5583677
2883374
2111344
2111344
2209999

2211139
2011139
2866633
2888643
5578644
5777744
5509999

2211169
2011169
2386667
2388877
4335857
4435557
4409999

5511169
5011169
5576668
7777888
2222844
2333444
3309999

5511139
5011139
5572233
7777243
6668244
6888244
6809999

5511179
5011179
5538877
2334876
2344886
2344666
2209999

5511179
5011179
5538877
2338674
2388644
2366644
2209999

5511179
5011179
5538877
2433876
2443886
2443666
2209999

5511179
5011179
5533377
2338674
2888644
2866644
2209999

5554449
5054479
8811177
2811176
2883376
2333666
2209999

5511169
5011169
5586667
3388877
4333827
4422227
4409999

5522229
5023339
5533666
7777886
4711186
4411188
4409999

6661119
6021119
6322227
3355477
3885447
3855447
8809999

2222889
5052879
5558877
4411176
4411176
4333666
3309999

5571119
5071119
5577388
2273386
2443886
2443666
2409999

5551119
5051119
7777388
2273386
2443886
2443666
2409999

5551119
5051119
3337777
2233786
2448886
2448666
2409999

5511179
5011179
5538877
2233876
2443886
2443666
2409999

5577779
5044739
5544433
2666883
2611183
2611188
2209999

5566679
5088679
5538677
2338874
2311144
2311144
2209999

5571119
5071119
5577333
2273386
2448886
2448666
2409999

5551119
5051119
7777333
2273386
2448886
2448666
2409999

5511139
5011139
5586337
8886377
8426667
4422227
4409999

6661119
6071119
6777744
2233344
2338545
2888555
2809999

6661119
6071119
6777744
2238844
2338545
2388555
2309999

5566689
5068889
5568322
7777332
4711132
4411132
4409999

2222889
2044489
7554488
7751116
7551116
7333666
3309999

3885559
3085659
3388611
2366611
2222711
4447777
4409999

2554449
2054479
2557777
2281116
8881116
8333666
3309999

5551119
5051119
3337777
2433786
2448886
2448666
2209999

6661119
6041119
6447777
2448755
2888335
2833355
2209999

3881119
3081119
3388557
2346577
2446557
2446667
2209999

3881119
3081119
3388666
2345556
2445756
2447777
2209999

6661119
3061119
3367777
2388755
2384445
2884455
2209999

6661119
3061119
3365544
2388544
2385574
2887777
2209999

5551119
5051119
7777333
2743386
2448886
2448666
2209999

5571119
5071119
5577333
2473386
2448886
2448666
2209999

5551119
5051119
7777333
2473386
2448886
2448666
2209999

3336669
4033869
4488862
4481112
5571112
5777722
5509999

5551119
5051119
7777388
2743386
2443886
2443666
2209999

5571119
5071119
5577388
2473386
2443886
2443666
2209999

5551119
5051119
7777388
2473386
2443886
2443666
2209999

6661119
6031119
6337777
2388755
2384445
2884455
2209999

6661119
6031119
6335544
2388544
2385574
2887777
2209999

2551119
2051119
2557777
2284476
8884446
8333666
3309999

2551119
2051119
2556667
2286477
8886447
8333447
3309999

5566639
5068839
5568337
2488377
2441117
2441117
2209999

2551119
2051119
2557777
2233786
3338886
4448666
4409999

5566689
5068889
5568337
2433377
2441117
2441117
2209999

3886669
3085569
3388567
2345577
2441117
2441117
2209999

2551119
2051119
2553337
2233477
6668447
6888447
6809999

2554449
2057449
2557711
2287611
8887611
8333666
3309999

6661119
6081119
6788844
7777844
5533342
5332222
5509999

6661119
4061119
4467777
4488733
5583332
5882222
5509999

3885559
3085659
3388611
2366611
2444711
2447777
2209999

5531119
5031119
5533422
6663442
6887442
6877772
8809999

2222839
2088839
6585337
6555377
6661117
4441117
4409999

2222339
2033379
4447777
4488666
5581116
5881116
5509999

5557889
5057689
2277688
2447666
2444111
2333111
3309999

5566689
5068889
5568337
2233377
2441117
2441117
2409999

5566639
5068839
5568337
2288377
2441117
2441117
2409999

5522229
5066629
5583611
8883611
8433711
4437777
4409999

2236669
2036449
2336447
2388477
5581117
5881117
5509999

2234449
2034479
2337777
2388666
5581116
5881116
5509999

2236669
2034469
2334467
2388477
5581117
5881117
5509999

7881119
7081119
7788555
7333545
6663344
6222244
6209999

5551119
5051119
7222288
7244486
7744886
7333666
3309999

2554439
2054439
2554733
2277773
6668111
6888111
6809999

2554439
2054439
2557433
2277773
6668111
6888111
6809999

6661119
6081119
6788844
7777844
2222545
2333555
3309999

5551119
5051119
7336662
7733362
7884462
7844422
8809999

6661119
6071119
6777782
5558882
5458332
4433322
4409999

6661119
6071119
6777732
5558832
5458332
4488322
4409999

6661119
6081119
6788832
7777832
5544332
5444322
5509999

5557239
5057239
4477233
4447223
6668111
6888111
6809999

5544239
5044239
5574233
7777223
6668111
6888111
6809999

5566639
5068839
5567833
2477883
2447111
2447111
2209999

6665559
3065859
3367888
2377778
2344111
2444111
2209999

6665559
6035859
6337888
2377778
2344111
2444111
2209999

5551119
5051119
7444666
7744886
7222286
7333288
3309999

5551119
5051119
7222288
7444286
7744886
7333666
3309999

5551119
5051119
7222288
7744286
7444886
7333666
3309999

6777739
6078839
6662833
2222883
5544111
5444111
5509999

6665559
7065359
7763322
7883112
7483112
4488112
4409999

6665559
4065759
4467777
4482222
8882111
8333111
3309999

5557889
5057689
4477688
4447666
2222111
2333111
3309999

6665559
4065859
4467888
4477778
2222111
2333111
3309999

5544889
5044689
5574688
7777666
2222111
2333111
3309999

5586669
5088869
5533867
3334477
1124447
1122227
1109999

5586669
5088869
5533867
3334447
1124477
1122227
1109999

5577779
5067349
5563344
6663844
1123888
1122228
1109999

2236669
2036119
2336117
2388117
5584477
5884447
5509999

5553889
5053689
1133688
1137666
1177772
4442222
4409999

6777739
6078839
6662833
5552883
5452111
4422111
4409999

7885559
7085359
7788332
7444632
1144632
1166622
1109999

5566639
5068839
5567833
2277883
2447111
2447111
2409999

2275559
2075859
2377888
2376668
4336111
4436111
4409999

2554439
2054439
2554337
2268377
1168887
1166687
1109999

2554479
2054479
2554877
2288876
1183336
1133666
1109999

2553449
2053449
2553347
2268377
1168887
1166687
1109999

2556669
2058869
2558367
2288377
1144337
1144437
1109999

5553119
5053119
8833117
2836477
2886447
2666447
2209999

3444119
3044119
3388117
2386557
2886577
2666557
2209999

3666119
3076119
3376118
2377888
2575844
2555444
2209999

2333889
2073389
2777788
2255666
1154446
1155446
1109999

2333889
2073389
2777788
2264455
1164445
1166655
1109999

2333889
2073389
2777788
2255446
1154446
1155666
1109999

2333889
2073389
2777788
2266655
1164445
1164455
1109999

2556669
2058869
2553867
2233887
1134477
1134447
1109999

5554449
5054439
8666337
8886377
1186327
1122227
1109999

5586669
5088869
5533867
3334477
1144427
1122227
1109999

5556669
5053369
8333467
8884477
1184427
1122227
1109999

2444119
2044119
2666117
2286557
8886577
8333557
3309999

5566689
5068889
5568322
7777332
1174432
1144432
1109999

6777789
6078889
6668344
2113344
2113545
2113555
2209999

6444889
6044839
6668833
2115553
2115753
2117777
2209999

5536669
5038869
5533867
2113887
2114477
2114447
2209999

5544889
5044389
5547388
2117336
2117736
2117666
2209999

5566639
5068839
5567833
2117883
2117744
2117444
2209999

6777789
6078889
6668333
2113355
2114445
2114455
2209999

5544889
5044839
5548837
2116337
2116377
2116667
2209999

6444889
6044389
6663388
2113555
2113575
2117777
2209999

5586669
5088869
5533867
2113337
2114477
2114447
2209999

5511889
5011389
5511388
2222336
2777736
4447666
4409999

5522229
5023339
5533666
7777886
1174486
1144488
1109999

6664449
6074439
6777733
2222883
1152583
1155588
1109999

2222889
5052839
5558833
6664443
1164473
1167777
1109999

2222889
5052389
5553388
6663444
1163744
1167777
1109999

2551139
2051139
2551133
2277773
6668744
6888444
6809999

2551179
2051179
2551177
2284476
8884446
8333666
3309999

2234449
2037449
2337666
2377886
1157586
1155588
1109999

2556669
2051169
2551167
2281177
8884447
8333447
3309999

2277779
2057549
2355544
2336844
1136888
1136668
1109999

2554449
2054479
2551177
2281176
8881176
8333666
3309999

6661139
7061139
7761133
7822223
7888525
4448555
4409999

