2222889
2066689
1110688
1117655
4477775
4433355
4339999

2222889
5052789
5550788
6667711
6333711
6443311
4449999

5554449
5054439
1110337
1118377
6888327
6822227
6669999

5522229
5073329
5570333
8877411
6874411
6884411
6669999

5556669
5058869
1110862
1117882
4477772
4433322
4339999

2222889
5052689
5550688
7111666
7111444
7733344
7339999

6664439
7064439
7760433
7822223
7888525
1118555
1119999

2235559
2035859
2330888
2377778
6111744
6111444
6669999

3334449
8033449
8880666
2585611
2555611
2777711
2279999

6444889
6044289
6660288
7111255
7111225
7733355
7339999

5566639
5068839
5560833
2111883
2111444
2777744
2279999

5522229
5023339
5570833
7777888
6111448
6111444
6669999

5522229
5028839
5570833
7777883
6111443
6111444
6669999

5522229
5033329
5570338
7777888
6111844
6111444
6669999

5544439
5044339
5580322
8887362
8777762
1116662
1119999

2222889
2075589
3770588
3375511
6374411
6344411
6669999

7777889
4075589
4460588
4465533
6663332
1112222
1119999

5566639
5068839
5560833
4447883
4477772
1112222
1119999

6665559
3065859
3360888
2311148
2311144
2777744
2279999

6665559
6035859
6330888
2311148
2311144
2777744
2279999

2556669
2058869
2550867
2233887
3334477
1114447
1119999

5574449
5077449
5570666
2278611
2888611
2833311
2339999

5574449
5077449
5570333
2273311
2666811
2688811
2689999

2244889
2044389
2740388
2773311
6753511
6755511
6669999

6665559
6025859
6420888
4423338
4422733
1117777
1119999

5521119
5021119
5520388
7223386
7743886
7443666
7449999

5544889
5044789
5540788
3337711
6233711
6222211
6669999

5521119
5021119
5520333
7223386
7748886
7448666
7449999

5544889
5044689
5540688
7266611
7222211
7733311
7339999

5566639
5088639
5580633
7881113
7741112
7442222
7449999

5521119
5021119
5520447
8822447
6833477
6883337
6669999

6661119
6031119
6730555
2733545
2773844
2788844
2289999

5586669
5088869
5540862
7441112
7441112
7733322
7339999

2551119
2051119
2550388
2273386
4773886
4473666
4479999

2551119
2051119
2550333
2273386
4778886
4478666
4479999

5551119
5051119
3330444
8833744
6877772
6882222
6669999

5544889
5044389
5540388
2222336
2777736
1117666
1119999

5566639
5068839
5560833
2222883
2777744
1117444
1119999

3226669
3025569
3320567
8325577
8881117
4481117
4449999

2222449
2074449
5570388
5773386
5573886
1113666
1119999

5551119
5051119
6660722
6377772
6388442
3384442
3889999

2222449
2088449
5580433
5883336
5577776
1117666
1119999

2222889
2055389
4450388
4455336
4777736
1117666
1119999

2222449
2074449
5570333
5773386
5578886
1118666
1119999

2222889
2055589
3350588
7333666
7741116
7441116
7449999

3221119
3021119
3320666
7324886
7554486
7754488
7559999

3221119
3021119
3320666
8325556
8885756
4487777
4449999

3221119
3021119
3320557
8326577
8886557
4486667
4449999

3221119
3021119
3320444
7326844
7556888
7756668
7559999

5522229
5088329
5580311
4883311
4463711
4467777
6669999

5522229
5066629
5580611
8883611
8433711
4437777
4439999

2236669
2035569
2330567
2385577
8881117
8441117
4449999

6665559
7065859
7760888
7222248
7333244
1113344
1119999

2235559
2035659
2330611
2366611
4488711
4487777
4889999

5551119
5051119
6660442
6884442
6877772
8833722
3339999

5544439
5044339
5570388
7777386
2222886
1112666
1119999

2231119
2031119
2330444
2376844
5576888
5776668
5579999

2231119
2031119
2330666
2344886
5544486
5777788
5579999

2231119
2031119
2330557
2386577
8886557
8446667
4449999

2231119
2031119
2330666
2385556
8885756
8447777
4449999

2231119
2031119
2330666
2374886
5574486
5774488
5579999

7225559
7025859
7720888
7326668
4336111
4436111
4439999

3225559
3025859
3320888
7326668
7746111
7446111
7449999

7225559
7025859
7720888
7326668
3346111
3446111
3449999

6665559
6045859
6440888
2443338
2222733
1117777
1119999

5577779
5067889
5560832
6668832
1144332
1144322
1149999

5577779
5022749
5520344
8823344
6823111
6883111
6669999

2222119
2033119
3330117
8666557
8886577
4486557
4449999

2222119
2033119
3330118
7777888
6575844
6555444
6669999

2222119
2033119
3330118
7666888
7556844
7756444
7559999

2222119
2033119
3330117
8844557
6844577
6884557
6669999

2275559
2075859
2770888
2376668
3346111
3446111
3449999

2275559
2075859
2770888
2376668
4336111
4436111
4439999

2266639
2068839
2760833
2744883
7744111
5754111
5559999

2235559
2035859
2330888
2377778
6447111
6444111
6669999

2235559
2035859
2330888
2376668
4776111
4476111
4479999

2235559
2035859
2330888
2377778
6667111
6444111
6449999

2222449
5052449
5550347
1188377
1168337
1168837
6669999

5574449
5077449
5570388
2273386
2113886
2113666
2119999

2286669
2088869
2110867
2113557
4113577
4433557
4439999

5586669
5088869
5530867
2233477
2113447
2113447
2119999

5574449
5077449
5570333
2273386
2118886
2118666
2119999

5556669
5058869
3330867
2233887
2114477
2114447
2119999

3334449
8033449
8880666
2285556
2115756
2117777
2119999

3334449
8033449
8880557
2286577
2116557
2116667
2119999

2222119
5052119
5550117
6668477
6888447
6833447
3339999

2222119
5052119
5550117
6663477
6883447
6833447
8839999

6665559
6075859
6770888
2371148
2371144
2331144
2239999

6665559
3065859
3360888
2371148
2371144
2771144
2279999

6665559
6035859
6330888
2371148
2371144
2771144
2279999

2286669
2088869
2440867
2443557
1143577
1133557
1139999

6665559
7065859
7760888
7321148
7321144
3321144
3229999

6665559
3065859
3360888
7321148
7321144
7721144
7229999

6665559
6035859
6330888
7321148
7321144
7721144
7229999

