5557889
5057789
6667088
6327411
6324411
3324411
3229999

5557889
5057789
1117088
1117666
4422226
4433326
4339999

5557889
5057789
1117088
1117334
6233344
6222244
6669999

5558879
5058779
4488076
4433376
4332666
1112222
1119999

5557889
5057789
6667088
2367411
2364411
2334411
2239999

6664439
7064439
7764033
7822223
7888525
1118555
1119999

5566689
5068889
5568022
7111442
7111442
7733342
7339999

2255539
2058539
2888033
2877773
6111744
6111444
6669999

5544229
5044429
5533027
3338827
6111877
6111887
6669999

5566689
5068889
5568042
7111442
7111442
7733322
7339999

2777789
2078889
2338044
2233344
6111545
6111555
6669999

5557889
5057789
3227088
3327411
6324411
6324411
6669999

7777889
6073389
6333088
6665511
2222511
2445511
4449999

2222889
2075589
3775088
3375511
6374411
6344411
6669999

7777889
4075589
4465088
4465533
6663332
1112222
1119999

5522229
5023339
5533044
8811144
6811174
6887777
6669999

5566689
5068889
5568044
2311144
2311174
2337777
2239999

5557889
5057789
2237088
2337411
2364411
2364411
6669999

5571119
5071119
5577088
2273386
2333886
2444666
2449999

5551119
5051119
7777088
2273386
2333886
2444666
2449999

5571119
5071119
5577033
2273334
2666844
2688844
2689999

5551119
5051119
7777033
2273334
2666844
2688844
2689999

5544439
5074439
5577033
8871113
6871112
6882222
6669999

2777789
2078889
2558011
2253611
4553611
4433666
4439999

5522229
5023339
5586033
8886444
8666744
1117777
1119999

5571119
5071119
5577022
8874442
6833442
6883332
6669999

7881119
7081119
7788022
7554442
6533442
6553332
6669999

5566689
5068889
5568011
2344411
2344711
2337777
2239999

5551119
5051119
7777022
8874442
6833442
6883332
6669999

3226669
3025569
3325067
8325577
8881117
4481117
4449999

5551119
5051119
6667022
6377772
6388442
3384442
3889999

2222889
2033389
6337088
6777755
6664445
1114455
1119999

5571119
5071119
5577022
8873332
6833442
6884442
6669999

7881119
7081119
7788022
7553332
6533442
6554442
6669999

5551119
5051119
7777022
8873332
6833442
6884442
6669999

5551119
5051119
7777022
4786662
4488862
4433862
3339999

7881119
7081119
7788022
7444552
6443352
6333552
6669999

3881119
3081119
3388022
7344462
7554462
7756662
7559999

3881119
3081119
3388022
4377772
4465752
4465552
6669999

2222339
2033349
7777044
5756844
5556888
1116668
1119999

2222889
2044489
3344088
7333666
7551116
7751116
7559999

7881119
7081119
7788022
7333552
6443352
6444552
6669999

7881119
7081119
7788022
7333552
6663352
6444552
6449999

5571119
5071119
5577022
3376662
4333862
4488862
4489999

5551119
5051119
7777022
3376662
4333862
4488862
4489999

5522229
5023339
5533011
8844411
6844711
6887777
6669999

2236669
2035569
2335067
2385577
8881117
8441117
4449999

5551119
5051119
2222088
2777786
4447886
4433666
3339999

5551119
5051119
2222088
2777786
3337886
4433666
4449999

5551119
5051119
8844062
7844462
7886662
7733322
7339999

6777789
6078889
6668022
5553112
5453112
4433112
4439999

7777449
8074449
8886022
5586112
5666112
5533112
3339999

6777789
6078889
6668022
5544112
5444112
5533112
3339999

3881119
3081119
3388055
4377775
4462755
4462222
6669999

5544889
5044489
5533088
3332222
1166672
1167777
1169999

2222889
2066689
1163088
1163555
1133575
4437777
4449999

6777789
6078889
6668022
1144552
1144452
1133552
3339999

3334449
8033449
8887022
1187552
1167752
1167552
6669999

5544889
5044489
5533088
3337777
1166672
1162222
1169999

2255539
2058539
2888033
2877773
6447111
6444111
6669999

2255539
2058539
2888033
2876663
4776111
4476111
4479999

2255539
2058539
2888033
2877773
6667111
6444111
6449999

5557889
5057789
2117088
2117446
2114446
2233666
3339999

5557889
5057789
2117088
2117666
2114446
2233446
3339999

5554449
5057449
2117088
2117786
2117886
2233666
3339999

2222449
2083449
8883047
8113377
6115357
6115557
6669999

5556669
5053369
8333067
8884477
1184447
1122227
1129999

5556669
5053369
8333067
8884447
1184477
1122227
1129999

5556669
5058869
4448067
4488337
1133377
1122227
1129999

5544889
5044489
5533088
3337666
1177776
1122226
1129999

5554449
5054439
8666037
8886337
1186377
1122227
1129999

2288449
2083449
2883047
2113377
6115357
6115557
6669999

5522229
5026669
5533067
3338867
1144877
1144887
1149999

5522229
5023339
5511033
8811444
6811744
6887777
6669999

2236669
2038869
2338067
2388557
1144577
1144557
1149999

2255579
2058579
2888077
2833376
1144336
1144666
1149999

