5554449
5053449
1113307
1118377
6888327
6822227
6669999

5556669
5056889
1116807
1118877
4422227
4433327
4339999

6663339
6033229
6111207
8111277
8885257
4485557
4449999

2288449
2084449
2883307
2333557
6111577
6111557
6669999

5566689
5068889
5568402
7111442
7111442
7733322
7339999

6665559
7065359
7768302
7888332
7844432
1114422
1119999

2222449
2084449
8883307
8333557
6111577
6111557
6669999

5522229
5011129
5511107
6663477
6883447
6833447
8839999

5522229
5011129
5511107
6668477
6888447
6833447
3339999

6777789
6078889
6668505
4433555
4443332
1112222
1119999

6665559
7065359
7768302
7888332
7811132
4411122
4449999

5551119
5051119
2666807
2688877
2684447
2233447
3339999

3885559
3085659
3388607
2366677
2441117
2441117
2249999

7881119
7081119
7788505
7433555
4463332
4462222
6669999

7881119
7081119
7788505
7433555
6443332
6442222
6669999

5551119
5051119
3884407
3384477
6388427
6322227
6669999

6777789
6078889
6668505
2222555
2333444
1113344
1119999

3334449
7033449
7722505
7882555
7862111
8862111
6669999

5551119
5051119
2222307
2488377
4468337
4468837
6669999

5551119
5051119
2222307
2488377
6448337
6448837
6669999

5551119
5051119
6664402
6884442
6877772
8833722
3339999

6661119
6081119
6488802
7445852
7445552
7733322
7339999

6777789
6078889
6668505
2344555
2344111
2334111
2239999

6777789
6078889
6668505
2443555
2443111
2433111
2239999

2261119
2061119
2866607
2888557
3338577
4433557
4449999

2261119
2061119
2866607
2888557
4448577
4433557
3339999

3885559
3085659
3388604
2366644
2222744
1117777
1119999

3885559
3085659
3388607
2366677
2222447
1114447
1119999

2222449
2074449
7777505
6663555
6883111
6833111
8839999

3334449
8033449
8882207
1182557
1162577
1162557
6669999

2222449
2074449
7777505
6668555
6888111
6833111
3339999

5522229
5044429
5544307
1188377
1168337
1168837
6669999

5522229
5066629
5568807
1168477
1188447
1133447
3339999

6664449
7062449
7762505
7882555
7822111
8833111
3339999

5554449
5052449
2222307
1188377
1168337
1168837
6669999

6777789
6078889
6668505
2222555
4442111
4433111
3339999

6777789
6078889
6668505
2222555
3332111
4433111
4449999

2556669
2056889
2556804
2278844
1173344
1177333
1179999

7777449
2074449
2222505
6668555
6888111
6833111
3339999

7777449
2074449
2222505
6663555
6883111
6833111
8839999

5556669
5056889
2116807
2118877
2114447
2233447
3339999

2222449
2083449
8883407
8113377
6115357
6115557
6669999

7885559
7085359
7788302
7114332
6114432
6114422
6669999

2288449
2083449
2883407
2113377
6115357
6115557
6669999

