6777739
6072239
6662330
5552311
5452811
4488811
4489999

6663339
6033279
6222270
1118877
1118575
4488555
4449999

2222339
2033389
1118880
1118666
7777446
5754446
5559999

2222339
2033389
1118880
1118555
6444575
6447777
6669999

2222449
5052449
5558640
7888611
7866611
7733311
7339999

5556669
5054269
8844260
7844211
7882211
7733311
7339999

5522229
5026669
5546880
7446811
7448811
7733311
7339999

2286669
2088869
2111860
2111755
4477775
4433355
4339999

2286669
2088869
2111860
2111334
5533344
5777744
5579999

2556669
2058869
2558760
2288711
4447711
4433711
3339999

2556669
2058869
2558760
2288711
3337711
4433711
4449999

2336669
2033369
2777760
2275511
4488511
4485511
4889999

2336669
2033369
2884460
2284411
5588411
5777711
5579999

6664449
3064489
3368880
2358511
2355511
2777711
2279999

6663339
6033449
6755440
2775411
2755811
2788811
2289999

6664439
6044439
6755330
2775311
2755811
2788811
2289999

6664449
6034489
6338880
2358511
2355511
2777711
2279999

5522229
5023889
5573380
7777388
6111344
6111444
6669999

5577779
5088739
5582330
4882311
4462311
4462211
6669999

2444889
2044879
2338870
2233377
6111575
6111555
6669999

5586669
5088869
5544860
7444211
7222211
7733311
7339999

5556669
5052269
8844260
7844211
7884211
7733311
7339999

2211169
2011169
2736660
2738844
7733844
5753884
5559999

2211169
2011169
2886660
2487777
4488575
4433555
3339999

2211139
2011139
2744330
2744386
7748886
5758666
5559999

2211139
2011139
2555330
2575386
4778886
4478666
4479999

2211169
2011169
2886660
2387777
3388575
3444555
3449999

2211169
2011169
2786660
2788844
7733844
5753334
5559999

5511129
5011129
5533320
7336822
7746888
7446668
7449999

2222449
2083449
8883340
8555311
6575311
6777711
6669999

5511169
5011169
5576660
8777733
8883332
4482222
4449999

2222339
2033389
5558880
5758611
7777611
4466611
4449999

2222559
2066659
8864550
7864411
7884411
7733311
7339999

2222869
2088869
3386660
7333411
7554411
7754411
7559999

3336669
7033869
7788860
7585444
7555442
1112222
1119999

6663339
6033889
6455580
4457588
4477772
1112222
1119999

7886669
7085569
7788560
7445533
4443332
1112222
1119999

5522229
5024439
5544430
8811133
6811173
6887777
6669999

6777789
6078889
6668220
5544211
5444211
5533211
3339999

7777449
8074449
8886220
5586211
5666211
5533211
3339999

6777789
6078889
6668220
5553211
5453211
4433211
4439999

2556669
2056889
2556830
2278833
7777443
1114443
1119999

5566649
5067449
5567440
2237711
2337811
2388811
2389999

6777789
6078889
6668330
2233311
2554411
2544411
2559999

3335529
7033529
7745520
7446822
7446888
1116668
1119999

3777729
3074429
3344420
5356822
5556888
1116668
1119999

6777739
6078839
6668330
2288311
2554411
2544411
2559999

7885559
7085259
7788230
7446233
4446223
1116663
1119999

5522229
5021119
5541110
7448666
7448886
7733386
7339999

5522229
5021119
5531110
8837777
6833744
6883444
6669999

2266689
2068889
2768330
2733311
7744411
5754411
5559999

2288449
2083449
2883340
2555311
6575311
6777711
6669999

2266639
2068839
2768330
2788311
7744411
5754411
5559999

2288449
2038449
2338840
2355511
6357511
6777711
6669999

2277779
2035759
2335550
2388411
6384411
6884411
6669999

5521119
5021119
5528830
7226833
7746883
7446663
7449999

5521119
5021119
5523330
7226833
7746888
7446668
7449999

5586669
5088869
5544860
7244411
7222211
7733311
7339999

5588449
5068449
5568840
7266611
7222211
7733311
7339999

7777449
8074449
8881110
2281116
2553336
2533666
2559999

5522229
5074429
5574430
8877433
6871113
6881113
6669999

5526669
5026889
5526830
7228833
7741113
7441113
7449999

5586669
5088869
5533860
3332444
2222744
1117777
1119999

7777559
6073359
6333550
6662884
2222844
1118844
1119999

7777559
2073359
2333550
2881116
2281116
4488666
4449999

3336669
4033869
4488860
4482555
2222575
1117777
1119999

5551119
5051119
7777330
2733386
2448886
2448666
2249999

5551119
5051119
3377770
2333786
2448886
2448666
2249999

5566689
5068889
5568230
7222233
7741113
7441113
7449999

2556669
2056889
2556830
2278833
4771113
4471113
4479999

2551119
2051119
2553330
2276833
4776888
4476668
4479999

2551119
2051119
2558830
2276833
4776883
4476663
4479999

5588449
5078449
5578840
2377666
2371116
2331116
2239999

5551119
5051119
4477770
4488733
6483332
6882222
6669999

3227559
3027759
3327550
8327666
8881116
4481116
4449999

3224449
3024489
3328880
7328666
7551116
7751116
7559999

2222449
2074449
5578830
5776833
5576883
1116663
1119999

2222339
2033389
6668880
6448555
6444575
1117777
1119999

2222339
2033379
6664470
6844477
6888575
1118555
1119999

2222339
2033389
5558880
5758666
7777446
1114446
1119999

2222339
2033389
4448880
7448666
7551116
7751116
7559999

2222339
2033389
5578880
5778666
5571116
4471116
4449999

2222339
2033389
7558880
7758666
7551116
7441116
4449999

2222339
2033389
4448880
4478666
5571116
5771116
5579999

2222449
2074449
5573330
5776833
5576888
1116668
1119999

3221119
3021119
3326660
7326884
7556844
7758844
7559999

3221119
3021119
3324440
7324486
7558886
7758666
7559999

3221119
3021119
3326660
8326555
8886575
4487777
4449999

3221119
3021119
3327550
8327756
8887556
4487666
4449999

5522229
5033329
5586330
8886444
8666744
1117777
1119999

2234449
2034489
2338880
2378666
5571116
5771116
5579999

2237559
2037759
2337550
2387666
8881116
8441116
4449999

2556669
2056889
2556380
2273388
4773111
4473111
4479999

5561119
5061119
5566630
7222233
7288443
7784443
7889999

7777559
6073359
6333550
6668844
2222844
1112884
1119999

5544429
5074429
5577320
8873322
6873111
6883111
6669999

5586669
5088869
5533860
3337777
2222744
1112444
1119999

5544729
5044729
5547720
6663722
6883111
6833111
8839999

5544729
5044729
5547720
6668722
6888111
6833111
3339999

3336669
4033869
4488860
4487777
2222575
1112555
1119999

6661119
6071119
6777730
8222233
8885253
4485553
4449999

2231119
2031119
2336660
2376884
5576844
5778844
5579999

2231119
2031119
2336660
2386555
8886575
8447777
4449999

2231119
2031119
2337550
2387756
8887556
8447666
4449999

2231119
2031119
2334440
2374486
5578886
5778666
5579999

6661119
7061119
7768830
7555833
7525883
4422223
4449999

6661119
7061119
7763330
7555833
7525888
4422228
4449999

3885559
3085659
3388640
2366644
2222744
1117777
1119999

5522229
5024449
5534470
8837777
6833111
6883111
6669999

2777789
2078889
2558110
2253116
4553116
4433666
4439999

2222449
2084449
8883330
8777733
6575111
6555111
6669999

7885559
7085359
7788330
7222236
1144236
1144666
1149999

5544429
5044829
5588820
1187226
1177776
1133666
3339999

6663339
6033119
6755110
2775114
2755844
2788844
2289999

5526669
5026889
5526380
7223388
7743111
7443111
7449999

2222339
2033379
1166670
1168877
1168575
4488555
4449999

5522229
5044429
5534470
8837777
6833111
6883111
6669999

2222869
2088869
4486660
4443555
1133575
1137777
1139999

5524449
5028449
5528880
1122786
1177776
1133666
3339999

2288119
2087119
2887110
2447755
6447335
6433355
6669999

2288119
2086119
2886110
2666334
5533344
5777744
5579999

2288119
2086119
2886110
2666755
4477775
4433355
4339999

2288119
2086119
2886110
2336664
5533344
5777744
5579999

5577779
5087229
5588820
1144826
1144426
1133666
3339999

7777119
8076119
8886110
5586664
5222244
5533244
3339999

5544119
5044119
5548110
7888666
7822226
7733326
7339999

2222119
2055119
6665110
6355444
6388744
3387777
3889999

2222119
2086119
8886110
8666334
5533344
5777744
5579999

2222119
2087119
8887110
8447755
6447335
6433355
6669999

2222119
2044119
3444110
3777786
3378886
5358666
5559999

2222119
2033119
3334110
8844555
6844575
6887777
6669999

2222119
2086119
8886110
8666755
4477775
4433355
4339999

2222119
2086119
8886110
8336664
5533344
5777744
5579999

2288449
2084449
2883330
2777733
6575111
6555111
6669999

2556669
2056889
2556840
2278844
1173344
1177333
1179999

5552119
5052119
3882110
3382244
6388744
6377774
6669999

2556669
2058869
2553860
2273884
1173344
1177344
1179999

2556669
2056889
2556830
2278833
1174443
1177443
1179999

2556669
2056889
2556830
2278833
1177443
1174443
1179999

2777789
2078889
2338550
2233356
1144556
1144666
1149999

2222889
5052839
5558830
1144433
1164473
1167777
6669999

2222889
5052879
5558870
1144776
1144476
1133666
3339999

2444119
2044119
2333110
2273386
5578886
5778666
5579999

5577779
5022789
5528880
1128666
1124446
1133446
3339999

5577779
5022789
5528880
1128446
1124446
1133666
3339999

5522119
5032119
5532110
7332666
7388446
7784446
7889999

7885559
7085359
7788330
7224436
1124436
1124666
1129999

5511449
5011449
5511840
7777888
6273338
6222233
6669999

6777789
6078889
6668330
2233355
2114445
2114455
2119999

5574449
5077449
5578830
2276833
2116883
2116663
2119999

5566679
5063779
5563370
2288374
2118344
2118844
2119999

5544479
5044779
5538870
2233876
2113886
2113666
2119999

6663339
6033889
6777780
2275588
2115444
2115544
2119999

5552119
5052119
6662110
6322444
6388744
3387777
3889999

6777739
6078839
6668330
2288355
2114445
2114455
2119999

7886669
7085569
7788560
7335544
1133344
1122224
1129999

5574449
5077449
5573330
2276833
2116888
2116668
2119999

3334449
8033449
8886660
2286555
2116575
2117777
2119999

3334449
8033449
8887550
2287756
2117556
2117666
2119999

5576669
5077369
5573360
2273884
2113844
2118844
2119999

5522229
5011729
5511770
8811744
6833744
6883334
6669999

2222119
5052119
5558110
7338886
7733386
7444666
7449999

5586669
5088869
5511860
2311444
2311744
2337777
2239999

5511229
5011239
5511230
8844233
6844473
6887777
6669999

5522229
5033329
5511330
8811444
6811744
6887777
6669999

2286669
2088869
2311860
2311555
3311575
3447777
4449999

5522229
5021139
5581130
8881133
8466673
4467777
4469999

2286669
2088869
2444860
2443555
1133575
1137777
1139999

2236669
2038869
2338760
2388755
1144775
1144755
1149999

2286669
2088869
2555860
2575333
1173344
1177444
1179999

2255579
2058579
2888770
2833376
1144336
1144666
1149999

2286669
2088869
2555860
2575444
1173344
1177333
1179999

