2222889
3052589
3355588
0344411
6374411
6777711
6669999

5553889
5053789
2233788
0237711
6244711
6244411
6669999

5553889
5053389
7777388
0744311
6444211
6222211
6669999

3334449
8033449
8887777
0585711
6555211
6222211
6669999

5577779
5044739
5544433
0111883
6111283
6222288
6669999

5544229
5044429
5533327
0338827
6111877
6111887
6669999

3334449
8033449
8886662
0785562
7777562
1115522
1119999

3777789
3078889
3358522
0355542
6111442
6111442
6669999

5556669
5058869
7777862
0733882
3334442
1114422
1119999

3227559
3027759
3327558
0327888
6111844
6111444
6669999

3224889
3024489
3324488
0327777
6111575
6111555
6669999

3224449
3024489
3328887
0328557
6111577
6111557
6669999

3225559
3025759
3327777
0328844
6111844
6111884
6669999

2222339
2033389
4448887
0448557
6111577
6111557
6669999

2222889
2044489
3344788
0333755
6111775
6111755
6669999

2222889
2011189
3311188
0333666
7777446
5754446
5559999

2222889
2011189
3311188
0333555
6444575
6447777
6669999

5522229
5011129
5511188
0777786
4447886
4433666
3339999

5522229
5011129
5511188
0777786
3337886
4433666
4449999

2222889
2044489
3344688
0333611
5566611
5777711
5579999

5511139
5011139
5588337
0448377
6448827
6422227
6669999

5527889
5027789
5527688
0227611
4466611
4433311
4339999

5566639
5068839
5568433
0788443
7777442
1112222
1119999

5566689
5068889
5568444
0333744
3377772
1112222
1119999

5566689
5068889
5568444
0733344
7777332
1112222
1119999

6661119
6021119
6822227
0888557
4448577
4433557
3339999

6661119
6021119
6822227
0888557
3338577
4433557
4449999

2222889
5052879
5558877
0411176
4411176
4433666
3339999

2222889
5052879
5558877
0311176
3311176
3444666
3449999

5553889
5053389
7777388
0744311
6244411
6222211
6669999

3444889
3044789
3355788
0357711
6255711
6222211
6669999

6665559
6075859
6377888
0371118
3371112
3442222
4449999

5521119
5021119
5527777
0322786
3348886
3448666
3449999

5521119
5021119
5527777
0322786
4338886
4438666
4439999

5566689
5068889
5568722
0377772
3341112
3441112
3449999

5566689
5068889
5568722
0377772
4331112
4431112
4439999

5588449
5038449
5538842
0331112
6371112
6777722
6669999

3885559
3085659
3388611
0366611
2222711
2447777
4449999

5522229
5088729
5587777
0881116
3331116
4433666
4449999

5522229
5088729
5587777
0881116
4441116
4433666
3339999

2222889
3052589
3355588
0371116
4371116
4477666
4479999

5531119
5031119
5533887
0443877
6448827
6422227
6669999

2222449
2074449
5577388
0573386
5573886
1113666
1119999

2222889
2066689
7777688
0733655
3334445
1114455
1119999

3881119
3081119
3388422
0374462
5574462
5776662
5579999

3881119
3081119
3388422
0376442
5576442
5776662
5579999

2222449
2074449
5577333
0573386
5578886
1118666
1119999

3886669
3085569
3388567
0325577
4421117
4421117
4229999

5558839
5058339
2288311
0244311
6244711
6247777
6669999

5566639
5068839
5568233
0788243
7777244
1112244
1119999

3444889
3044689
3322688
0372666
5572111
5772111
5579999

5566679
5088679
5583677
0883374
2222344
1112344
1119999

5551119
5051119
7777862
0788862
4486662
4433322
4339999

3885559
3085759
3388711
0347711
6442711
6442222
6669999

6661119
6081119
6788832
0744832
7744332
5754322
5559999

5551119
5051119
7777388
0723386
4423886
4423666
4229999

5551119
5051119
7777333
0723386
4428886
4428666
4229999

3881119
3081119
3388557
0326577
4426557
4426667
4229999

3881119
3081119
3388666
0325556
4425756
4427777
4229999

2222889
5052839
5558837
0446337
4446377
1116667
1119999

2222889
5052389
5557388
0447336
4447736
1117666
1119999

3881119
3081119
3388446
0374446
5572666
5772222
5579999

3881119
3081119
3388666
0374446
5572446
5772222
5579999

5551119
5051119
7777844
0788844
6283334
6222233
6669999

2222889
2033849
3338844
0777744
6575111
6555111
6669999

2222339
2033349
7777844
0788844
6585111
6555111
6669999

5544889
5044489
5533388
0332222
1166672
1167777
1169999

2222869
2088869
3386667
0333557
1144577
1144557
1149999

2222889
5052689
5557688
0377666
3347111
3447111
3449999

2222889
5052689
5557688
0377666
4337111
4437111
4439999

5544889
5044489
5533388
0337777
1166672
1162222
1169999

3777789
3078889
3358544
0355544
1166642
1162222
1169999

2222119
2033119
3338117
0888557
6844577
6444557
6669999

2222119
2033119
3337118
0557888
6577844
6557444
6669999

5558879
5058279
3388277
0333276
1144226
1144666
1149999

5553119
5053119
8833112
0832222
6887444
6777744
6669999

5586669
5088869
5533867
0223337
1124477
1124447
1129999

6777789
6078889
6668344
0223344
1123545
1123555
1129999

6444889
6044839
6668833
0225553
1125753
1127777
1129999

5536669
5038869
5533867
0223887
1124477
1124447
1129999

5566639
5068839
5567833
0227883
1127744
1127444
1129999

5544889
5044389
5547388
0227336
1127736
1127666
1129999

6777789
6078889
6668333
0223355
1124445
1124455
1129999

5544889
5044839
5548837
0226337
1126377
1126667
1129999

6444889
6044389
6663388
0223555
1123575
1127777
1129999

6663119
6033119
6738112
0738882
7744482
5754422
5559999

5553119
5053119
8833112
0834442
6887442
6777722
6669999

3444119
3044119
3368112
0368882
5566682
5777722
5579999

5586669
5088869
5544867
0444337
1133377
1122227
1129999

2222889
5052839
5558833
0114443
6114473
6117777
6669999

2222889
5052389
5553388
0113444
6113744
6117777
6669999

6444119
6044119
6668112
0338882
5533382
5777722
5579999

5544889
5044489
5533388
0337666
1177776
1122226
1129999

5566689
5068889
5568447
0334447
1133377
1122227
1129999

5544889
5044869
5548867
0336667
1133377
1122227
1129999

5522229
5023339
5544833
0444888
1166678
1167777
1169999

5522229
5028839
5544833
0444883
1166673
1167777
1169999

5522229
5026669
5533367
0338867
1144877
1144887
1149999

5558839
5058739
2288733
0211773
6211744
6211444
6669999

5553889
5053389
2211388
0211344
6211744
6277774
6669999

5522229
5074429
5574488
0773486
1173886
1133666
1139999

5522229
5088729
5587777
0883666
1133446
1134446
1139999

3222279
3055279
3358877
0355876
1144886
1144666
1149999

7777889
3071189
3321188
0321155
6324445
6224455
6669999

5551139
5051139
8821133
0822223
6887444
6777744
6669999

