6777789
6078889
6668333
5053344
5552444
1112222
1119999

7885559
7085459
7788446
7033446
3332666
1112222
1119999

5522229
5023339
5533666
7088611
7748611
7448811
7449999

5522229
5023339
5566633
7088611
7748611
7448811
7449999

6777789
6078889
6668444
5053344
5552333
1112222
1119999

2288449
2084449
2883337
2033557
6111577
6111557
6669999

2275559
2075859
2773888
2073348
6111344
6111344
6669999

2274439
2074439
2778433
2078883
6111585
6111555
6669999

5552889
5052789
6662788
6022774
6333744
1113344
1119999

3334449
8033449
8882666
7082611
7552611
7752211
7559999

7225559
7025859
7723888
7023348
6111344
6111344
6669999

7224439
7024439
7728433
7028883
6111585
6111555
6669999

5556669
5058869
2222867
2033887
3334477
1114447
1119999

2211179
2011179
2558877
2053876
4553886
4433666
4439999

2222339
2033389
5558887
5058477
6111447
6111447
6669999

2222339
2033379
5557777
5058844
6111844
6111884
6669999

2222449
2084449
8883337
8033557
6111577
6111557
6669999

7884439
7084439
7788433
7022223
6111525
6111555
6669999

6777789
6078889
6668322
5053342
5553442
1113442
1119999

6777789
6078889
6668322
5054332
5554432
1114432
1119999

5511179
5011179
5538877
2033876
2443886
2443666
2249999

5522229
5023339
5511133
7011186
7748886
7448666
7449999

5554439
5054439
6668433
6078883
6777782
1112222
1119999

2222889
5052879
5558877
4011176
4411176
4433666
3339999

2234449
2033449
2883666
2083611
5588611
5777711
5579999

6777739
6078839
6662833
5052883
5552444
1112244
1119999

3334449
8033449
8881116
7081116
7552666
7752222
7559999

3334449
2033449
2222666
7088611
7558611
7758811
7559999

5551119
5051119
3337777
2033786
2448886
2448666
2249999

5571119
5071119
5577333
2073386
2448886
2448666
2249999

5551119
5051119
7777333
2073386
2448886
2448666
2249999

5571119
5071119
5577388
2073386
2443886
2443666
2249999

5551119
5051119
7777388
2073386
2443886
2443666
2249999

3334449
8033449
8886111
7086111
7556662
7752222
7559999

5566689
5068889
5568111
7033111
7743332
7442222
7449999

5566639
5068839
5568337
2088377
2441117
2441117
2249999

5566689
5068889
5568337
2033377
2441117
2441117
2249999

2222449
2074449
7777388
5053386
5553886
1113666
1119999

2222449
2074449
5577388
5073386
5573886
1113666
1119999

2222889
2055789
6665788
6055774
6333744
1113344
1119999

3334449
8033449
8882222
7082666
7551116
7751116
7559999

2222559
2033359
6337558
6077888
6667844
1117444
1119999

2222889
2033869
3338867
5056667
5554477
1114447
1119999

2222889
2033879
3338877
5054476
5554476
1114666
1119999

2222449
2033449
3337488
5057786
5557886
1117666
1119999

2222889
2033689
3337688
5057666
5557744
1117444
1119999

2222449
2033449
3338847
5056877
5556887
1116667
1119999

2222889
2033789
3337788
5056744
5556744
1116664
1119999

2222889
2044489
3334488
7033666
7551116
7751116
7559999

2222449
2074449
7777333
5053386
5558886
1118666
1119999

2222449
2074449
5577333
5073386
5578886
1118666
1119999

2222889
2074489
3774488
3074666
3371116
5351116
5559999

6222239
6055239
6665337
8055377
8881117
4481117
4449999

7336669
7033369
7722565
7082555
8882111
8442111
4449999

3334449
8033449
8882211
7082611
7552611
7752666
7559999

5551119
5051119
2222333
2073386
4778886
4478666
4479999

5551119
5051119
2222388
2073386
4773886
4473666
4479999

6661119
6071119
6777782
5058882
5558332
4433322
4449999

5551119
5051119
6777782
6078882
6668332
4433322
4449999

6661119
6071119
6777732
5058832
5558332
4488322
4449999

5551119
5051119
6777732
6078832
6668332
4488322
4449999

5566639
5068839
5567833
2077883
2447111
2447111
2249999

5566639
5068839
5568334
2088344
2222744
1117777
1119999

5566639
5068839
5568337
2088377
2222447
1114447
1119999

7884439
7084439
7788433
7022223
6525111
6555111
6669999

5566689
5068889
5568334
2033344
2222744
1117777
1119999

5566689
5068889
5568337
2033377
2222447
1114447
1119999

7777449
2074449
2222388
5053386
5553886
1113666
1119999

7777449
2074449
2222333
5053386
5558886
1118666
1119999

5566689
5068889
5568112
7044112
7444112
7733322
7339999

2222439
2084439
8884433
8076663
5576111
5776111
5579999

6777739
6078839
6662833
5052883
5552111
4422111
4449999

7885559
7085359
7788332
7066632
1144632
1144622
1149999

3334449
8033449
8882222
7086662
7556111
7756111
7559999

7885559
7085659
7788632
7066632
1144332
1144322
1149999

2222449
2086449
8886455
8076665
1173355
1177333
1179999

2288119
2083119
2883117
2043377
6445357
6445557
6669999

2288119
2083119
2883117
2033477
6535447
6555447
6669999

2222119
2083119
8883117
8033477
6535447
6555447
6669999

2222119
2083119
8883117
8043377
6445357
6445557
6669999

2288439
2084439
2884433
2076663
5576111
5776111
5579999

2255539
2057539
2777733
2086663
8886111
8446111
4449999

5511889
5011689
5511688
7066633
7743332
7442222
7449999

5511889
5011689
5511688
7033666
7743332
7442222
7449999

3334449
8033449
8881122
7081162
7551162
7756662
7559999

2288449
2086449
2886455
2076665
1173355
1177333
1179999

7885559
7085359
7788332
7041132
6441132
6441122
6669999

3334449
8033449
8886662
7081162
7551162
7751122
7559999

