4446889
4406289
0666288
7111255
7111225
7733355
7339999

2222889
2505689
0555688
7111666
7111444
7733344
7339999

2222889
2505789
0555788
6667711
6333711
6443311
4449999

2222449
2804449
0888666
3338611
5533611
5777711
5579999

4445559
4405759
0337777
2233311
2666811
2688811
2689999

4455889
4405789
0455788
3337711
6233711
6222211
6669999

4455889
4405689
0455688
7266611
7222211
7733311
7339999

4441119
4401119
0755588
2753586
2773886
2733666
2239999

4445559
4405859
0788811
2783611
2773611
2733666
2239999

4455889
4405389
0455388
2222336
2777736
1117666
1119999

2222449
2304449
0388557
3386577
3886557
1116667
1119999

2222449
2304449
0388666
3385556
3885756
1117777
1119999

4422229
4403329
0486333
8886555
8666575
1117777
1119999

4477779
4407339
0433311
8855511
6852511
6882222
6669999

4441119
4401119
0333862
3388862
5586662
5777722
5579999

3666449
3306449
0386411
7388811
7552811
7752222
7559999

2222889
5502839
0568833
5564443
6664473
1117777
1119999

2222889
5502389
0563388
5563444
6663744
1117777
1119999

4477779
4405759
0435552
8832222
6833111
6883111
6669999

2222119
2505119
0555117
6663477
6883447
6833447
8839999

2222119
2505119
0555117
6668477
6888447
6833447
3339999

2222449
2505449
0555347
1188377
1168337
1168837
6669999

3666119
3306119
0386117
2388877
2445857
2445557
2249999

4443889
4403389
0116388
2116355
2116665
2777755
2279999

4422119
4402119
0432117
8832557
6833577
6883557
6669999

4446669
4406559
0116522
7118552
7118882
7733382
7339999

4445559
4405759
0337777
2233386
2118886
2118666
2119999

2222119
3302119
0333118
7666888
7556844
7756444
7559999

2222119
3302119
0333118
7777888
6575844
6555444
6669999

2222119
3302119
0333117
8844557
6844577
6884557
6669999

2222119
3302119
0333117
8666557
8886577
4486557
4449999

3666119
3306119
0386114
7388844
7552844
7752222
7559999

4422229
4403329
0411333
8811555
6811575
6887777
6669999

2222639
8802639
0866633
7881143
7551144
7751144
7559999

