4422229
4403329
4666333
7605511
7688511
7785511
7889999

7333889
7703389
7555288
7505211
6444211
6442211
6669999

7333889
7703389
7554488
7504411
6554211
6222211
6669999

2557889
2507789
2557688
2207611
4466611
4433311
4339999

4333889
4403389
4466688
2505611
2555611
2777711
2279999

7333889
7703389
7555288
7505244
6111244
6111224
6669999

2333559
2803359
2888557
2208477
6111447
6111447
6669999

2777739
2807339
2888344
2208344
6111545
6111555
6669999

7333889
7703389
7222288
7205511
6444511
6445511
6669999

2222889
2505789
3555788
3307711
6344711
6344411
6669999

7333889
7703389
7224488
7204411
6254511
6255511
6669999

6661119
6801119
6888557
2208577
2433557
2443337
2449999

6555889
6505489
6664488
7204411
7222211
7733311
7339999

4466639
4408639
4888633
7801113
7551112
7752222
7559999

6661119
6201119
6288555
7208545
7228844
7733344
7339999

2222449
2505449
7555411
7703611
7883611
7833666
8839999

2222449
2505449
7555411
7708611
7888611
7833666
3339999

6222289
6208889
6668111
7505111
7555444
7733344
7339999

6222289
6208889
6668111
5507111
5777744
5533444
3339999

4445559
4405259
7222211
7703611
7883611
7833666
8839999

4445559
4405259
7222211
7708611
7888611
7833666
3339999

6661119
6701119
6755322
7705332
4755832
4488832
4489999

4441119
4401119
6662222
6302555
6388575
3387777
3889999

6661119
6801119
6888557
3308577
4333557
4422227
4429999

7555889
7505689
7722688
7302666
4332111
4432111
4439999

3555889
3505689
3322688
7302666
7742111
7442111
7449999

7555889
7505689
7722688
7302666
3342111
3442111
3449999

1155889
1105389
1155388
2207336
2777736
2444666
2449999

7333889
7703389
7555488
7505446
2222446
1112666
1119999

4455889
4405689
4755688
2703666
2773111
2733111
2239999

4441119
4401119
2222557
8802577
6833557
6883337
6669999

8877779
3805759
3885552
3302222
6344111
6444111
6669999

6661119
6801119
6888555
7208545
7222244
7733344
7339999

6222239
6208839
6667833
4407883
4477111
5457111
5559999

4333889
4403389
4422788
1102755
1162775
1162755
6669999

2222119
2505119
7555114
7703644
7883644
7833666
8839999

2222119
2505119
7555114
7708644
7888644
7833666
3339999

6665559
6805459
6888442
1108442
1177772
1133722
3339999

2666739
2607739
2655733
2205743
1155844
1188844
1189999

6555119
6505119
6667118
2307888
2377844
2337444
2239999

2666889
2604489
2644488
2203555
1133575
1137777
1139999

1122229
1103329
1155333
8805444
6855744
6887777
6669999

2222889
4402839
4448833
1105553
1165753
1167777
6669999

2222889
4402389
4443388
1103555
1163575
1167777
6669999

1122229
1104429
1144455
8803335
6833755
6887777
6669999

8822119
3802119
3882117
3302557
6344577
6444557
6669999

7333889
7703389
7555688
7505644
1166644
1122224
1129999

6555889
6505839
6668833
2204443
2114473
2117777
2119999

6664449
6804439
6888337
2208377
2115357
2115557
2119999

6555889
6505389
6663388
2203444
2113744
2117777
2119999

2222119
3802119
3888117
3308557
6344577
6444557
6669999

