7333889
7703389
7222288
7550211
6544411
6554411
6669999

6665559
6305759
6388774
3380744
3882744
1112222
1119999

6664479
6304479
6388477
3380575
3882555
1112222
1119999

7333889
7703389
7442288
7440211
6545211
6555211
6669999

7333889
7703389
7255588
7250511
6244411
6224411
6669999

6665559
6305259
6388244
3380244
3882274
1117777
1119999

2377779
2305759
2335558
2230888
6111844
6111444
6669999

2388449
2308449
2338847
2230557
6111577
6111557
6669999

6222289
6208889
6668557
4440577
4433557
1113337
1119999

7222289
7208889
7738555
7330545
6311144
6311144
6669999

7333889
7703389
7445588
7440511
6245511
6222211
6669999

6665559
6305859
6388844
3380244
3222274
1117777
1119999

6222289
6208889
6668111
3330111
5533444
5777744
5579999

6222289
6208889
6668111
5570111
5777744
5533444
3339999

6661119
6701119
6755322
7750332
4755832
4488832
4489999

1155889
1105389
1155388
2270336
2777736
2444666
2449999

4441119
4401119
2222666
2330886
5533386
5777788
5579999

7777559
6703359
6333558
6660888
2222844
1112444
1119999

4441119
4401119
8855562
7850562
7886662
7733322
7339999

4441119
4401119
7777666
5570886
5222286
5533288
3339999

4477779
4407339
8433322
8880112
6585112
6555112
6669999

1177779
1107339
1133344
8850544
6855542
6882222
6669999

6662279
6505279
6555277
3330274
1133844
1188844
1189999

6662279
6505279
6555277
1180274
1188844
1133844
3339999

1177779
1105759
1135552
8830442
6833442
6883422
6669999

2666739
2607739
2655733
2250743
1155844
1188844
1189999

1122229
1103329
1155333
8850444
6855744
6887777
6669999

2222889
4402879
4448877
1150576
1155576
1133666
3339999

1122229
1108829
1133855
3330885
6444755
6447777
6669999

1122229
1104429
1134447
8830557
6833577
6883557
6669999

1177779
1107559
1133356
8330556
8882666
4482222
4449999

1155889
1105789
1155788
3330774
6233744
6222244
6669999

7333889
7703389
7222288
7110255
6114445
6114455
6669999

6555889
6505789
6667788
3330744
1133744
1122224
1129999

6555449
6505449
6668847
3330877
1133887
1122227
1129999

2222119
3302119
8333117
8880477
6585447
6555447
6669999

