4445579
4405779
1115572
1118072
6888332
6833322
6669999

7555889
7505389
7743388
7443011
6443211
6222211
6669999

4422229
4403329
4111333
7111086
7558886
7758666
7559999

6665559
6305859
6388844
3387044
3777742
1112222
1119999

2554449
2504479
2557777
2233086
3338886
1118666
1119999

4445559
4405759
3337777
2233011
2666811
2688811
2689999

7333889
7703389
7445588
7445011
6245511
6222211
6669999

4441119
4401119
2777788
2575086
2555886
2233666
3339999

2333559
2803359
2888557
2248077
6441117
6441117
6669999

4441119
4401119
6662222
6882055
6877775
8833755
3339999

6661119
6301119
6322224
3328044
3888744
5857777
5559999

6661119
6301119
6322227
3328077
3888447
5854447
5559999

4441119
4401119
6665552
6885052
6877772
8833722
3339999

6661119
6801119
6888552
7448052
7444552
7733322
7339999

4441119
4401119
8777732
8887032
6585332
6555322
6669999

7777439
8704439
8884433
1185053
1165552
1162222
6669999

4777739
4407839
4488833
1185053
1165552
1162222
6669999

1122229
1103329
1144333
7444086
7558886
7758666
7559999

4445559
4405759
3337777
2233086
2118886
2118666
2119999

6665559
6705359
6711332
7711032
4711832
4488822
4489999

