2222889
2705589
7777588
1115506
1113336
4433666
4449999

7777889
2705589
2222588
1115506
1113336
4433666
4449999

7555639
7505639
7766633
7111803
4111888
4422228
4429999

6222289
6208889
6668555
7111505
7111444
7733344
7339999

6555449
6505449
6668842
7111802
7111882
7733322
7339999

6555889
6505839
6668833
2211103
2411173
2447777
2449999

6555889
6505789
6667788
2222704
2333744
1113344
1119999

4441119
4401119
8666322
8886302
5586332
5777732
5579999

4445559
4405859
2237888
2337708
2367111
2367111
6669999

1155889
1105689
1155688
7266604
7222244
7733344
7339999

1166639
1104639
1144633
2244803
2557888
2577778
2559999

6661119
6801119
6888552
7448502
7444552
7733322
7339999

4445559
4405859
6667888
2367708
2367111
2337111
2239999

1144439
1104439
1155533
8857503
6877772
6882222
6669999

4445559
4405859
3227888
3327708
6327111
6327111
6669999

1155449
1105449
1155247
6663207
6883277
6833227
8839999

1155449
1105449
1155247
6668207
6888277
6833227
3339999

7222289
7208889
7738555
7433505
4463111
4463111
6669999

7222289
7208889
7738555
7433505
6443111
6443111
6669999

7222289
7208889
7738555
7334505
6344111
6344111
6669999

2222449
2704449
7777555
6663505
6883111
6833111
8839999

2222449
2704449
7777555
6668505
6888111
6833111
3339999

4445559
4405859
6667888
6327708
6327111
3327111
3229999

1166639
1107639
1177633
5557803
5457888
4422228
4429999

7777449
8703449
8883422
1183302
1165352
1165552
6669999

2222119
2403119
4433117
4438807
6535877
6555887
6669999

2222119
2505119
3555117
3348807
6344877
6344887
6669999

6665559
6305859
6337888
2237708
2437111
2447111
2449999

1155449
1105449
1155742
6668702
6888772
6833722
3339999

1155449
1105449
1155742
6663702
6883772
6833722
8839999

7777449
8702449
8882455
1182605
1122655
1133666
3339999

7777449
2704449
2222555
6668505
6888111
6833111
3339999

7777449
2704449
2222555
6663505
6883111
6833111
8839999

4445559
4405859
7777888
1173308
1162333
1162222
6669999

7777449
8703449
8883455
1183305
1162355
1162222
6669999

1155229
1105239
1155233
8844203
6844473
6887777
6669999

6555739
6505739
6667733
2288703
2118444
2118844
2119999

1155889
1105789
1155788
3337704
6233744
6222244
6669999

6555889
6505839
6668833
2244403
2114473
2117777
2119999

7555639
7505639
7766633
7444803
1144888
1122228
1129999

7555889
7505289
7711288
7311206
3311226
3444666
3449999

3555889
3505289
3311288
7311206
7711226
7444666
7449999

7555889
7505289
7711288
7411206
4411226
4433666
3339999

8822229
6804429
6884455
6663405
1133755
1137777
1139999

2551139
2501139
2551133
2276803
4776888
4476668
4479999

2222889
2401189
3441188
3441106
3377776
5357666
5559999

