4466679
4408679
4888677
5853370
5552333
1112222
1119999

2377779
2307449
2338444
2238880
6111585
6111555
6669999

3222279
3204479
3344477
5356870
5556888
1116668
1119999

6661119
6701119
6755588
7753580
4733882
4432222
4439999

6555889
6505789
6667788
2222740
2333744
1113344
1119999

1155889
1105689
1155688
7266640
7222244
7733344
7339999

4666889
4406389
4476388
7777330
2222535
1112555
1119999

7666889
7706389
7446388
7444330
2222535
1112555
1119999

1155889
1105389
1155388
6667330
6777732
6442222
4449999

1155889
1105389
1155388
7777330
4766632
4462222
4469999

4443889
4403389
7777388
1175350
1165552
1162222
6669999

4445559
4405359
7777388
1173380
1163882
1162222
6669999

4455889
4405389
4755388
7777330
1166632
1162222
1169999

7555889
7505389
7744388
7444330
1166632
1162222
1169999

7777449
8702449
8882455
1182650
1122655
1133666
3339999

2222889
4402389
4447388
1177330
1167535
1167555
6669999

7777449
8703449
8883455
1183350
1162355
1162222
6669999

1155889
1105789
1155788
3337740
6233744
6222244
6669999

8822229
6804429
6884455
6663450
1133755
1137777
1139999

2222889
2505789
3555788
3311770
6311744
6311444
6669999

4446229
4406279
8666277
8883270
1183575
1133555
1139999

