6555889
6505789
6667788
2222711
0332711
4433311
4449999

7333889
7703389
7222288
7666211
0644411
5654411
5559999

7333889
7703389
7255588
7254511
0264411
2264411
6669999

7333889
7703389
7666288
7446211
0446211
5452211
5559999

4455889
4405389
2455388
2222336
0777736
1117666
1119999

7777449
8704449
8886662
3385562
0333562
1115522
1119999

8877779
6805759
6885552
6664442
0333442
1113322
1119999

7777449
3704449
3886662
3385562
0388562
1115522
1119999

4422889
4402389
5452388
5552336
0777736
1117666
1119999

6665559
6705859
6788822
7784442
0733442
1113332
1119999

6665559
6705859
6788822
7783332
0733442
1114442
1119999

8877779
6805759
6885552
6662222
0333444
1113344
1119999

7333889
7703389
7211188
7211155
0264445
2264455
6669999

2555889
2505389
2444388
2244336
0777736
1117666
1119999

2554449
2504479
2557777
2233386
0338886
1118666
1119999

2222889
4402879
4448877
5511176
0511176
5533666
3339999

7666889
7706289
7446288
7444255
0333225
1113355
1119999

4666889
4406289
4476288
7777255
0333225
1113355
1119999

7666239
7706239
7556233
7588223
0558444
1118844
1119999

7777439
8704439
8884433
5581113
0561112
5562222
6669999

4777739
4407839
4488833
5581113
0561112
5562222
6669999

6555889
6505789
6662788
2222774
0333744
1113344
1119999

7777449
8702449
8882411
5582611
0522611
5533666
3339999

8877779
6805759
6885552
6661112
0331112
4433322
4449999

7555449
7505449
7733422
7883332
0861112
8861112
6669999

8877779
3805759
3885552
3361112
0361112
4466622
4449999

2551119
2501119
2558666
2278886
0473386
4477333
4479999

2551119
2501119
2553666
2273886
0473386
4477388
4479999

2556669
2506889
2556811
2278811
0473311
4477333
4479999

4445559
4405659
2222611
2366611
0388711
3387777
3889999

4445559
4405359
2222311
2883311
0863711
8867777
6669999

6661119
6801119
6888557
3338577
0433557
4422227
4429999

4422229
4403329
5458333
5558886
0777786
1117666
1119999

7777449
8703449
8883411
5583311
0562311
5562222
6669999

2222889
5502389
5444388
5544336
0777736
1117666
1119999

2266639
2505639
2555633
2877773
0888744
1118444
1119999

2255889
2605789
2655788
2666774
0333744
1113344
1119999

4422889
4402689
4732688
7732666
0733111
5753111
5559999

2222889
1102869
1138867
1136667
0334477
5354447
5559999

2222889
1102879
1138877
1134476
0334476
5354666
5559999

2222889
1102689
1137688
1137666
0337744
5357444
5559999

2222449
1102449
1138847
1136877
0336887
5356667
5559999

2222889
1102789
1137788
1136744
0336744
5356664
5559999

2222449
1102449
1137488
1137786
0337886
5357666
5559999

1177779
1107339
1133322
5588442
0568442
5568842
6669999

4422229
4403829
4733888
7736668
0736111
5756111
5559999

4422229
4406829
4736888
7736668
0733111
5753111
5559999

2222889
4402689
4437688
4337666
0377111
5357111
5559999

1177779
1107339
1133342
5588442
0568442
5568822
6669999

2277779
2505749
2555344
2883344
0863111
8863111
6669999

7333889
7703389
7115588
7115666
0115526
4422226
4449999

1177779
1107849
1188844
5583344
0562333
5562222
6669999

1177779
1107839
1188833
5584443
0562443
5562222
6669999

7555119
7505119
7733112
7883332
0864442
8864422
6669999

7777119
8702119
8882114
5582644
0522644
5533666
3339999

7777119
8703119
8883114
5583344
0562344
5562222
6669999

4422229
4401129
4731188
7731186
0733886
5753666
5559999

6222279
6201179
6661177
5581174
0588844
5533844
3339999

