7333889
7703389
7222288
7554211
6054411
6554411
6669999

3555889
3505489
3364488
2364411
2066611
2777711
2279999

6555889
6505489
6664488
2334411
2033311
2777711
2279999

6222239
6208839
6667833
5557883
5057744
1117444
1119999

4777739
4407339
4422388
5552386
5052886
1112666
1119999

4777739
4407339
4488322
5558362
5058862
1116662
1119999

6665559
6305859
6388844
3387444
3077772
1112222
1119999

2222889
4402879
4448877
5511176
5011176
5533666
3339999

4441119
4401119
2833355
2888335
2068755
2267777
6669999

7777439
8704439
8884433
5581113
5061112
5562222
6669999

4777739
4407839
4488833
5581113
5061112
5562222
6669999

6661119
6801119
6888555
2338545
2033344
2777744
2279999

7777449
8702449
8882411
5582611
5022611
5533666
3339999

6661119
6301119
6388555
2338545
2038844
2777744
2279999

6663229
6803329
6888327
5558327
5054477
1114447
1119999

4477779
4407559
4333522
3388552
6081112
6881112
6669999

2554439
2504439
2554337
2288377
6081117
6881117
6669999

2551119
2501119
2558666
2278886
4073386
4477333
4479999

2553449
2503449
2553347
2288377
6081117
6881117
6669999

2551119
2501119
2553666
2273886
4073386
4477388
4479999

2556669
2506889
2556811
2278811
4073311
4477333
4479999

6555449
6505449
6668847
2222877
2033887
1113337
1119999

6555889
6505789
6667788
2222744
2033744
1113334
1119999

2222449
2704449
7777388
5553386
5053886
1113666
1119999

4441119
4401119
8777722
8887552
6083352
6333552
6669999

2222449
2704449
7777333
5553386
5058886
1118666
1119999

6661119
6801119
6888557
3338577
4033557
4422227
4429999

2244439
2804439
2888337
2558377
6051117
6551117
6669999

4441119
4401119
8333552
8883352
6087552
6777722
6669999

7777449
8703449
8883411
5583311
5062311
5562222
6669999

2222889
4402839
4448837
5556337
5056377
1116667
1119999

2222889
4402389
4447388
5557336
5057736
1117666
1119999

7777449
2704449
2222388
5553386
5053886
1113666
1119999

7777449
2704449
2222333
5553386
5058886
1118666
1119999

1177779
1107339
1133322
5588442
5068442
5568842
6669999

1177779
1107339
1133342
5588442
5068442
5568822
6669999

1177779
1107849
1188844
5583344
5062333
5562222
6669999

1177779
1107839
1188833
5584443
5062443
5562222
6669999

7777119
8702119
8882114
5582644
5022644
5533666
3339999

3555889
3505689
3311688
2311666
2011444
2777744
2279999

7777119
8703119
8883114
5583344
5062344
5562222
6669999

6222279
6201179
6661177
5581174
5088844
5533844
3339999

