6555889
6505789
6667788
2222711
4402711
4433311
4339999

4333889
4403389
4466688
2222611
5502611
5777711
5579999

7333889
7703389
7222288
7554211
6504411
6554411
6669999

8822229
6803329
6884333
6664411
5504411
5777711
5579999

4333889
4403389
4472288
7777211
6505211
6555211
6669999

7333889
7703389
7442288
7444211
6505211
6555211
6669999

7333889
7703389
7111288
7111244
6505244
6555224
6669999

4333889
4403389
4466688
2555611
2505611
2777711
2279999

7333889
7703389
7255588
7254511
6204411
6224411
6669999

7333889
7703389
7211188
7211155
6204445
6224455
6669999

7666449
7706449
7886545
7833555
8803332
1112222
1119999

7333889
7703389
7445588
7444511
6205511
6222211
6669999

4333889
4403389
4475588
7777511
6205511
6222211
6669999

7777559
2703359
2333558
2666888
2206844
1116444
1119999

6222239
6208839
6668337
4488377
4401117
5451117
5559999

6222289
6208889
6668337
4433377
4401117
5451117
5559999

8877779
6805759
6885552
6661112
4401112
4433322
4339999

4445559
4405759
3337777
8833111
6802111
6882222
6669999

6222289
6208889
6668111
7555111
7505444
7733344
7339999

2244439
2804439
2888337
2558377
6501117
6551117
6669999

4441119
4401119
2222666
2333886
5503386
5777788
5579999

4445559
4405859
2666888
2677778
2607111
2233111
3339999

4445559
4405759
3337711
8833711
6802711
6882222
6669999

7666239
7706239
7886233
7855223
8805111
4455111
4449999

4445559
4405859
7777888
2376668
2306111
2336111
2239999

4455889
4405689
4755688
2773666
2703111
2733111
2239999

6665559
6705859
6788822
7783112
4703112
4433112
4439999

4441119
4401119
3337777
8833575
6802555
6882222
6669999

4445559
4405759
6667777
6882222
6802111
8833111
3339999

6222239
6208839
6667833
4477883
4407111
5457111
5559999

7222239
7208839
7744833
7444883
6505111
6555111
6669999

1144469
1104469
1186667
2388877
2305857
2335557
2239999

1177779
1107889
1133822
3338842
6505442
6555442
6669999

8877779
6805759
6885552
6663442
1103442
1133422
1139999

7555119
7505119
7732118
7332888
6302844
6322444
6669999

1177779
1105759
1135552
8833442
6803442
6883422
6669999

2255889
2705689
2755688
2773666
4703111
4433111
4439999

6555119
6505119
6667118
2377888
2307844
2337444
2239999

4666119
4406119
4486117
2388877
2305857
2335557
2239999

1122229
1103329
1144333
8844555
6804575
6887777
6669999

1122229
1104429
1134447
8833557
6803577
6883557
6669999

7777559
8702259
8882554
1182644
1102644
1133666
3339999

6663119
6703119
6733112
7735552
4705852
4488822
4489999

6555119
6505119
6668112
7888442
7804442
7733322
7339999

7555119
7505119
7738112
7338882
6304482
6344422
6669999

8822229
6804429
6884447
6663557
1103577
1133557
1139999

6555739
6505739
6667733
2222743
1102844
1188844
1189999

8822229
6801129
6881144
6661144
5503334
5777733
5579999

2266639
2505639
2555633
2777743
1107844
1188844
1189999

4445559
4405359
7777332
8871132
6801132
6881122
6669999

4441179
4401179
3331177
8833575
6802555
6882222
6669999

2222679
8802679
3866677
3881174
3301144
5351144
5559999

