6665559
6805359
6888322
1118332
1110732
4477772
4449999

4422229
4408829
4558666
7588611
7550611
7733311
7339999

7333889
7703389
7555288
7545211
6440211
6442211
6669999

6667889
6307789
6337288
4437211
4430211
5452211
5559999

7333889
7703389
7554488
7544411
6550211
6222211
6669999

6555889
6505839
6668833
4422223
4440723
1117777
1119999

6664449
6304479
6388772
3385572
3880572
1115522
1119999

7333889
7703389
7222288
7245511
6440511
6445511
6669999

6555889
6505789
6667788
2222711
2330711
4433311
4449999

6665559
6305759
6388744
3387744
3880742
1112222
1119999

2666889
2604489
2644488
2233555
3330575
1117777
1119999

7333889
7703389
7224488
7244411
6250511
6255511
6669999

3222289
3208889
3358511
4355511
4460711
4467777
6669999

6664449
6505449
6555811
2388811
2380711
2337777
2239999

7666239
7706239
7886233
7855223
8850111
4455111
4449999

2222449
8802449
6833455
6883335
6660755
1117777
1119999

8877779
6805759
6885552
6662222
4440111
4433111
3339999

8877779
6805759
6885552
6662222
3330111
4433111
4449999

1177779
1107339
1133344
8855544
6850542
6882222
6669999

1177779
1107339
1133322
5556662
5450862
4488862
4489999

6662239
6505239
6555233
7777243
1170844
1188844
1189999

2555449
2505449
2333488
2273386
1170886
1177666
1179999

2333559
2803359
2888554
2278644
1170644
1177666
1179999

1122229
1103329
1144333
8844555
6840575
6887777
6669999

2222889
4402879
4448877
1155576
1150576
1133666
3339999

6664449
6505449
6555322
7777332
1170832
1188832
1189999

8822119
6802119
6882117
6662557
4440577
4433557
3339999

8822119
6802119
6882117
6662557
3330577
4433557
4449999

4445559
4405859
2222888
2113338
6110733
6117777
6669999

2222119
6802119
6888117
6668557
4440577
4433557
3339999

2222119
6802119
6888117
6668557
3330577
4433557
4449999

4422229
4405529
4333588
3375586
1170886
1177666
1179999

2222449
5502449
5333488
5573386
1170886
1177666
1179999

2266639
2505639
2555633
2777743
1170844
1188844
1189999

