6665559
6805359
6888322
1118332
1117032
4477772
4449999

4443889
4403389
2222388
2555311
6575011
6777711
6669999

2554889
2504489
2554488
2233311
6337011
6777711
6669999

6663889
6403389
6442388
7442311
7552011
7752211
7559999

6222289
6208889
6668555
7111545
7111044
7733344
7339999

6664449
6304479
6388772
3385572
3885072
1115522
1119999

6222289
6208889
6668337
4433377
4445057
1115557
1119999

6222239
6208839
6668337
4488377
4445057
1115557
1119999

7555889
7505389
7722388
7442336
4442036
1112666
1119999

7333889
7703389
7222288
7245511
6445011
6445511
6669999

2222889
2505689
7555688
7766611
7333011
7443311
4449999

2222889
2705589
7777588
6665511
6333011
6443311
4449999

7777889
2705589
2222588
6665511
6333011
6443311
4449999

4441119
4401119
8666322
8886332
5586032
5777732
5579999

6661119
6801119
6888442
3338442
5533042
5777722
5579999

4455889
4405389
4755388
7777336
2222036
1112666
1119999

7555889
7505389
7744388
7444336
2222036
1112666
1119999

4441119
4401119
2222666
3332886
5533086
5777788
5579999

1177779
1105759
1135552
8832222
6833044
6883444
6669999

1155449
1105449
1155427
8822227
6833077
6883337
6669999

1177779
1107339
1133322
8666552
8886052
4486552
4449999

1177779
1107339
1133322
8844552
6844052
6884552
6669999

7777439
8704439
8884433
1185553
1165052
1162222
6669999

4777739
4407839
4488833
1185553
1165052
1162222
6669999

2555889
2505879
2338877
2233376
1144076
1144666
1149999

4445559
4405859
7777888
1173338
1162033
1162222
6669999

6555739
6505739
6667733
2288743
2118044
2118844
2119999

6555119
6505119
6668112
7448882
7444082
7733322
7339999

7555119
7505119
7738112
7338882
6344082
6344422
6669999

6665559
6805459
6888447
3338447
1133077
1122227
1129999

2244439
2804439
2888337
2118377
6115057
6115557
6669999

2222889
5502879
5338877
5533376
1144076
1144666
1149999

4455229
4405279
8455277
8883276
1183076
1133666
1139999

