7777889
6702289
6055288
6665211
4455211
4433311
4339999

2555889
2505389
2063388
2263444
6663744
1117777
1119999

2555889
2505839
2068833
2264443
6664473
1117777
1119999

4455889
4405789
4055788
3337711
6233711
6222211
6669999

4455889
4405689
4055688
7266611
7222211
7733311
7339999

4448839
4408339
2088311
2555311
2565711
2267777
6669999

4455889
4405389
4055388
2222336
2777736
1117666
1119999

4422229
4403329
4086333
8886555
8666575
1117777
1119999

4477779
4407339
4033311
8855511
6852511
6882222
6669999

4447239
4407239
8077233
8887223
6585111
6555111
6669999

2222889
5502839
5068833
5564443
6664473
1117777
1119999

2222889
5502389
5063388
5563444
6663744
1117777
1119999

4477779
4405759
4035552
8832222
6833111
6883111
6669999

7777449
6704449
6055322
6665332
1155832
1188832
1189999

4422119
4402119
4032117
8832557
6833577
6883557
6669999

7333559
7703359
7022558
7112888
6112844
6112444
6669999

4422229
4403329
4011333
8811555
6811575
6887777
6669999

7777889
3701189
3021188
3321155
6324445
6224455
6669999

