6555889
6505839
6668833
4477773
4442703
1112222
1119999

6665559
6305759
6388744
3387744
3882704
1112222
1119999

7333559
7703359
7111558
7111888
6444802
6442222
6669999

7333559
7703359
7111552
7111882
6444802
6448822
6669999

7333889
7703389
7111288
7111255
6444205
6442255
6669999

4455889
4405789
2455788
2111776
2111706
2233666
3339999

4333889
4403389
4466688
2111655
2111605
2777755
2279999

6665559
6305759
6377772
3344882
3444802
1118822
1119999

7333559
7703359
7666552
7446882
4446802
1118822
1119999

7333889
7703389
7442288
7444255
6111205
6111255
6669999

4333889
4403389
4472288
7777255
6111205
6111255
6669999

7222239
7208839
7744833
7444883
6111505
6111555
6669999

6222239
6208839
6667833
4477883
4447505
1117555
1119999

6222239
6208839
6667833
4447883
4477505
1117555
1119999

4445559
4405759
6668722
6888772
6833702
1113332
1119999

6665559
6805759
6888722
4448772
4433702
1113332
1119999

7333889
7703389
7211188
7211155
6244405
6224455
6669999

7333559
7703359
7666558
7446888
4446802
1112222
1119999

6665559
6305759
6377778
3344888
3444802
1112222
1119999

6665559
6305859
6388844
3387444
3777702
1112222
1119999

4447889
4407689
5577688
5337666
5533302
1112222
1119999

4441119
4401119
3337777
2233755
2666805
2688855
2689999

4441119
4401119
7777333
2273355
2666805
2688855
2689999

7666239
7706239
7886233
7844223
8844505
1114555
1119999

4441119
4401119
7777666
2278655
2888605
2833355
2339999

7333889
7703389
7224488
7244455
6211105
6211155
6669999

7777449
2704449
2222111
6663111
6883505
6833555
8839999

7777449
2704449
2222111
6668111
6888505
6833555
3339999

7222289
7208889
7738111
7433111
4463505
4463555
6669999

7222289
7208889
7738111
7433111
6443505
6443555
6669999

7222289
7208889
7738111
7334111
6344505
6344555
6669999

2222449
2704449
7777111
6663111
6883505
6833555
8839999

2222449
2704449
7777111
6668111
6888505
6833555
3339999

7333889
7703389
7666288
7446255
4446205
1112255
1119999

6661119
6801119
6888442
3338442
5533402
5777722
5579999

4441119
4401119
3777782
3378882
6358502
6355522
6669999

8877779
6807449
6883444
6663355
2222305
1112355
1119999

1155889
1105789
1155788
2222776
4442706
4433666
3339999

1155889
1105789
1155788
2222776
3332706
4433666
4449999

4441119
4401119
8777732
8887332
6585302
6555322
6669999

1122889
1102789
1132788
4432776
4433706
5453666
5559999

1155889
1105689
1155688
7333666
7743302
7442222
7449999

1155449
1105449
1155247
6663277
6883207
6833227
8839999

1155449
1105449
1155247
6668277
6888207
6833227
3339999

1155889
1105789
1155788
2344776
2344706
2334666
2239999

1155889
1105789
1155788
2443776
2443706
2433666
2239999

1177779
1107449
1134442
8832222
6833505
6883555
6669999

1155449
1105449
1155422
8877772
6833702
6883332
6669999

1177779
1107339
1133322
8666552
8886502
4486552
4449999

1177779
1107339
1133322
8844552
6844502
6884552
6669999

7333889
7703389
7222288
7266655
1144605
1144655
1149999

2222119
2403119
4433117
4438877
6535807
6555887
6669999

2222119
2505119
3555117
3348877
6344807
6344887
6669999

1155449
1105449
1155742
6668772
6888702
6833722
3339999

7666119
7706119
7886112
7382222
3388505
3444555
3449999

7666119
7706119
7886112
7482222
4488505
4433555
3339999

1155449
1105449
1155742
6663772
6883702
6833722
8839999

2556669
2506889
2556844
2278844
1173304
1177333
1179999

7333889
7703389
7114488
7114455
6114205
6222255
6669999

7333889
7703389
7115588
7115666
4115506
4422226
4429999

1177779
1107339
1133344
8855544
6852504
6882222
6669999

1177779
1107449
1132444
8832222
6833505
6883555
6669999

7777439
8704439
8884433
2286663
2116505
2116555
2119999

4777739
4407839
4488833
2286663
2116505
2116555
2119999

6555119
6505119
6667112
3377772
4333802
4488822
4489999

7333889
7703389
7445588
7445666
1145506
1122226
1129999

7333889
7703389
7222288
7114255
6114405
6114455
6669999

7666239
7706239
7886233
7811223
8811505
4411555
4449999

7333889
7703389
7222288
7241155
6441105
6441155
6669999

7333889
7703389
7441188
7441155
6241105
6222255
6669999

