6665559
6305759
6388744
3387744
3882740
1112222
1119999

7333889
7703389
7111288
7111255
6444250
6442255
6669999

4333889
4403389
4466688
2111655
2111650
2777755
2279999

7333889
7703389
7442288
7444255
6111250
6111255
6669999

4333889
4403389
4472288
7777255
6111250
6111255
6669999

7333889
7703389
7211188
7211155
6244450
6224455
6669999

6555889
6505849
6668844
2311144
2311170
2337777
2239999

4441119
4401119
3337777
2233755
2666850
2688855
2689999

4441119
4401119
7777333
2273355
2666850
2688855
2689999

4441119
4401119
7777666
2278655
2888650
2833355
2339999

7333889
7703389
7224488
7244455
6211150
6211155
6669999

6661119
6801119
6888444
2358544
2355570
2337777
2239999

2551119
2501119
2553338
2233888
6444870
6447777
6669999

7333889
7703389
7666288
7446255
4446250
1112255
1119999

8877779
6807449
6883444
6663355
2222350
1112355
1119999

1155239
1105239
1155233
8844223
6844470
6887777
6669999

2222639
1102639
1166633
1185553
8885750
8447777
4449999

2222639
1102639
1166633
1174883
5574480
5774488
5579999

2222639
1102639
1166633
1144883
5544480
5777788
5579999

2222889
1102689
1144688
1144666
5543330
5777733
5579999

6555449
6505449
6663348
2333888
2222870
1117777
1119999

1155889
1105689
1155688
2344666
2344470
2337777
2239999

1155889
1105689
1155688
2444666
2443330
2777733
2279999

1155889
1105689
1155688
2333666
2443370
2447777
2249999

1177779
1105759
1135552
8832222
6833440
6883444
6669999

7333889
7703389
7222288
7266655
1144650
1144655
1149999

2222119
2505119
3555118
3344888
6344870
6347777
6669999

4446119
4406119
8666112
8882222
5583330
5777733
5579999

2556669
2506889
2556844
2278844
1173340
1177333
1179999

6555119
6505119
6664118
2344888
2344870
2337777
2239999

2555889
2505849
2338844
2233344
1166670
1167777
1169999

7333889
7703389
7114488
7114455
6114250
6222255
6669999

7555639
7505639
7766633
7224883
1124480
1124488
1129999

1177779
1107339
1133344
8855544
6852540
6882222
6669999

7333889
7703389
7222288
7114255
6114450
6114455
6669999

2222889
5502849
5338844
5533344
1166670
1167777
1169999

7333889
7703389
7222288
7241155
6441150
6441155
6669999

7333889
7703389
7441188
7441155
6241150
6222255
6669999

