7333889
7703389
7111688
7111644
5566644
0522224
5529999

2554889
2504489
2554488
2266611
7777611
0733611
3339999

7333889
7703389
7222288
7266611
5544611
0544611
5549999

6555889
6505789
6667788
2222711
2333711
0443311
4449999

2551119
2501119
2557777
2233786
3338886
0448666
4449999

2551119
2501119
2554488
2244486
7777886
0733666
3339999

6661119
6801119
6888447
3338447
5533477
0522227
5529999

6661119
6301119
6344557
3344577
3884557
0822227
8829999

8822229
6804429
6884411
6663411
5533711
0537777
5539999

2555889
2505689
2444688
2244666
7777111
0733111
3339999

6665559
6305759
6388711
3387711
3882711
0442222
4449999

1155889
1105389
1155388
2222336
2777736
0447666
4449999

1177779
1107889
1133844
3338844
5566642
0562222
5569999

4422889
4402689
5452688
5552666
7777111
0733111
3339999

8822449
6802449
6882545
6662555
7777111
0733111
3339999

2222889
1102839
1168833
1165553
6665753
0447777
4449999

2222889
1102389
1163388
1163555
6663575
0447777
4449999

8822229
6805529
6885444
6665544
7777111
0733111
3339999

4422229
4406829
5456888
5556668
7777111
0733111
3339999

2255119
2605119
2655118
2666888
7777844
0733444
3339999

2222449
6802449
6888545
6668555
7777111
0733111
3339999

2222889
5502689
5444688
5544666
7777111
0733111
3339999

4455889
4405689
2455688
2222666
7777111
0733111
3339999

1122229
1103329
1186333
8886555
8666575
0447777
4449999

6555119
6505119
6662118
2222888
7777844
0733444
3339999

2666739
2607739
2611733
2211743
5511844
0588844
5589999

4422229
4401129
5451188
5551186
7777886
0733666
3339999

8822229
6801129
6881144
6661144
7777545
0733555
3339999

6222279
6201179
6661177
3331174
5533844
0588844
5589999

