4777739
4407339
4488322
1118362
1118862
5056662
5559999

6663229
6803329
6888327
1118327
1114477
5054447
5559999

4777739
4407339
4422388
1112386
1112886
5052666
5559999

4455889
4405689
7455688
7766611
7222211
7033211
3339999

6222239
6208839
6667833
1117883
1117744
5057444
5559999

2222449
2704449
7777388
1113386
1113886
5053666
5559999

2222449
2704449
7777333
1113386
1118886
5058666
5559999

4455889
4405289
4755288
7777211
6662211
6033311
6339999

7555889
7505289
7744288
7444211
6662211
6033311
6339999

7555889
7505289
7744288
7444211
6332211
6033311
6669999

4455889
4405289
4755288
7777211
6332211
6033311
6669999

2222889
4402389
4447388
1117336
1117736
5057666
5559999

7333889
7703389
7666288
7446211
4446211
5052211
5559999

2222889
4402839
4448837
1116337
1116377
5056667
5559999

7777449
2704449
2222388
1113386
1113886
5053666
5559999

7777449
2704449
2222333
1113386
1118886
5058666
5559999

7333889
7703389
7111688
7111644
5566644
5022224
5529999

7333889
7703389
7111488
7111446
2222446
5052666
5559999

6665559
6405759
6447777
2443311
2333811
2088811
2289999

6555739
6505739
6667733
2111743
2111844
2088844
2289999

7333889
7703389
7222288
7266611
5544611
5044611
5549999

8877779
6807449
6883444
6663311
2222311
5052311
5559999

7333559
7703359
7448552
7448882
6411182
6011122
6669999

6555889
6505489
6664488
2274411
2777711
2033311
2339999

6555889
6505789
6667788
2244711
2444711
2033311
2339999

4441119
4401119
7777388
2273386
2553886
2053666
2559999

4441119
4401119
3337777
2233786
2558886
2058666
2559999

4441119
4401119
7777333
2273386
2558886
2058666
2559999

6661119
6801119
6888555
2278545
2777744
2033344
2339999

6222239
6208839
6668337
4488377
4441117
5051117
5559999

6222289
6208889
6668337
4433377
4441117
5051117
5559999

2554449
2504479
2557777
2281116
8881116
8033666
3339999

2551119
2501119
2557777
2284476
8884446
8033666
3339999

2551119
2501119
2556667
2286477
8886447
8033447
3339999

2554449
2507449
2557711
2287611
8887611
8033666
3339999

4445559
4405659
2222611
2366611
3388711
3087777
3889999

6661119
6801119
6888447
3338447
5533477
5022227
5529999

8822229
6804429
6884411
6663411
5533711
5037777
5539999

1144479
1104479
1138877
2233876
2553886
2053666
2559999

2222449
8802449
7855411
7885611
7755611
7033666
3339999

1177779
1107839
1188833
2286663
2556443
2056444
2559999

2666449
2607449
2677545
2287555
8887111
8033111
3339999

4448839
4408339
2288311
2555311
2565711
2067777
6669999

1155889
1105789
1155788
2222774
6332744
6033344
6669999

1155889
1105789
1155788
2222774
6662744
6033344
6339999

7666239
7706239
7886233
7844223
8844111
5054111
5559999

6665559
6705859
6733888
2773338
2744111
2044111
2249999

4445559
4405859
7777888
2376668
2336111
2036111
2239999

8877779
3805759
3885552
3342222
6344111
6044111
6669999

1177779
1107889
1133844
3338844
5566642
5062222
5569999

2222449
1102449
1155547
1158577
6668887
6033387
6339999

2222889
1102839
1168833
1164443
6664473
5057777
5559999

2222889
1102389
1163388
1163444
6663744
5057777
5559999

2222449
1102449
1155547
1158577
6338887
6033387
6669999

6222239
6208839
6667833
4477883
4447111
5057111
5559999

6222239
6208839
6667833
4447883
4477111
5057111
5559999

4455889
4405689
4755688
7777666
2222111
2033111
3339999

1144469
1104469
1186667
2388877
2335857
2035557
2239999

7555889
7505689
7744688
7444666
2222111
2033111
3339999

2222889
2505689
7555688
7444666
7744111
7033111
3339999

2222889
2505689
7555688
7744666
7444111
7033111
3339999

4443889
4403689
1133688
1137666
1177772
5052222
5559999

7777439
8704439
8884433
2286663
2556111
2056111
2559999

4777739
4407839
4488833
2286663
2556111
2056111
2559999

4666119
4406119
4486117
2388877
2335857
2035557
2239999

6555119
6505119
6667118
2377888
2337844
2037444
2239999

1122229
1103329
1186333
8886444
8666744
5057777
5559999

2555119
2505119
2666117
2286477
8886447
8033447
3339999

8822119
3802119
3882117
3342557
6344577
6044557
6669999

7333559
7703359
7118552
7118882
6114482
6044422
6669999

7333559
7703359
7112558
7112888
6112844
6022444
6669999

2222119
8802119
6833117
6883337
6664477
5054447
5559999

2222119
5502119
5666117
5586477
8886447
8033447
3339999

2222119
8802119
7855114
7885644
7755644
7033666
3339999

2222119
3802119
3888117
3348557
6344577
6044557
6669999

2666739
2607739
2611733
2211743
5511844
5088844
5589999

8822229
3804429
3884447
3311557
6311577
6011557
6669999

8877779
3805759
3885552
3311442
6311442
6011422
6669999

2551179
2501179
2551177
2284476
8884446
8033666
3339999

2556669
2501169
2551167
2281177
8884447
8033447
3339999

7777889
4701189
4461188
4461133
6663332
5052222
5559999

2554449
2504479
2551177
2281176
8881176
8033666
3339999

7777889
3701189
3221188
3321155
6324445
6024455
6669999

6664449
6304479
6388772
3381172
3881172
5051122
5559999

6222279
6201179
6661177
3331174
5533844
5088844
5589999

