4333889
4403389
4472288
7777211
6555211
6505211
6669999

7333889
7703389
7442288
7444211
6555211
6505211
6669999

7333889
7703389
7111288
7111244
6555244
6505224
6669999

6555889
6505789
6667788
2222711
2333711
4403311
4449999

4441119
4401119
7777388
2273386
2553886
2503666
2559999

4441119
4401119
3337777
2233786
2558886
2508666
2559999

4441119
4401119
7777333
2273386
2558886
2508666
2559999

2551119
2501119
2557777
2233786
3338886
4408666
4449999

2222449
2505449
3555847
3388877
6381117
6301117
6669999

4441119
4401119
3882222
3382555
6388575
6307777
6669999

1144479
1104479
1138877
2233876
2553886
2503666
2559999

1177779
1107839
1188833
2286663
2556443
2506444
2559999

6665559
6305759
6388711
3387711
3882711
4402222
4449999

1155889
1105389
1155388
2222336
2777736
4407666
4449999

2222889
1102839
1168833
1165553
6665753
4407777
4449999

2222889
1102389
1163388
1163555
6663575
4407777
4449999

7222239
7208839
7744833
7444883
6555111
6505111
6669999

1177779
1107889
1133822
3338842
6555442
6505442
6669999

1177779
1107559
1133522
3338552
6888442
6804442
6669999

7777439
8704439
8884433
2286663
2556111
2506111
2559999

4777739
4407839
4488833
2286663
2556111
2506111
2559999

1122229
1103329
1186333
8886555
8666575
4407777
4449999

7555119
7505119
7738112
7338882
6344482
6304422
6669999

4422229
4408829
3411855
3311885
6311755
6307777
6669999

