4446669
4406889
1116832
1118832
7777332
5750322
5559999

4442239
4402339
1112388
1112386
7777886
5750666
5559999

4446669
4408869
3111862
3111882
3377772
5350722
5559999

7333889
7703389
7222288
7445256
4445556
1110666
1119999

4446669
4406889
5556832
5758832
7777332
1110322
1119999

6222289
6208889
6668755
4477775
4443355
1110333
1119999

6222289
6208889
6668333
4443355
4477775
1110755
1119999

2333559
2803359
2888554
2278644
7777644
1110666
1119999

2555449
2505449
2333488
2273386
7777886
1110666
1119999

7333889
7703389
7224488
7244411
6255511
6250511
6669999

7777559
6703359
6333558
6662888
2222844
1110444
1119999

7222289
7208889
7758511
7455511
4463311
4460333
6669999

7222289
7208889
7758511
7455511
6443311
6440333
6669999

2551119
2501119
2558666
2278886
4773386
4470333
4479999

2551119
2501119
2557777
2233376
4488336
4480666
4889999

2551119
2501119
2553666
2273886
4773386
4470388
4479999

7666449
7706449
7886455
7822225
8823355
1110333
1119999

2556669
2506889
2556811
2278811
4773311
4470333
4479999

6222289
6208889
6668111
7333111
7553344
7750444
7559999

4422229
4408629
4888611
7866611
7553311
7750333
7559999

6661119
6301119
6322227
3328477
3888447
5850447
5559999

4422229
4405529
4333588
3375586
7777886
1110666
1119999

4455889
4405689
4755688
2773666
2733111
2730111
2239999

2222449
5502449
5333488
5573386
7777886
1110666
1119999

1155889
1105389
1155388
2222336
2777736
4470666
4449999

2222889
3302689
4333688
4466655
4477775
1110755
1119999

7777559
6703359
6333552
6662222
4488111
4480111
4889999

4442239
4402339
5552388
5752386
7777886
1110666
1119999

6665559
6705859
6788822
7783112
4733112
4430112
4439999

2222889
2307689
3377688
3447666
3447111
5450111
5559999

2222449
2307449
3377545
3887555
3867111
8860111
6669999

1155449
1105449
1155427
8822227
6833377
6880337
6669999

1177779
1107339
1133322
8844552
6844452
6880552
6669999

1177779
1107339
1133322
4486662
4488862
5450862
5559999

8877779
6805759
6885552
6663442
1133442
1130422
1139999

2255889
2705689
2755688
2773666
4733111
4430111
4439999

2555449
2505449
2333488
2273386
1177886
1170666
1179999

2333559
2803359
2888554
2278644
1177644
1170666
1179999

1122229
1103329
1144333
8844455
6877775
6880755
6669999

1122229
1103329
1155333
8857777
6855744
6880444
6669999

1122229
1105529
1133588
3335586
7777886
4470666
4449999

1155229
1105279
1155277
8333276
8883376
4480666
4449999

7333559
7703359
7666558
7226888
1126844
1120444
1129999

7555239
7505239
7788233
7118223
6118844
6110444
6669999

4443889
4403389
7777388
2275356
2115556
2110666
2119999

6555889
6505839
6668833
2277773
2117443
2110444
2119999

4442119
4402119
6662117
6322557
6388577
3380557
3889999

4445559
4405359
7777388
2273386
2113886
2110666
2119999

7777449
8706449
8886455
2286665
2113355
2110333
2119999

7333559
7703359
7211558
7211888
6211844
6220444
6669999

4422229
4405529
4333588
3375586
1177886
1170666
1179999

8822229
6804429
6884447
6663557
1133577
1130557
1139999

2222449
5502449
5333488
5573386
1177886
1170666
1179999

2551179
2501179
2551177
2233376
4488336
4480666
4889999

