6555889
6505789
6667788
2222711
3332711
4433011
4449999

6555889
6505789
6667788
2222711
4442711
4433011
3339999

2557889
2507789
2557388
2247311
6443311
6443011
6669999

2553889
2503389
2557388
2247311
6447711
6447011
6669999

4446669
4408869
3111862
3111882
3377772
5357022
5559999

6555889
6505789
6667788
2344711
2344711
2334011
2239999

6555889
6505789
6667788
2443711
2443711
2433011
2239999

4445559
4405759
2687777
2688811
2666811
2233011
3339999

4445579
4405779
6665572
6833372
6888332
1118022
1119999

6222289
6208889
6668333
4443355
4477775
1117055
1119999

6222289
6208889
6668337
4433377
4445557
1115057
1119999

6222239
6208839
6668337
4488377
4445557
1115057
1119999

4455889
4405689
7455688
7766611
7222211
7233011
3339999

2222889
2403789
4433788
4437711
6535711
6555011
6669999

2222889
2705589
7777588
4445511
6443311
6333011
6669999

2222889
2505789
3555788
3347711
6344711
6344011
6669999

4441119
4401119
2555666
2575886
2777786
2233088
3339999

7777889
2705589
2222588
4445511
6443311
6333011
6669999

8877779
6805759
6885552
6661112
3331112
4433022
4449999

8877779
6805759
6885552
6661112
4441112
4433022
3339999

4441119
4401119
6662222
6882755
6877775
8833055
3339999

4441119
4401119
6665552
6885752
6877772
8833022
3339999

6661119
6801119
6888442
5578442
5777742
5533022
3339999

2222889
3302689
4333688
4466655
4477775
1117055
1119999

4441119
4401119
2222666
5572886
5777786
5533088
3339999

7777449
8704449
8886112
5586112
5666112
5533022
3339999

1177779
1105759
1135552
8832222
6833444
6883044
6669999

1177779
1107559
1133522
3338552
6448882
6444082
6669999

1177779
1107559
1133522
3338552
6668882
6444082
6449999

7666889
7706289
7446288
7443255
1143225
1133055
1139999

1177779
1105759
1135552
8834442
6833442
6883022
6669999

4477779
4405759
4335552
1133382
1168882
1168022
6669999

6555889
6505879
6668872
1144772
1144472
1133022
3339999

6664449
6804479
6888772
1158572
1155572
1133022
3339999

2556669
2506889
2556844
2278844
1173334
1177033
1179999

2556669
2508869
2558367
2288377
1144337
1144037
1149999

1122229
1103329
1144333
8844455
6877775
6887055
6669999

7666889
7706289
7116288
7113255
4113225
4433055
4439999

4445559
4405759
2117777
2118666
2118886
2233086
3339999

4446119
4406119
3666112
3777782
3378882
5358022
5559999

3555119
3505119
3368112
7368882
7766682
7444022
7449999

7555119
7505119
7748112
7448882
6443382
6333022
6669999

7555119
7505119
7768112
7468882
4466682
4433022
3339999

7555119
7505119
7738112
7338882
6344482
6344022
6669999

7555119
7505119
7768112
7368882
3366682
3444022
3449999

6555119
6505119
6668112
7338882
7733382
7444022
7449999

2244439
2804439
2888337
2118377
6115557
6115057
6669999

2222889
2505789
3555788
3311774
6311744
6311044
6669999

