7222239
7208839
7744833
7444883
6111555
6111505
6669999

6222239
6208839
6667833
4477883
4447555
1117505
1119999

6222239
6208839
6667833
4447883
4477555
1117505
1119999

7666239
7706239
7886233
7844223
8844555
1114505
1119999

7555449
7505449
7738422
7338882
6311182
6311102
6669999

7777449
2704449
2222111
6663111
6883555
6833505
8839999

7777449
2704449
2222111
6668111
6888555
6833505
3339999

2551119
2501119
2553337
2233887
6444877
6448807
6669999

6555889
6505789
6667788
2222744
2333744
1113304
1119999

6555449
6505449
6668847
2222877
2333887
1113307
1119999

7222289
7208889
7738111
7433111
4463555
4463505
6669999

7222289
7208889
7738111
7433111
6443555
6443505
6669999

7222289
7208889
7738111
7334111
6344555
6344505
6669999

2222449
2704449
7777111
6663111
6883555
6833505
8839999

2222449
2704449
7777111
6668111
6888555
6833505
3339999

6661119
6801119
6888422
3338442
5533442
5777702
5579999

1155889
1105689
1155688
7266644
7222244
7733304
7339999

1155889
1105689
1155688
7777666
4472222
4433302
4339999

1155889
1105689
1155688
7444666
7442222
7733302
7339999

2222449
1102449
1155547
1158577
6888337
6833307
6669999

6555449
6505449
6663347
2333887
2222877
1118807
1119999

4422229
4403329
4333557
1188577
1168557
1168807
6669999

1177779
1107449
1134442
8832222
6833555
6883505
6669999

6555229
6505429
6664427
1184427
1188877
1133807
3339999

1177779
1107559
1186522
8886552
8666332
4433302
4449999

1177779
1107559
1186522
8886552
8336662
4433302
4449999

1155229
1105629
1155627
3366627
4333877
4488807
4489999

2222119
2505119
3555117
3344887
6344877
6348807
6669999

7666119
7706119
7886112
7382222
3388555
3444505
3449999

7666119
7706119
7886112
7482222
4488555
4433505
3339999

6555119
6505119
6664117
2344887
2344877
2338807
2239999

6555229
6505429
6664427
3334427
1133877
1188807
1189999

1177779
1107449
1132444
8832222
6833555
6883505
6669999

7777439
8704439
8884433
2286663
2116555
2116505
2119999

4777739
4407839
4488833
2286663
2116555
2116505
2119999

1155889
1105789
1155788
3337744
6233744
6222204
6669999

6665559
6705359
6711322
7711332
4711832
4488802
4489999

7666239
7706239
7886233
7811223
8811555
4411505
4449999

3555229
3505829
3388827
4381127
4461177
4461107
6669999

