7777559
4702259
4462553
4462883
6662833
1118830
1119999

7777559
4702259
4462558
4462888
6662833
1113330
1119999

7555229
7505239
7788233
7448263
4448863
1116660
1119999

6555889
6505839
6668833
2111443
2111443
2777740
2279999

7555629
7505629
7766623
7111223
4111833
4488830
4489999

2377779
2305759
2335554
2238844
6111844
6111880
6669999

4448879
4408779
5588276
5222276
5533666
1113330
1119999

2556669
2504469
2554463
2274883
7777833
1118830
1119999

2556669
2504469
2554468
2274888
7777833
1113330
1119999

6661119
6201119
6255544
7258544
7228884
7733380
7339999

6555229
6505729
6667723
4488723
4448733
1118830
1119999

2551119
2501119
2556663
2276883
4776833
4478830
4479999

2551119
2501119
2556668
2276888
4776833
4473330
4479999

2666449
2604449
2688111
2278111
5578833
5773330
5579999

7777449
8704449
8886211
5586211
5666211
5533220
3339999

6555889
6505789
6667788
2222744
2333744
1113340
1119999

2277779
2807449
2888444
2558111
6533111
6553330
6669999

1155889
1105689
1155688
7266644
7222244
7733340
7339999

7555889
7505839
7728833
7422223
6441113
6441110
6669999

7555889
7505839
7728833
7422223
4461113
4461110
6669999

1177779
1107839
1188833
2286663
2554463
2544460
2559999

1177779
1107869
1188863
2286663
2554433
2544430
2559999

1155449
1105449
1155743
2277773
2666833
2688830
2689999

1177779
1107559
1144453
2244553
2666833
2688830
2689999

7777559
6703359
6333554
6668844
2222844
1112880
1119999

1166629
1107629
1177623
5557223
5457833
4488830
4489999

1155889
1105689
1155688
2222666
2337777
4433370
4449999

1155889
1105689
1155688
2222666
2777733
4473330
4449999

2222889
4402839
4448833
7777113
6575113
6555110
6669999

2222889
4402839
4448833
7666113
7556113
7756110
7559999

4445559
4405859
6667888
6277778
6222233
1113330
1119999

6667559
6407759
6447553
2447883
2222833
1118830
1119999

2222889
1102839
1168833
1165553
6665753
4477770
4449999

6667559
6407759
6447558
2447888
2222833
1113330
1119999

2277779
2807119
2888113
2558113
6544433
6554430
6669999

1177779
1105759
1135552
8832222
6833444
6883440
6669999

1177779
1105759
1185552
8882222
8466633
4463330
4469999

1177779
1107449
1133444
3338555
6888525
6822220
6669999

7777449
8702449
8882545
1182555
1162233
1163330
6669999

2255119
2605119
2655113
2666883
7777833
4478830
4449999

2255119
2605119
2655118
2666888
7777833
4473330
4449999

1177779
1107339
1133386
5558886
5458666
4422220
4429999

1177779
1107339
1133355
6664445
6884455
6822220
8829999

1177779
1105759
1185556
8883336
8433666
4422220
4429999

1177779
1107339
1133355
8822225
6824455
6884440
6669999

1177779
1107439
1184433
8884463
8222263
5256660
5559999

1177779
1104739
1184433
8884463
8222263
5256660
5559999

2556669
2508869
2558763
2288773
1144733
1144730
1149999

2556669
2504469
2554463
2274883
1177833
1178830
1179999

2556669
2504469
2554468
2274888
1177833
1173330
1179999

2666119
2604119
2644118
2244888
7777833
5753330
5559999

2555119
2505119
2666118
2276888
4776833
4473330
4479999

2666119
2604119
2644113
2244883
7777833
5758830
5559999

2222889
4402839
4448833
1177773
1165753
1165550
6669999

2555119
2505119
2666113
2276883
4776833
4478830
4479999

1122229
1103729
1133744
8837744
6835754
6885550
6669999

1122229
1104429
1144455
8877775
6833755
6883330
6669999

1122229
1104729
1144755
8844775
6833755
6883330
6669999

6555119
6505119
6662118
2222888
7777833
4473330
4449999

6555119
6505119
6662113
2222883
7777833
4478830
4449999

4455119
4405119
4355116
3377776
3887666
3822220
8829999

1177779
1105759
1125553
8822223
6844433
6884430
6669999

1155889
1105789
1155788
3337744
6233744
6222240
6669999

6555889
6505839
6668833
2277773
2117443
2114440
2119999

7555229
7505249
7788244
7118244
6118833
6113330
6669999

6555889
6505839
6668833
7777443
1174443
1122220
1129999

6664479
6804479
6888477
3338575
1133555
1122220
1129999

6665559
6805759
6888774
3338744
1133744
1122220
1129999

2222119
5502119
5666118
5576888
4776833
4473330
4479999

2222119
5502119
5666113
5576883
4776833
4478830
4479999

7555629
7505629
7766623
7444223
1144833
1188830
1189999

7777119
8706119
8886113
2286663
2554433
2544430
2559999

4446119
4406119
2666118
2222888
7777833
5753330
5559999

4422229
4408829
3411855
3311885
6311755
6377770
6669999

4446119
4406119
2666113
2222883
7777833
5758830
5559999

7777229
8701129
8881126
4481126
4433666
5453330
5559999

7555229
7505829
7788823
7481123
4461133
4461130
6669999

7555229
7505829
7788823
7481123
6441133
6441130
6669999

