2222889
3302689
7333688
7766611
7554411
7544411
0559999

6555889
6505789
6667788
2222711
4442711
4433311
0339999

6662279
6505279
6555277
3111274
3111844
3388844
0389999

6555449
6505449
6668847
3111877
3111887
3322227
0329999

6555889
6505789
6667788
3111744
3111744
3322224
0329999

4445559
4405759
2687777
2688811
2666811
2233311
0339999

4455889
4405689
7455688
7766611
7222211
7233311
0339999

6555889
6505789
6667788
2222711
2333711
4443311
0449999

4441119
4401119
2255588
2753586
2773886
2733666
0739999

4441119
4401119
2233355
2666335
2688755
2687777
0889999

4441119
4401119
2555666
2575886
2777786
2233388
0339999

8877779
6805759
6885552
6661112
4441112
4433322
0339999

2551119
2501119
2558666
2278886
4473386
4477333
0479999

2551119
2501119
2557777
2233786
3338886
4448666
0449999

2551119
2501119
2553666
2273886
4473386
4477388
0479999

2556669
2506889
2556811
2278811
4473311
4477333
0479999

4441119
4401119
6662222
6882755
6877775
8833355
0339999

6661119
6801119
6888557
3338577
4433557
4422227
0429999

6661119
6701119
6755444
3775844
3755888
3322228
0329999

6661119
6801119
6888557
3448577
3444557
3322227
0329999

4445559
4405859
2288811
2783611
2773611
2733666
0739999

6661119
6701119
6755442
3775442
3755842
3388822
0389999

4441119
4401119
6665552
6885752
6877772
8833322
0339999

6661119
6801119
6888442
5578442
5777742
5533322
0339999

6665559
6305759
6388711
3387711
3882711
4442222
0449999

1155889
1105389
1155388
2222336
2777736
4447666
0449999

4441119
4401119
2222666
5572886
5777786
5533388
0339999

2222889
1102839
1168833
1165553
6665753
4447777
0449999

2222889
1102389
1163388
1163555
6663575
4447777
0449999

7777449
8704449
8886112
5586112
5666112
5533322
0339999

1144439
1104439
1188337
6668377
6558827
6522227
0559999

1177779
1107339
1133322
6668842
6558442
6588442
0559999

4445559
4405759
3337722
1133762
1188762
1186662
0889999

6555889
6505879
6668872
1144772
1144472
1133322
0339999

6664449
6804479
6888772
1158572
1155572
1133322
0339999

6664449
6804439
6888337
1128377
1125357
1125557
0229999

6555889
6505839
6668833
1124443
1124473
1127777
0229999

6555889
6505389
6663388
1123444
1123744
1127777
0229999

1122229
1103329
1186333
8886555
8666575
4447777
0449999

4445559
4405759
2117777
2118666
2118886
2233386
0339999

7555119
7505119
7768112
7468882
4466682
4433322
0339999

4446119
4406119
7666112
7735552
7335852
7388822
0389999

4455889
4405689
7455688
7766633
7113332
7112222
0119999

4455889
4405689
7455688
7733666
7113332
7112222
0119999

4333889
4403389
4422788
6662755
6112775
6112755
0119999

2222889
3302689
7333688
7766655
7114445
7114455
0119999

2222889
4402839
4448833
6665553
6115753
6117777
0119999

2222889
4402389
4443388
6663555
6113575
6117777
0119999

