7333889
7703389
7505288
7555211
6444211
6442211
6669999

4333889
4403389
4402288
7777211
6575211
6555211
6669999

4333889
4403389
4402288
7666211
7556211
7756211
7559999

4666889
4406289
4406288
7111255
7111225
7733355
7339999

4333889
4403389
4402788
2222755
6111775
6111755
6669999

7333889
7703389
7505288
7555244
6111244
6111224
6669999

4333889
4403389
4402688
2222611
5566611
5777711
5579999

3222289
3208889
3308447
5356447
5556477
1116667
1119999

3222289
3208889
3308666
5354446
5554476
1117777
1119999

7222289
7208889
7708333
7553311
6544411
6554411
6669999

4333889
4403389
4405588
7777511
6275511
6222211
6669999

7555889
7505489
7704488
7334411
6233311
6222211
6669999

2222449
8802449
3807411
3887611
3377611
5357666
5559999

4445559
4405859
2607888
2677778
2666111
2233111
3339999

7333889
7703389
7505488
7555446
2222446
1112666
1119999

7555239
7505239
7708233
7888223
6844111
6444111
6669999

2222889
4402839
4408837
5456337
5556377
1116667
1119999

3555889
3505689
3307688
2377666
2447111
2447111
2249999

2222889
4402389
4407388
5457336
5557736
1117666
1119999

1122889
1102689
1102688
3332666
5533444
5777744
5579999

1122889
1102689
1102688
5572666
5777744
5533444
3339999

2222889
1102839
1108833
1145553
6445753
6447777
6669999

2222889
1102839
1108833
1176663
5576443
5776444
5579999

2222889
1102389
1103388
1143555
6443575
6447777
6669999

2222889
1102389
1103388
1173666
5573446
5774446
5579999

1177779
1105759
1105552
6668442
6888442
6833422
3339999

1177779
1105759
1105552
6663442
6883442
6833422
8839999

2666119
2603119
2603117
2283377
8885357
8445557
4449999

1122229
1103329
1104333
8844555
6844575
6887777
6669999

1122229
1108829
1108666
4488336
4433376
5457777
5559999

1122229
1104429
1104447
6668557
6888577
6833557
3339999

1122229
1106829
1106888
5576668
5777744
5533444
3339999

1122229
1104429
1104447
6663557
6883577
6833557
8839999

1122229
1106829
1106888
3336668
5533444
5777744
5579999

7555889
7505489
7704488
7114433
6113332
6112222
6669999

7555889
7505389
7703388
7113444
6113442
6112222
6669999

7555889
7505839
7708833
7226663
1126443
1126444
1129999

1177779
1107559
1103356
8333556
8882666
4482222
4449999

7555889
7505389
7703388
7223666
1123446
1124446
1129999

7222289
7208889
7708333
7113355
6114445
6114455
6669999

7222289
7208889
7708344
7113344
6113545
6113555
6669999

7333889
7703389
7505688
7555644
1166644
1122224
1129999

2222889
4402839
4408833
4115553
6115753
6117777
6669999

2222889
4402389
4403388
4113555
6113575
6117777
6669999

7555889
7505849
7708844
7113344
6112333
6112222
6669999

7555889
7505839
7708833
7114443
6112443
6112222
6669999

2222119
8802119
3807114
3887644
3377644
5357666
5559999

3555119
3505119
3307116
8377776
8882666
4482222
4449999

2666889
2601189
2601188
2271155
7777335
4433355
4449999

