4777739
4407339
4488322
1118362
1118862
5556662
5059999

6663229
6803329
6888327
1118327
1114477
5554447
5059999

4777739
4407339
4422388
1112386
1112886
5552666
5059999

6222239
6208839
6667833
1117883
1117744
5557444
5059999

2222449
2704449
7777388
1113386
1113886
5553666
5059999

2222449
2704449
7777333
1113386
1118886
5558666
5059999

2222889
4402389
4447388
1117336
1117736
5557666
5059999

7333889
7703389
7666288
7446211
4446211
5552211
5059999

2222889
4402839
4448837
1116337
1116377
5556667
5059999

7777449
2704449
2222388
1113386
1113886
5553666
5059999

7777449
2704449
2222333
1113386
1118886
5558666
5059999

7333889
7703389
7111488
7111446
2222446
5552666
5059999

6662239
6505239
6555233
7111243
7111844
7788844
7089999

6664449
6505449
6555322
7111332
7111832
7788832
7089999

8877779
6807449
6883444
6663311
2222311
5552311
5059999

6222239
6208839
6668337
4488377
4441117
5551117
5059999

6222289
6208889
6668337
4433377
4441117
5551117
5059999

2551119
2501119
2558666
2278886
4473386
4477333
4079999

2551119
2501119
2553666
2273886
4473386
4477388
4079999

2556669
2506889
2556811
2278811
4473311
4477333
4079999

6661119
6801119
6888557
3338577
4433557
4422227
4029999

6555239
6505239
6668233
7888223
7844111
7744111
7049999

7666239
7706239
7886233
7844223
8844111
5554111
5059999

6665559
6205859
6288844
7283444
7223111
7733111
7039999

2222889
1102839
1168833
1164443
6664473
5557777
5059999

2222889
1102389
1163388
1163444
6663744
5557777
5059999

6222239
6208839
6667833
4477883
4447111
5557111
5059999

6222239
6208839
6667833
4447883
4477111
5557111
5059999

6664449
6505449
6555112
7388112
7338112
7738822
7039999

4445559
4405859
2222888
2376668
3376111
3776111
3079999

4443889
4403689
1133688
1137666
1177772
5552222
5059999

1122229
1103329
1186333
8886444
8666744
5557777
5059999

1155889
1105689
1155688
7366644
7332444
7732222
7039999

2222119
8802119
6833117
6883337
6664477
5554447
5059999

7777889
4701189
4461188
4461133
6663332
5552222
5059999

6664449
6304479
6388772
3381172
3881172
5551122
5059999

