6555889
6505789
6667788
2222711
4332711
4433311
4409999

4333889
4403389
4466688
2222611
5572611
5777711
5509999

4455889
4405689
7455688
7766611
7222211
7333211
3309999

8822229
6803329
6884333
6664411
5574411
5777711
5509999

7333889
7703389
7442288
7446211
5546211
5666211
5509999

7666889
7706389
7446388
7443311
5543211
5222211
5509999

7333559
7703359
7111552
7111442
6668442
6888422
6809999

4333889
4403389
4455788
2657711
2655711
2666711
2209999

4333889
4403389
4466688
2555611
2575611
2777711
2209999

7555889
7505489
7764488
7364411
3366611
3222211
3209999

4447889
4407789
5557688
5357611
3366611
3222211
3209999

3555889
3505489
3364488
7364411
7766611
7222211
7209999

7333889
7703389
7445588
7444511
6665511
6222211
6209999

4333889
4403389
4475588
7777511
6665511
6222211
6209999

6555889
6505489
6664488
7334411
7733311
7222211
7209999

7333889
7703389
7222288
7266611
5544611
5444611
5509999

6555889
6505789
6667788
2222711
2333711
4443311
4409999

4333889
4403389
4411188
2611155
2677775
2666755
2209999

2554449
2504479
2557777
2281116
8881116
8333666
3309999

6661119
6801119
6888447
2558447
2533477
2553337
2209999

6661119
6401119
6447777
2448755
2888335
2833355
2209999

6661119
6301119
6377778
2337888
2535844
2555444
2209999

8877779
6805759
6885552
6661112
4331112
4433322
4409999

8877779
3805759
3885552
3361112
4361112
4466622
4409999

2644439
2604439
2666337
2288377
5581117
5881117
5509999

2551119
2501119
2557777
2284476
8884446
8333666
3309999

2551119
2501119
2556667
2286477
8886447
8333447
3309999

2551119
2501119
2557777
2233786
3338886
4448666
4409999

2551119
2501119
2553337
2233477
6668447
6888447
6809999

2554449
2507449
2557711
2287611
8887611
8333666
3309999

6222289
6208889
6668111
7777111
5573344
5333444
5509999

2222449
3302449
7333411
7755611
7885611
7855666
8809999

6661119
6301119
6388555
7338545
7738844
7222244
7209999

6661119
6801119
6888555
7338545
7733344
7222244
7209999

2222449
8802449
7855411
7885611
7755611
7333666
3309999

2554439
2504439
2554733
2277773
6668111
6888111
6809999

2554439
2504439
2557433
2277773
6668111
6888111
6809999

2666449
2607449
2677545
2287555
8887111
8333111
3309999

4441119
4401119
2222666
2333886
5573386
5777788
5509999

4455239
4405239
4755233
7777223
6668111
6888111
6809999

6665559
6305759
6388711
3387711
3882711
4442222
4409999

7555239
7505239
7744233
7444223
6668111
6888111
6809999

4446239
4406239
7666233
7755223
7885111
7855111
8809999

6665559
6705859
6733888
2773338
2744111
2444111
2209999

4445559
4405859
7777888
2673338
2633111
2666111
2209999

4333889
4403389
4455788
2657777
2655111
2666111
2209999

1155889
1105389
1155388
2222336
2777736
4447666
4409999

7555449
7505449
7766642
7362222
3368111
3888111
3809999

7555449
7505449
7733342
7332222
6668111
6888111
6809999

3555449
3505449
3366642
7362222
7768111
7888111
7809999

7333559
7703359
7444552
7442222
6668111
6888111
6809999

4477779
4407339
8433322
8886112
5586112
5666112
5509999

2222889
1102839
1168833
1165553
6665753
4447777
4409999

2222889
1102389
1163388
1163555
6663575
4447777
4409999

4455889
4405689
4755688
7777666
2222111
2333111
3309999

7555889
7505689
7744688
7444666
2222111
2333111
3309999

2222889
2505689
7555688
7744666
7444111
7333111
3309999

2222889
2505689
7555688
7444666
7744111
7333111
3309999

7333559
7703359
7666552
7886442
1186442
1188422
1109999

4477779
4407119
4333116
3388116
5582666
5882222
5509999

7333889
7703389
7222288
7266655
1164445
1164455
1109999

7333889
7703389
7222288
7255446
1154446
1155666
1109999

7333889
7703389
7222288
7264455
1164445
1166655
1109999

7333889
7703389
7222288
7255666
1154446
1155446
1109999

2554439
2504439
2554337
2268377
1168887
1166687
1109999

2554479
2504479
2554877
2288876
1183336
1133666
1109999

2553449
2503449
2553347
2268377
1168887
1166687
1109999

2556669
2508869
2558367
2288377
1144337
1144437
1109999

4443119
4403119
8833117
2836557
2886577
2666557
2209999

3555119
3505119
3388117
2386477
2886447
2666447
2209999

6667119
6307119
6377118
2337888
2535844
2555444
2209999

2555379
2505379
2883377
2283674
1188644
1166644
1109999

2556669
2508869
2553867
2233887
1134477
1134447
1109999

2555889
2505879
2338877
2233376
1144476
1144666
1109999

1122229
1103329
1186333
8886555
8666575
4447777
4409999

7333889
7703389
7445588
7445666
1145526
1122226
1109999

2555119
2505119
2666117
2286477
8886447
8333447
3309999

8877779
6807559
6883522
6663552
1133442
1134442
1109999

4445559
4405359
8666322
8886332
1186732
1177772
1109999

4477779
4407559
4333522
3368552
1168882
1166682
1109999

6555449
6505449
6668422
3338882
1133782
1177772
1109999

4333889
4403389
4422788
6662755
1162775
1162755
1109999

7333889
7703389
7115588
7115666
4115526
4422226
4409999

6664449
6804439
6888337
2118377
2115357
2115557
2209999

6555889
6505839
6668833
2114443
2114473
2117777
2209999

6555889
6505389
6663388
2113444
2113744
2117777
2209999

7555889
7505689
7711688
7311666
3311444
3222244
3209999

3555889
3505689
3311688
7311666
7711444
7222244
7209999

2222119
8802119
7855114
7885644
7755644
7333666
3309999

2222119
5502119
5666117
5586477
8886447
8333447
3309999

2222119
3302119
8333117
8886477
5586447
5666447
5509999

2222119
3302119
7333114
7755644
7885644
7855666
8809999

4455279
4405279
8455277
8882276
1183336
1133666
1109999

4333889
4403389
4411788
2611755
2611775
2666755
2209999

2222889
5502879
5338877
5533376
1144476
1144666
1109999

2222889
4402839
4448833
6665553
1165753
1167777
1109999

2222379
5502379
5883377
5583674
1188644
1166644
1109999

2222889
4402389
4443388
6663555
1163575
1167777
1109999

8822229
6801129
6881144
6661144
5533374
5337777
5509999

8822229
6801129
6881144
6661144
5573334
5777733
5509999

2551139
2501139
2551133
2277773
6668744
6888444
6809999

2551179
2501179
2551177
2284476
8884446
8333666
3309999

2556669
2501169
2551167
2281177
8884447
8333447
3309999

2554449
2504479
2551177
2281176
8881176
8333666
3309999

