4445559
4405359
1110322
1118332
6888732
6877772
6669999

8822229
6803329
6880333
6664411
5544411
5777711
5579999

8822229
6803329
6880333
6665511
7777511
4475511
4449999

6555889
6505289
6660288
7777211
4472211
4433311
4339999

6555889
6505289
6660288
7444211
7442211
7733311
7339999

4443889
4403389
1110388
1117355
6277775
6222255
6669999

7555889
7505389
7740388
7443311
6443211
6222211
6669999

7333889
7703389
7250588
7255511
6244411
6224411
6669999

4477779
4407889
5450832
5558832
6111332
6111322
6669999

2377779
2307889
2330844
2238844
6111545
6111555
6669999

7777889
4705589
4460588
4465533
6663332
1112222
1119999

2556669
2508869
2550867
2233887
3334477
1114447
1119999

6665559
6305859
6370888
3371118
3771112
4472222
4449999

7333559
7703359
7880552
7861112
8861112
4466622
4449999

2551119
2501119
2550388
2273386
4773886
4473666
4479999

2551119
2501119
2550333
2273386
4778886
4478666
4479999

6555449
6505449
6660847
2388877
2381117
2331117
2239999

6555889
6505789
6660788
2222774
2333744
1113344
1119999

4441119
4401119
8850562
7855562
7886662
7733322
7339999

6665559
6305859
6320888
3322228
3777744
1117444
1119999

6665559
6405859
6440888
2443338
2222733
1117777
1119999

4477779
4407119
5450112
5558112
6888332
6833322
6669999

6222279
6205579
6660577
3335574
1133844
1188844
1189999

2222889
4402689
4430688
7433666
7553111
7753111
7559999

6222279
6205579
6660577
1185574
1188844
1133844
3339999

6555279
6505279
6660277
1182274
1188844
1133844
3339999

1122229
1103329
1140333
8844555
6844575
6887777
6669999

2222889
4402689
4440688
1166655
1177775
1133755
3339999

1122229
1108829
1170855
7777885
6443355
6444333
6669999

1122229
1108829
1170855
7777885
6663355
6444333
6449999

8877779
6807559
6880522
6663552
1133442
1134442
1139999

6555449
6505449
6660347
2288377
2118337
2118837
2119999

6555889
6505789
6660788
3337744
1133744
1122224
1129999

2222119
4402119
4440117
6668557
6888577
6833557
3339999

2222119
4402119
4440117
6663557
6883577
6833557
8839999

7333559
7703359
7220558
7211888
6211844
6211444
6669999

6555279
6505279
6660277
3332274
1133844
1188844
1189999

8822229
6803329
6880333
6667777
1144575
1144555
1149999

