6222289
6208889
6668055
4443335
4433755
1117777
1119999

7777889
6703389
6333088
6665511
2222511
2445511
4449999

7777889
4705589
4465088
4465533
6663332
1112222
1119999

7555449
7505449
7738042
7338882
6311182
6311122
6669999

6661119
6801119
6888044
2358544
2355574
2337777
2239999

4446669
4403369
8333062
8881112
5581112
5777722
5579999

7333889
7703389
7555088
7545111
6442111
6442222
6669999

6667889
6307789
6337088
4437111
4432111
5452222
5559999

6661119
6801119
6888022
7338552
7733352
7444552
7449999

6661119
6801119
6888022
3338442
5533442
5777742
5579999

6661119
6301119
6388022
7338552
7738852
7444552
7449999

6661119
6301119
6388022
3378552
3478852
4477552
4479999

6661119
6301119
6388022
3385552
3885752
4477772
4449999

7333889
7703389
7555088
7525666
4421116
4421116
4229999

6661119
6801119
6888042
3338442
5533442
5777722
5579999

4441119
4401119
8333062
8883362
5586662
5777722
5579999

4441119
4401119
6665052
6885552
6877772
8833722
3339999

7777449
8704449
8886022
5586112
5666112
5533112
3339999

1122449
1102449
1132047
8832557
6833577
6883557
6669999

6222279
6205579
6665077
3335574
1133844
1188844
1189999

1177779
1107559
1186052
8886552
8336662
4433322
4449999

6222279
6205579
6665077
1185574
1188844
1133844
3339999

1177779
1107559
1186052
8886552
8666332
4433322
4449999

7333889
7703389
7442088
7442222
6545111
6555111
6669999

2277779
2505739
2555033
2114883
6114483
6114488
6669999

