6665559
6305759
6388704
3387744
3882744
1112222
1119999

6222289
6208889
6668505
7111555
7111444
7733344
7339999

6665559
6305859
6388802
3382222
3777744
1117444
1119999

7555449
7505449
7738402
7338882
6311182
6311122
6669999

6665559
6805259
6888207
4448277
4433227
1113337
1119999

4445559
4405259
6668207
6888277
6833227
1113337
1119999

3222289
3208889
3358507
4355577
4461117
4461117
6669999

6664449
6505449
6555807
2388877
2381117
2331117
2239999

6661119
6801119
6888402
3338442
5533442
5777722
5579999

4477779
4407339
8433302
8882222
6585111
6555111
6669999

1122449
1102449
1132407
8832557
6833577
6883557
6669999

7222289
7208889
7738505
7433555
4463111
4463111
6669999

7222289
7208889
7738505
7433555
6443111
6443111
6669999

7222289
7208889
7738505
7334555
6344111
6344111
6669999

2222449
2704449
7777505
6663555
6883111
6833111
8839999

2222449
2704449
7777505
6668555
6888111
6833111
3339999

1177779
1107559
1186502
8886552
8336662
4433322
4449999

1177779
1107559
1186502
8886552
8666332
4433322
4449999

2556669
2506889
2556804
2278844
1173344
1177333
1179999

7777449
2704449
2222505
6668555
6888111
6833111
3339999

7777449
2704449
2222505
6663555
6883111
6833111
8839999

1122229
1104429
1134407
8834557
6833577
6883557
6669999

1122229
1104429
1144407
6668557
6888577
6833557
3339999

1122229
1104429
1144407
6663557
6883577
6833557
8839999

1177779
1107339
1133304
8855544
6852544
6882222
6669999

6664449
6505449
6555307
2288377
2118337
2118837
2119999

6665559
6705359
6711302
7711332
4711832
4488822
4489999

