2222449
3302449
8333740
8887711
6585711
6555711
6669999

6665559
6805259
6888230
1118233
1117223
4477773
4449999

6555329
6505329
6663320
1113822
1117888
4477778
4449999

4445559
4405759
1117730
1118733
6888723
6822223
6669999

8822229
3804429
3884440
3355511
6357511
6777711
6669999

4446669
4406889
1116830
1118833
5522223
5777723
5579999

6665559
6305759
6388740
3387744
3882744
1112222
1119999

8877779
3805759
3885550
3344411
6344211
6222211
6669999

2333559
2803359
2888550
2278611
7777611
4466611
4449999

2556669
2508869
2558760
2288711
4447711
4433711
3339999

2556669
2508869
2558760
2288711
3337711
4433711
4449999

6555889
6505839
6668830
2111334
2111344
2777744
2279999

4446669
4408869
2558760
2588711
2557711
2233711
3339999

2388449
2308449
2338840
2237777
6111575
6111555
6669999

2377779
2305759
2335550
2238844
6111844
6111884
6669999

7777449
8704449
8886220
5586211
5666211
5533211
3339999

2333559
2803359
2888550
2278666
7777446
1114446
1119999

2556669
2506889
2556830
2278833
7777443
1114443
1119999

3777729
3307829
6388820
6385522
6665444
1115544
1119999

6555889
6505839
6668830
2211133
2411173
2447777
2449999

4477779
4405759
4335550
2233311
2666811
2688811
2689999

2277779
2505739
2555330
2488311
6448311
6448811
6669999

2277779
2505739
2555330
2488311
4468311
4468811
6669999

7777449
8704449
8881110
2281116
2553336
2533666
2559999

4422229
4408629
4888630
7866633
7551113
7751113
7559999

7777559
6703359
6333550
6662884
2222844
1118844
1119999

7222289
7208889
7758530
7455533
4461113
4461113
6669999

7222289
7208889
7758530
7455533
6441113
6441113
6669999

7777559
2703359
2333550
2881116
2281116
4488666
4449999

2333559
2803359
2888550
2278666
4771116
4471116
4479999

2556669
2506889
2556830
2278833
4771113
4471113
4479999

2551119
2501119
2553330
2276833
4776888
4476668
4479999

2551119
2501119
2558830
2276833
4776883
4476663
4479999

2222449
2505449
6555840
6333888
6663378
1117777
1119999

4477779
4408729
4888320
5853326
5553226
1113666
1119999

8877779
3805759
3885550
3322666
4321116
4421116
4429999

6661119
6301119
6322220
3328444
3888744
5857777
5559999

2556669
2506889
2556380
2273388
4773111
4473111
4479999

4445559
4405859
2688870
2687777
2666111
2233111
3339999

7777559
6703359
6333550
6668844
2222844
1112884
1119999

1122449
1102449
1132740
8832755
6833775
6883755
6669999

1177779
1107229
1188420
5584426
5884426
5533666
3339999

8877779
6805759
6885550
6662222
4442111
4433111
3339999

8877779
6805759
6885550
6662222
3332111
4433111
4449999

1144429
1104429
1133320
7336822
7556888
7756668
7559999

1177779
1107889
1166680
2365588
2365444
2335544
2239999

6222279
6205579
6665770
3335574
1133844
1188844
1189999

2222449
3302449
8333470
8887777
6585111
6555111
6669999

2222449
3302449
8333740
8887777
6585111
6555111
6669999

7777119
8706119
8886110
5586664
5222244
5533244
3339999

2222119
2403119
4433110
4438666
5538886
5777786
5579999

2222119
2505119
7555110
7733386
7338886
7448666
4449999

8877779
6805759
6885550
6663444
1133442
1132222
1139999

6222279
6205579
6665770
1185574
1188844
1133844
3339999

2277779
2307889
2344480
2334488
6535111
6555111
6669999

2556669
2506889
2556840
2278844
1173344
1177333
1179999

4442119
4402119
6662110
6882255
6877775
8833755
3339999

2556669
2508869
2553860
2273884
1173344
1177344
1179999

2556669
2506889
2556830
2278833
1174443
1177443
1179999

2556669
2506889
2556830
2278833
1177443
1174443
1179999

1177779
1105759
1135550
8832222
6833442
6883444
6669999

2333559
2803359
2888550
2278666
1174446
1177446
1179999

6555119
6505119
6668110
2888334
2833344
2777744
2279999

2333559
2803359
2888550
2278446
1174446
1177666
1179999

2333559
2803359
2888550
2278666
1177446
1174446
1179999

1122229
1104429
1134440
8837777
6833575
6883555
6669999

2555119
2505119
2333110
2273386
4778886
4478666
4479999

6555119
6505119
6667110
8777733
8883332
4482222
4449999

1177779
1107869
1188860
5586664
5222244
5533244
3339999

8822119
6802119
6882110
6662334
5533344
5777744
5579999

1177779
1107229
1144230
8844233
6845253
6885553
6669999

8822119
6802119
6882110
6662755
4477775
4433355
4339999

1155229
1105239
1155230
8844233
6844473
6887777
6669999

7333559
7703359
7666550
7226884
1126844
1128844
1129999

4455119
4405119
7455110
7733666
7883336
7822226
8829999

1177779
1107889
1166680
4463388
4462333
5452222
5559999

1177779
1107339
1133340
8855544
6852544
6882222
6669999

4477779
4405759
4335550
2233386
2118886
2118666
2119999

6555889
6505839
6668830
2244433
2114473
2117777
2119999

1155449
1105449
1155840
7777888
6273338
6222233
6669999

4442119
4402119
6662110
6322555
6388575
3387777
3889999

6665559
6805759
6888770
3338744
1133744
1122224
1129999

4446119
4406119
8666110
8882222
5583332
5777733
5579999

2222119
4402119
4448110
5578886
5777786
5533666
3339999

2222119
6802119
6888110
6668334
5533344
5777744
5579999

2222119
6802119
6888110
6668755
4477775
4433355
4339999

2222119
5502119
5333110
5573386
4778886
4478666
4479999

2222119
3302119
8333110
8887777
6585744
6555444
6669999

7333559
7703359
7211550
7211884
6211844
6228844
6669999

8822229
6804429
6884440
6663555
1133575
1137777
1139999

8822229
6801129
6881130
6661133
7777443
5754443
5559999

4446229
4406279
8666270
8883277
1183575
1133555
1139999

