4466679
4408679
4888677
0833575
3332555
1112222
1119999

4466679
4403679
4883677
0833575
8832555
1112222
1119999

4443889
4403389
7777388
0575311
6555211
6222211
6669999

6667559
6207759
6237558
0237888
2233844
1113444
1119999

6664889
6204489
6234488
0237777
2233575
1113555
1119999

6664449
6204489
6238887
0238557
2233577
1113557
1119999

6665559
6205759
6237777
0238844
2233844
1113884
1119999

6665559
6205759
6287777
0288844
2233844
1113334
1119999

6555889
6505839
6668837
0111337
4111377
4422227
4429999

3555889
3505879
3368872
0364772
6664472
1114422
1119999

6555889
6505879
6668872
0333772
3344472
1114422
1119999

3222289
3208889
3348666
0344611
5544611
5777711
5579999

4443889
4403689
5533688
0537666
5577772
1112222
1119999

6555889
6505849
6668844
0333744
3377772
1112222
1119999

6555889
6505849
6668844
0733344
7777332
1112222
1119999

6555889
6505879
6668872
0333772
3311172
4411122
4449999

3555889
3505789
3362788
0362774
6662744
1112244
1119999

3555889
3505789
3347788
0344711
6244711
6222211
6669999

4466639
4408639
4888633
0871113
5571112
5772222
5579999

6668849
6308449
6388442
0331112
5531112
5777722
5579999

3222289
3208889
3358511
0355511
6444711
6447777
6669999

6661119
6701119
6755322
0775332
4755832
4488832
4489999

3555889
3505689
3322688
0372666
4772111
4472111
4479999

6661119
6301119
6388442
0338442
5538842
5777722
5579999

4441119
4401119
7777832
0788832
6585332
6555322
6669999

6661119
6801119
6888442
0338442
5533342
5777722
5579999

2222889
4402839
4468833
0465553
6665753
1117777
1119999

2222889
4402389
4463388
0463555
6663575
1117777
1119999

4441119
4401119
2222666
0332886
5533386
5777788
5579999

4422889
4402689
4732688
0732666
7733111
5753111
5559999

6664449
6307449
6377772
0335552
1135852
1188822
1189999

4422229
4403829
4733888
0736668
7736111
5756111
5559999

4422229
4406829
4736888
0736668
7733111
5753111
5559999

3222289
3208889
3358544
0355544
1166674
1167777
1169999

3555119
3505119
3388112
0382222
6887444
6777744
6669999

1122229
1107829
1137888
0337748
6357544
6355544
6669999

6664449
6804439
6888337
0228377
1125357
1125557
1129999

6555889
6505839
6668833
0224443
1124473
1127777
1129999

6555119
6505119
6668117
0888337
4833377
4422227
4429999

6555889
6505389
6663388
0223444
1123744
1127777
1129999

4333889
4403389
4422788
0112755
6112775
6112755
6669999

3555119
3505119
3388112
0384442
6887442
6777722
6669999

2222889
4402839
4448833
0115553
6115753
6117777
6669999

6665559
6305459
6388447
0338447
1138877
1122227
1129999

2222889
4402389
4443388
0113555
6113575
6117777
6669999

6555889
6505839
6668837
0444337
1144377
1122227
1129999

6665559
6805459
6888447
0338447
1133377
1122227
1129999

3555889
3505789
3311788
0311774
6211744
6222244
6669999

4422229
4401129
4731188
0731186
7733886
5753666
5559999

7777889
3701189
3321188
0321155
6324445
6224455
6669999

