4422229
4403329
4333666
7088611
7558611
7758811
7559999

7555889
7505839
7768833
7064443
6662443
1112222
1119999

7555889
7505849
7768844
7063344
6662333
1112222
1119999

7333889
7703389
7554488
7054411
6554211
6222211
6669999

7222289
7208889
7768333
7063355
6664445
1114455
1119999

6222239
6208839
6667833
5057883
5557744
1117444
1119999

7222289
7208889
7768344
7063344
6663545
1113555
1119999

7555889
7505839
7728833
7022223
6111443
6111444
6669999

4777739
4407339
4422388
5052386
5552886
1112666
1119999

4777739
4407339
4488322
5058362
5558862
1116662
1119999

4443889
4403689
5533688
5037666
5577772
1112222
1119999

7555889
7505489
7764488
7064433
6663332
1112222
1119999

7555889
7505389
7763388
7063444
6663442
1112222
1119999

7555639
7505639
7766633
7081113
8881112
8442222
4449999

6663229
6803329
6888327
5058327
5554477
1114447
1119999

7222289
7208889
7758511
7055511
6443311
6444333
6669999

7222289
7208889
7758511
7055511
6663311
6444333
6449999

2222449
2704449
7777388
5053386
5553886
1113666
1119999

2222449
2505449
6555347
6088377
6668337
1118837
1119999

2222449
2704449
7777333
5053386
5558886
1118666
1119999

2222449
2304449
3388557
3086577
3886557
1116667
1119999

2222449
2304449
3388666
3085556
3885756
1117777
1119999

4441119
4401119
2222333
2073386
5578886
5778666
5579999

4441119
4401119
2222388
2073386
5573886
5773666
5579999

6555239
6505239
6667233
8077223
8887111
4487111
4449999

2222889
4402839
4448837
5056337
5556377
1116667
1119999

2222889
4402839
4468833
4065553
6665753
1117777
1119999

2222889
4402389
4447388
5057336
5557736
1117666
1119999

2222889
4402389
4463388
4063555
6663575
1117777
1119999

1155889
1105689
1155688
7033666
7743332
7442222
7449999

1155889
1105689
1155688
7066633
7743332
7442222
7449999

7222239
7208839
7744833
7044883
6545111
6555111
6669999

7777449
2704449
2222388
5053386
5553886
1113666
1119999

7777449
2704449
2222333
5053386
5558886
1118666
1119999

7555119
7505119
7732118
7032888
6332844
6322444
6669999

7555119
7505119
7788112
7082222
6883344
6333444
6669999

1122229
1103329
1144333
7044486
7558886
7758666
7559999

1122229
1104429
1134488
7033486
7553886
7753666
7559999

7555119
7505119
7738112
7038882
6334482
6344422
6669999

7555119
7505119
7768112
7068882
4466682
4433322
4339999

4445559
4405359
2222388
2073386
1173886
1177666
1179999

4443889
4403389
2222388
2075356
1175556
1177666
1179999

7555119
7505119
7733116
7083336
8882666
8442222
4449999

